   1   1   1     0.91510462
   2   1   1     0.74472371
   3   1   1     0.75954779
   4   1   1     0.74472371
   5   1   1     0.74738510
   6   1   1     0.75939525
   7   1   1     0.76137591
   8   1   1     0.75682979
   9   1   1     0.76132411
  10   1   1     0.75718792
  11   1   1     0.76022812
  12   1   1     0.75718792
  13   1   1     0.74738510
  14   1   1     0.75682979
  15   1   1     0.76137591
  16   1   1     0.75939525


   1   1   1     0.91320509
   2   1   1     0.74349682
   3   1   1     0.75756724
   4   1   1     0.74349682
   5   1   1     0.74837610
   6   1   1     0.75718368
   7   1   1     0.75912800
   8   1   1     0.75948387
   9   1   1     0.76082805
  10   1   1     0.76158248
  11   1   1     0.75989772
  12   1   1     0.76158248
  13   1   1     0.74837610
  14   1   1     0.75948387
  15   1   1     0.75912800
  16   1   1     0.75718368


   1   1   1     0.91125646
   2   1   1     0.74375925
   3   1   1     0.75503464
   4   1   1     0.74375925
   5   1   1     0.74680085
   6   1   1     0.75866587
   7   1   1     0.76159968
   8   1   1     0.75997005
   9   1   1     0.75837423
  10   1   1     0.76045172
  11   1   1     0.76283984
  12   1   1     0.76045172
  13   1   1     0.74680085
  14   1   1     0.75997005
  15   1   1     0.76159968
  16   1   1     0.75866587


   1   1   1     0.91532871
   2   1   1     0.74530466
   3   1   1     0.75861918
   4   1   1     0.74530466
   5   1   1     0.74572474
   6   1   1     0.75949632
   7   1   1     0.75923459
   8   1   1     0.76031854
   9   1   1     0.76153889
  10   1   1     0.75815988
  11   1   1     0.75803574
  12   1   1     0.75815988
  13   1   1     0.74572474
  14   1   1     0.76031854
  15   1   1     0.75923459
  16   1   1     0.75949632


   1   1   1     0.91101182
   2   1   1     0.74517388
   3   1   1     0.75747132
   4   1   1     0.74517388
   5   1   1     0.74685314
   6   1   1     0.75777884
   7   1   1     0.75967418
   8   1   1     0.76018173
   9   1   1     0.75925470
  10   1   1     0.75877130
  11   1   1     0.76539601
  12   1   1     0.75877130
  13   1   1     0.74685314
  14   1   1     0.76018173
  15   1   1     0.75967418
  16   1   1     0.75777884


