   1     0.00000000     0.62617154     0.00000000
   2     0.00000000    -0.14376510     0.00000000
   3     0.00000000     0.01018175     0.00000000
   4     0.00000000    -0.14376510     0.00000000
   5     0.00000000    -0.11975669     0.00000000
   6     0.00000000     0.01966227     0.00000000
   7     0.00000000    -0.01608616     0.00000000
   8     0.00000000     0.16950562     0.00000000
   9     0.00000000     0.00946660     0.00000000
  10     0.00000000     0.00843309     0.00000000
  11     0.00000000     0.00474311     0.00000000
  12     0.00000000     0.00843309     0.00000000
  13     0.00000000    -0.11975669     0.00000000
  14     0.00000000     0.16950562     0.00000000
  15     0.00000000    -0.01608616     0.00000000
  16     0.00000000     0.01966227     0.00000000


   1     0.00000000     0.62759618     0.00000000
   2     0.00000000    -0.16765046     0.00000000
   3     0.00000000    -0.01546809     0.00000000
   4     0.00000000    -0.16765046     0.00000000
   5     0.00000000    -0.06701191     0.00000000
   6     0.00000000     0.00494641     0.00000000
   7     0.00000000    -0.00471009     0.00000000
   8     0.00000000     0.00580678     0.00000000
   9     0.00000000     0.00692321     0.00000000
  10     0.00000000    -0.03323837     0.00000000
  11     0.00000000    -0.02141890     0.00000000
  12     0.00000000    -0.03323837     0.00000000
  13     0.00000000    -0.06701191     0.00000000
  14     0.00000000     0.00580678     0.00000000
  15     0.00000000    -0.00471009     0.00000000
  16     0.00000000     0.00494641     0.00000000


   1     0.00000000     0.62905765     0.00000000
   2     0.00000000    -0.18796342     0.00000000
   3     0.00000000    -0.00833346     0.00000000
   4     0.00000000    -0.18796342     0.00000000
   5     0.00000000    -0.19015709     0.00000000
   6     0.00000000     0.01730991     0.00000000
   7     0.00000000    -0.04556227     0.00000000
   8     0.00000000     0.00289025     0.00000000
   9     0.00000000     0.36076331     0.00000000
  10     0.00000000    -0.01471491     0.00000000
  11     0.00000000     0.00541847     0.00000000
  12     0.00000000    -0.01471491     0.00000000
  13     0.00000000    -0.19015709     0.00000000
  14     0.00000000     0.00289025     0.00000000
  15     0.00000000    -0.04556227     0.00000000
  16     0.00000000     0.01730991     0.00000000


   1     0.00000000     0.62600347     0.00000000
   2     0.00000000    -0.23315643     0.00000000
   3     0.00000000     0.00184202     0.00000000
   4     0.00000000    -0.23315643     0.00000000
   5     0.00000000    -0.10909856     0.00000000
   6     0.00000000     0.09220582     0.00000000
   7     0.00000000    -0.01965137     0.00000000
   8     0.00000000    -0.01115252     0.00000000
   9     0.00000000     0.00099553     0.00000000
  10     0.00000000    -0.01799405     0.00000000
  11     0.00000000    -0.00862442     0.00000000
  12     0.00000000    -0.01799405     0.00000000
  13     0.00000000    -0.10909856     0.00000000
  14     0.00000000    -0.01115252     0.00000000
  15     0.00000000    -0.01965137     0.00000000
  16     0.00000000     0.09220582     0.00000000


   1     0.00000000     0.62924114     0.00000000
   2     0.00000000    -0.09884916     0.00000000
   3     0.00000000     0.01434532     0.00000000
   4     0.00000000    -0.09884916     0.00000000
   5     0.00000000    -0.11531669     0.00000000
   6     0.00000000     0.03146786     0.00000000
   7     0.00000000    -0.03043726     0.00000000
   8     0.00000000     0.01575313     0.00000000
   9     0.00000000     0.01926117     0.00000000
  10     0.00000000    -0.02020083     0.00000000
  11     0.00000000     0.01909782     0.00000000
  12     0.00000000    -0.02020083     0.00000000
  13     0.00000000    -0.11531669     0.00000000
  14     0.00000000     0.01575313     0.00000000
  15     0.00000000    -0.03043726     0.00000000
  16     0.00000000     0.03146786     0.00000000


