   1   1   1     0.20872385
   2   1   1    -0.05727091
   3   1   1     0.00643366
   4   1   1    -0.05727091
   5   1   1    -0.03640897
   6   1   1     0.00703161
   7   1   1    -0.01674391
   8   1   1     0.00572794
   9   1   1    -0.00841323
  10   1   1    -0.00419655
  11   1   1    -0.00302268
  12   1   1    -0.00419655
  13   1   1    -0.03640897
  14   1   1     0.00572794
  15   1   1    -0.01674391
  16   1   1     0.00703161


   1   1   1     0.20919873
   2   1   1    -0.05953604
   3   1   1     0.00843895
   4   1   1    -0.05953604
   5   1   1    -0.03790790
   6   1   1     0.00953715
   7   1   1    -0.01225130
   8   1   1    -0.00504570
   9   1   1     0.01178964
  10   1   1    -0.00644124
  11   1   1    -0.00613726
  12   1   1    -0.00644124
  13   1   1    -0.03790790
  14   1   1    -0.00504570
  15   1   1    -0.01225130
  16   1   1     0.00953715


   1   1   1     0.20968588
   2   1   1    -0.05618073
   3   1   1    -0.00469274
   4   1   1    -0.05618073
   5   1   1    -0.04230396
   6   1   1     0.01725230
   7   1   1    -0.02149272
   8   1   1     0.00396606
   9   1   1     0.00710536
  10   1   1    -0.01314869
  11   1   1     0.01171697
  12   1   1    -0.01314869
  13   1   1    -0.04230396
  14   1   1     0.00396606
  15   1   1    -0.02149272
  16   1   1     0.01725230


   1   1   1     0.20866782
   2   1   1    -0.05391598
   3   1   1     0.00130408
   4   1   1    -0.05391598
   5   1   1    -0.04518660
   6   1   1     0.00978380
   7   1   1    -0.01560493
   8   1   1    -0.00148371
   9   1   1     0.00612892
  10   1   1     0.00225346
  11   1   1    -0.00779289
  12   1   1     0.00225346
  13   1   1    -0.04518660
  14   1   1    -0.00148371
  15   1   1    -0.01560493
  16   1   1     0.00978380


   1   1   1     0.20974705
   2   1   1    -0.06441444
   3   1   1     0.01345082
   4   1   1    -0.06441444
   5   1   1    -0.05145399
   6   1   1     0.02475714
   7   1   1    -0.03138911
   8   1   1     0.00997366
   9   1   1     0.01758545
  10   1   1    -0.01864310
  11   1   1     0.02155637
  12   1   1    -0.01864310
  13   1   1    -0.05145399
  14   1   1     0.00997366
  15   1   1    -0.03138911
  16   1   1     0.02475714


