   1     0.00000000     0.01363861     0.00000000
   2     0.00000000     0.07677914     0.00000000
   3     0.00000000     0.15751620     0.00000000
   4     0.00000000     0.22274224     0.00000000
   5     0.00000000     0.28111396     0.00000000
   6     0.00000000     0.34445827     0.00000000
   7     0.00000000     0.40935400     0.00000000
   8     0.00000000     0.47726016     0.00000000
   9     0.00000000     0.46998020     0.00000000
  10     0.00000000     0.47726016     0.00000000
  11     0.00000000     0.40935400     0.00000000
  12     0.00000000     0.34445827     0.00000000
  13     0.00000000     0.28111396     0.00000000
  14     0.00000000     0.22274224     0.00000000
  15     0.00000000     0.15751620     0.00000000
  16     0.00000000     0.07677914     0.00000000
  17     0.00000000     0.42681630     0.00000000
  18     0.00000000     0.41891155     0.00000000
  19     0.00000000     0.40733495     0.00000000
  20     0.00000000     0.39802262     0.00000000
  21     0.00000000     0.44338748     0.00000000
  22     0.00000000     0.50027931     0.00000000
  23     0.00000000     0.54722982     0.00000000
  24     0.00000000     0.54492506     0.00000000
  25     0.00000000     0.52886393     0.00000000
  26     0.00000000     0.53663364     0.00000000
  27     0.00000000     0.55585409     0.00000000
  28     0.00000000     0.50812798     0.00000000
  29     0.00000000     0.44094267     0.00000000
  30     0.00000000     0.39700564     0.00000000
  31     0.00000000     0.40878841     0.00000000
  32     0.00000000     0.41976240     0.00000000
  33     0.00000000     0.39520866     0.00000000
  34     0.00000000     0.48770488     0.00000000
  35     0.00000000     0.58354087     0.00000000
  36     0.00000000     0.68609230     0.00000000
  37     0.00000000     0.79415768     0.00000000
  38     0.00000000     0.87920532     0.00000000
  39     0.00000000     0.98445136     0.00000000
  40     0.00000000     1.13021767     0.00000000
  41     0.00000000     1.08752282     0.00000000
  42     0.00000000     1.13021767     0.00000000
  43     0.00000000     0.98445136     0.00000000
  44     0.00000000     0.87920532     0.00000000
  45     0.00000000     0.79415768     0.00000000
  46     0.00000000     0.68609230     0.00000000
  47     0.00000000     0.58354087     0.00000000
  48     0.00000000     0.48770488     0.00000000
  49     0.00000000     0.42681630     0.00000000
  50     0.00000000     0.41976240     0.00000000
  51     0.00000000     0.40878841     0.00000000
  52     0.00000000     0.39700564     0.00000000
  53     0.00000000     0.44094267     0.00000000
  54     0.00000000     0.50812798     0.00000000
  55     0.00000000     0.55585409     0.00000000
  56     0.00000000     0.53663364     0.00000000
  57     0.00000000     0.52886393     0.00000000
  58     0.00000000     0.54492506     0.00000000
  59     0.00000000     0.54722982     0.00000000
  60     0.00000000     0.50027931     0.00000000
  61     0.00000000     0.44338748     0.00000000
  62     0.00000000     0.39802262     0.00000000
  63     0.00000000     0.40733495     0.00000000
  64     0.00000000     0.41891155     0.00000000
