   1   1   1     1.02228046
   2   1   1     0.72710968
   3   1   1     0.75900918
   4   1   1     0.72710968
   5   1   1     0.71660201
   6   1   1     0.75805007
   7   1   1     0.75772824
   8   1   1     0.75964569
   9   1   1     0.75908102
  10   1   1     0.75667615
  11   1   1     0.75800568
  12   1   1     0.75667615
  13   1   1     0.71660201
  14   1   1     0.75964569
  15   1   1     0.75772824
  16   1   1     0.75805007


   1   1   1     1.02164812
   2   1   1     0.72660850
   3   1   1     0.75931372
   4   1   1     0.72660850
   5   1   1     0.71687523
   6   1   1     0.75805024
   7   1   1     0.75781951
   8   1   1     0.75958444
   9   1   1     0.75902955
  10   1   1     0.75714298
  11   1   1     0.75784681
  12   1   1     0.75714298
  13   1   1     0.71687523
  14   1   1     0.75958444
  15   1   1     0.75781951
  16   1   1     0.75805024


   1   1   1     1.02301972
   2   1   1     0.72663311
   3   1   1     0.75933059
   4   1   1     0.72663311
   5   1   1     0.71694196
   6   1   1     0.75803310
   7   1   1     0.75783601
   8   1   1     0.75888177
   9   1   1     0.75881788
  10   1   1     0.75704851
  11   1   1     0.75808287
  12   1   1     0.75704851
  13   1   1     0.71694196
  14   1   1     0.75888177
  15   1   1     0.75783601
  16   1   1     0.75803310


   1   1   1     1.02355625
   2   1   1     0.72673956
   3   1   1     0.75952530
   4   1   1     0.72673956
   5   1   1     0.71603107
   6   1   1     0.75758514
   7   1   1     0.75783827
   8   1   1     0.75896975
   9   1   1     0.75976365
  10   1   1     0.75714611
  11   1   1     0.75853499
  12   1   1     0.75714611
  13   1   1     0.71603107
  14   1   1     0.75896975
  15   1   1     0.75783827
  16   1   1     0.75758514


   1   1   1     1.02310270
   2   1   1     0.72598665
   3   1   1     0.75942885
   4   1   1     0.72598665
   5   1   1     0.71665430
   6   1   1     0.75807964
   7   1   1     0.75773845
   8   1   1     0.75966017
   9   1   1     0.75911293
  10   1   1     0.75703654
  11   1   1     0.75804402
  12   1   1     0.75703654
  13   1   1     0.71665430
  14   1   1     0.75966017
  15   1   1     0.75773845
  16   1   1     0.75807964


