   1   1     0.43930648     0.00000000     0.00896528
   2   1     0.08447862     0.00000000     0.00717156
   3   1     0.00689196     0.00000000     0.00759173
   4   1     0.09656975     0.00000000     0.01136060
   5   1     0.14290422     0.00000000     0.01257669
   6   1     0.01427539     0.00000000     0.00686831
   7   1    -0.06039526     0.00000000     0.02394089
   8   1    -0.01104472     0.00000000     0.00387682
   9   1     0.00541392     0.00000000     0.00675865
  10   1    -0.03098710     0.00000000     0.00672322
  11   1     0.00762765     0.00000000     0.01466966
  12   1    -0.01675714     0.00000000     0.00572923
  13   1     0.10639004     0.00000000     0.01424521
  14   1    -0.04058274     0.00000000     0.02088484
  15   1    -0.00913731     0.00000000     0.01400739
  16   1     0.01746842     0.00000000     0.00513513
  17   1     0.00000000     0.00000000     0.00000000
  18   1     0.00000000     0.00000000     0.00000000
  19   1     0.00000000     0.00000000     0.00000000
  20   1     0.00000000     0.00000000     0.00000000
  21   1     0.00000000     0.00000000     0.00000000
  22   1     0.00000000     0.00000000     0.00000000
  23   1     0.00000000     0.00000000     0.00000000
  24   1     0.00000000     0.00000000     0.00000000
  25   1     0.00000000     0.00000000     0.00000000
  26   1     0.00000000     0.00000000     0.00000000
  27   1     0.00000000     0.00000000     0.00000000
  28   1     0.00000000     0.00000000     0.00000000
  29   1     0.00000000     0.00000000     0.00000000
  30   1     0.00000000     0.00000000     0.00000000
  31   1     0.00000000     0.00000000     0.00000000
  32   1     0.00000000     0.00000000     0.00000000
   1   2     0.09767304     0.00000000     0.00260613
   2   2     0.47139050     0.00000000     0.01566685
   3   2     0.09086368     0.00000000     0.00724396
   4   2    -0.01593358     0.00000000     0.00404195
   5   2     0.00359701     0.00000000     0.00622686
   6   2     0.10170582     0.00000000     0.00281810
   7   2     0.01698245     0.00000000     0.01986630
   8   2    -0.01612641     0.00000000     0.00553131
   9   2    -0.01978541     0.00000000     0.00447612
  10   2    -0.02703171     0.00000000     0.00758111
  11   2    -0.02587765     0.00000000     0.00810860
  12   2     0.02753787     0.00000000     0.00672125
  13   2     0.01927167     0.00000000     0.00482244
  14   2     0.11330372     0.00000000     0.01432806
  15   2    -0.01186945     0.00000000     0.00255858
  16   2    -0.02030118     0.00000000     0.00412432
  17   2     0.00000000     0.00000000     0.00000000
  18   2     0.00000000     0.00000000     0.00000000
  19   2     0.00000000     0.00000000     0.00000000
  20   2     0.00000000     0.00000000     0.00000000
  21   2     0.00000000     0.00000000     0.00000000
  22   2     0.00000000     0.00000000     0.00000000
  23   2     0.00000000     0.00000000     0.00000000
  24   2     0.00000000     0.00000000     0.00000000
  25   2     0.00000000     0.00000000     0.00000000
  26   2     0.00000000     0.00000000     0.00000000
  27   2     0.00000000     0.00000000     0.00000000
  28   2     0.00000000     0.00000000     0.00000000
  29   2     0.00000000     0.00000000     0.00000000
  30   2     0.00000000     0.00000000     0.00000000
  31   2     0.00000000     0.00000000     0.00000000
  32   2     0.00000000     0.00000000     0.00000000
   1   3     0.00189685     0.00000000     0.00901228
   2   3     0.10711160     0.00000000     0.00673650
   3   3     0.43118358     0.00000000     0.01883359
   4   3     0.11397016     0.00000000     0.00478123
   5   3    -0.01527817     0.00000000     0.00556746
   6   3     0.01276617     0.00000000     0.00731684
   7   3     0.12336958     0.00000000     0.00853851
   8   3     0.02057164     0.00000000     0.00337716
   9   3    -0.02897167     0.00000000     0.00843105
  10   3    -0.01484371     0.00000000     0.00233294
  11   3     0.00823908     0.00000000     0.00690516
  12   3    -0.02411169     0.00000000     0.00330836
  13   3    -0.02001663     0.00000000     0.00753043
  14   3     0.03091371     0.00000000     0.00745931
  15   3     0.11977004     0.00000000     0.00580486
  16   3     0.01587130     0.00000000     0.00784162
  17   3     0.00000000     0.00000000     0.00000000
  18   3     0.00000000     0.00000000     0.00000000
  19   3     0.00000000     0.00000000     0.00000000
  20   3     0.00000000     0.00000000     0.00000000
  21   3     0.00000000     0.00000000     0.00000000
  22   3     0.00000000     0.00000000     0.00000000
  23   3     0.00000000     0.00000000     0.00000000
  24   3     0.00000000     0.00000000     0.00000000
  25   3     0.00000000     0.00000000     0.00000000
  26   3     0.00000000     0.00000000     0.00000000
  27   3     0.00000000     0.00000000     0.00000000
  28   3     0.00000000     0.00000000     0.00000000
  29   3     0.00000000     0.00000000     0.00000000
  30   3     0.00000000     0.00000000     0.00000000
  31   3     0.00000000     0.00000000     0.00000000
  32   3     0.00000000     0.00000000     0.00000000
   1   4     0.09026262     0.00000000     0.00940429
   2   4     0.00291328     0.00000000     0.00430698
   3   4     0.10413236     0.00000000     0.01147625
   4   4     0.42295281     0.00000000     0.01293831
   5   4     0.01405074     0.00000000     0.00265915
   6   4    -0.06039372     0.00000000     0.03261971
   7   4     0.00402326     0.00000000     0.01549850
   8   4     0.09683337     0.00000000     0.00629198
   9   4    -0.01475483     0.00000000     0.01226620
  10   4     0.01634153     0.00000000     0.00391015
  11   4    -0.03348531     0.00000000     0.01039348
  12   4    -0.03137414     0.00000000     0.00732913
  13   4     0.01160693     0.00000000     0.00744109
  14   4    -0.02276052     0.00000000     0.01038294
  15   4    -0.00547954     0.00000000     0.00494862
  16   4     0.08756732     0.00000000     0.00698500
  17   4     0.00000000     0.00000000     0.00000000
  18   4     0.00000000     0.00000000     0.00000000
  19   4     0.00000000     0.00000000     0.00000000
  20   4     0.00000000     0.00000000     0.00000000
  21   4     0.00000000     0.00000000     0.00000000
  22   4     0.00000000     0.00000000     0.00000000
  23   4     0.00000000     0.00000000     0.00000000
  24   4     0.00000000     0.00000000     0.00000000
  25   4     0.00000000     0.00000000     0.00000000
  26   4     0.00000000     0.00000000     0.00000000
  27   4     0.00000000     0.00000000     0.00000000
  28   4     0.00000000     0.00000000     0.00000000
  29   4     0.00000000     0.00000000     0.00000000
  30   4     0.00000000     0.00000000     0.00000000
  31   4     0.00000000     0.00000000     0.00000000
  32   4     0.00000000     0.00000000     0.00000000
   1   5     0.15520242     0.00000000     0.01680670
   2   5     0.00422120     0.00000000     0.00287739
   3   5    -0.00491797     0.00000000     0.00804204
   4   5     0.01574418     0.00000000     0.00325935
   5   5     0.45753710     0.00000000     0.01453263
   6   5     0.10101860     0.00000000     0.00839286
   7   5     0.00339210     0.00000000     0.01688176
   8   5     0.08259556     0.00000000     0.00583649
   9   5     0.10340192     0.00000000     0.00693255
  10   5    -0.01478754     0.00000000     0.00450123
  11   5     0.02428643     0.00000000     0.02750276
  12   5    -0.00813167     0.00000000     0.00759592
  13   5     0.00861649     0.00000000     0.01283410
  14   5    -0.04325248     0.00000000     0.01616341
  15   5    -0.01360624     0.00000000     0.03009067
  16   5    -0.02539963     0.00000000     0.00685905
  17   5     0.00000000     0.00000000     0.00000000
  18   5     0.00000000     0.00000000     0.00000000
  19   5     0.00000000     0.00000000     0.00000000
  20   5     0.00000000     0.00000000     0.00000000
  21   5     0.00000000     0.00000000     0.00000000
  22   5     0.00000000     0.00000000     0.00000000
  23   5     0.00000000     0.00000000     0.00000000
  24   5     0.00000000     0.00000000     0.00000000
  25   5     0.00000000     0.00000000     0.00000000
  26   5     0.00000000     0.00000000     0.00000000
  27   5     0.00000000     0.00000000     0.00000000
  28   5     0.00000000     0.00000000     0.00000000
  29   5     0.00000000     0.00000000     0.00000000
  30   5     0.00000000     0.00000000     0.00000000
  31   5     0.00000000     0.00000000     0.00000000
  32   5     0.00000000     0.00000000     0.00000000
   1   6     0.01673385     0.00000000     0.00927238
   2   6     0.10720070     0.00000000     0.00441112
   3   6     0.02630154     0.00000000     0.01583813
   4   6    -0.04660529     0.00000000     0.01933053
   5   6     0.10747640     0.00000000     0.01209553
   6   6     0.44247375     0.00000000     0.00687412
   7   6     0.13936372     0.00000000     0.00822878
   8   6     0.02000327     0.00000000     0.00458443
   9   6     0.03069416     0.00000000     0.00658143
  10   6     0.09938894     0.00000000     0.00658785
  11   6     0.02878890     0.00000000     0.02484715
  12   6    -0.01119978     0.00000000     0.00610775
  13   6    -0.01837975     0.00000000     0.01166576
  14   6     0.01155230     0.00000000     0.00815097
  15   6    -0.02827343     0.00000000     0.01074044
  16   6    -0.05124773     0.00000000     0.01121679
  17   6     0.00000000     0.00000000     0.00000000
  18   6     0.00000000     0.00000000     0.00000000
  19   6     0.00000000     0.00000000     0.00000000
  20   6     0.00000000     0.00000000     0.00000000
  21   6     0.00000000     0.00000000     0.00000000
  22   6     0.00000000     0.00000000     0.00000000
  23   6     0.00000000     0.00000000     0.00000000
  24   6     0.00000000     0.00000000     0.00000000
  25   6     0.00000000     0.00000000     0.00000000
  26   6     0.00000000     0.00000000     0.00000000
  27   6     0.00000000     0.00000000     0.00000000
  28   6     0.00000000     0.00000000     0.00000000
  29   6     0.00000000     0.00000000     0.00000000
  30   6     0.00000000     0.00000000     0.00000000
  31   6     0.00000000     0.00000000     0.00000000
  32   6     0.00000000     0.00000000     0.00000000
   1   7    -0.03399596     0.00000000     0.01736011
   2   7     0.00036559     0.00000000     0.00503240
   3   7     0.12891501     0.00000000     0.00788439
   4   7     0.01177566     0.00000000     0.00520786
   5   7     0.01905984     0.00000000     0.02137541
   6   7     0.11156044     0.00000000     0.00704351
   7   7     0.41393916     0.00000000     0.01762683
   8   7     0.12336488     0.00000000     0.00819621
   9   7    -0.01345261     0.00000000     0.01290271
  10   7    -0.00010821     0.00000000     0.00652228
  11   7     0.08538512     0.00000000     0.00519870
  12   7     0.01556299     0.00000000     0.00452838
  13   7    -0.01225837     0.00000000     0.00591943
  14   7    -0.02146276     0.00000000     0.02470380
  15   7     0.01880359     0.00000000     0.01474844
  16   7    -0.01709880     0.00000000     0.00995793
  17   7     0.00000000     0.00000000     0.00000000
  18   7     0.00000000     0.00000000     0.00000000
  19   7     0.00000000     0.00000000     0.00000000
  20   7     0.00000000     0.00000000     0.00000000
  21   7     0.00000000     0.00000000     0.00000000
  22   7     0.00000000     0.00000000     0.00000000
  23   7     0.00000000     0.00000000     0.00000000
  24   7     0.00000000     0.00000000     0.00000000
  25   7     0.00000000     0.00000000     0.00000000
  26   7     0.00000000     0.00000000     0.00000000
  27   7     0.00000000     0.00000000     0.00000000
  28   7     0.00000000     0.00000000     0.00000000
  29   7     0.00000000     0.00000000     0.00000000
  30   7     0.00000000     0.00000000     0.00000000
  31   7     0.00000000     0.00000000     0.00000000
  32   7     0.00000000     0.00000000     0.00000000
   1   8    -0.00620723     0.00000000     0.00612798
   2   8    -0.02431259     0.00000000     0.00534926
   3   8     0.00750970     0.00000000     0.01439430
   4   8     0.09457984     0.00000000     0.00730511
   5   8     0.08873515     0.00000000     0.00873224
   6   8     0.01798531     0.00000000     0.01709384
   7   8     0.13133296     0.00000000     0.00209819
   8   8     0.43289908     0.00000000     0.00971159
   9   8     0.01280347     0.00000000     0.00910593
  10   8    -0.02550572     0.00000000     0.00498629
  11   8    -0.01725455     0.00000000     0.00678071
  12   8     0.09482549     0.00000000     0.00562327
  13   8    -0.00953650     0.00000000     0.00800348
  14   8    -0.00561905     0.00000000     0.00841700
  15   8    -0.05526749     0.00000000     0.01582945
  16   8     0.01742379     0.00000000     0.00654468
  17   8     0.00000000     0.00000000     0.00000000
  18   8     0.00000000     0.00000000     0.00000000
  19   8     0.00000000     0.00000000     0.00000000
  20   8     0.00000000     0.00000000     0.00000000
  21   8     0.00000000     0.00000000     0.00000000
  22   8     0.00000000     0.00000000     0.00000000
  23   8     0.00000000     0.00000000     0.00000000
  24   8     0.00000000     0.00000000     0.00000000
  25   8     0.00000000     0.00000000     0.00000000
  26   8     0.00000000     0.00000000     0.00000000
  27   8     0.00000000     0.00000000     0.00000000
  28   8     0.00000000     0.00000000     0.00000000
  29   8     0.00000000     0.00000000     0.00000000
  30   8     0.00000000     0.00000000     0.00000000
  31   8     0.00000000     0.00000000     0.00000000
  32   8     0.00000000     0.00000000     0.00000000
   1   9    -0.00763796     0.00000000     0.00878882
   2   9    -0.03954249     0.00000000     0.00639778
   3   9    -0.01565880     0.00000000     0.01553049
   4   9    -0.02257253     0.00000000     0.00384216
   5   9     0.10177826     0.00000000     0.00926646
   6   9     0.03500392     0.00000000     0.03992678
   7   9     0.00237449     0.00000000     0.01442861
   8   9     0.02692272     0.00000000     0.00905083
   9   9     0.43143464     0.00000000     0.01197024
  10   9     0.10870272     0.00000000     0.00605101
  11   9     0.00413841     0.00000000     0.00432473
  12   9     0.09716051     0.00000000     0.00462118
  13   9     0.11351808     0.00000000     0.00695826
  14   9     0.01592849     0.00000000     0.01103387
  15   9    -0.02536329     0.00000000     0.01134495
  16   9     0.00290753     0.00000000     0.00361579
  17   9     0.00000000     0.00000000     0.00000000
  18   9     0.00000000     0.00000000     0.00000000
  19   9     0.00000000     0.00000000     0.00000000
  20   9     0.00000000     0.00000000     0.00000000
  21   9     0.00000000     0.00000000     0.00000000
  22   9     0.00000000     0.00000000     0.00000000
  23   9     0.00000000     0.00000000     0.00000000
  24   9     0.00000000     0.00000000     0.00000000
  25   9     0.00000000     0.00000000     0.00000000
  26   9     0.00000000     0.00000000     0.00000000
  27   9     0.00000000     0.00000000     0.00000000
  28   9     0.00000000     0.00000000     0.00000000
  29   9     0.00000000     0.00000000     0.00000000
  30   9     0.00000000     0.00000000     0.00000000
  31   9     0.00000000     0.00000000     0.00000000
  32   9     0.00000000     0.00000000     0.00000000
   1  10    -0.03358184     0.00000000     0.00914190
   2  10    -0.01953745     0.00000000     0.00430696
   3  10    -0.01646170     0.00000000     0.00588080
   4  10     0.02576405     0.00000000     0.01044166
   5  10    -0.01070120     0.00000000     0.00333439
   6  10     0.10799564     0.00000000     0.00824404
   7  10     0.02110714     0.00000000     0.00798067
   8  10    -0.02210362     0.00000000     0.00932710
   9  10     0.11220788     0.00000000     0.00681211
  10  10     0.41793322     0.00000000     0.01363369
  11  10     0.08932762     0.00000000     0.00364028
  12  10    -0.01843916     0.00000000     0.00550757
  13  10     0.01258487     0.00000000     0.01437633
  14  10     0.08904288     0.00000000     0.00499957
  15  10     0.01455041     0.00000000     0.00746373
  16  10    -0.02397384     0.00000000     0.00870534
  17  10     0.00000000     0.00000000     0.00000000
  18  10     0.00000000     0.00000000     0.00000000
  19  10     0.00000000     0.00000000     0.00000000
  20  10     0.00000000     0.00000000     0.00000000
  21  10     0.00000000     0.00000000     0.00000000
  22  10     0.00000000     0.00000000     0.00000000
  23  10     0.00000000     0.00000000     0.00000000
  24  10     0.00000000     0.00000000     0.00000000
  25  10     0.00000000     0.00000000     0.00000000
  26  10     0.00000000     0.00000000     0.00000000
  27  10     0.00000000     0.00000000     0.00000000
  28  10     0.00000000     0.00000000     0.00000000
  29  10     0.00000000     0.00000000     0.00000000
  30  10     0.00000000     0.00000000     0.00000000
  31  10     0.00000000     0.00000000     0.00000000
  32  10     0.00000000     0.00000000     0.00000000
   1  11    -0.00191793     0.00000000     0.00323433
   2  11    -0.02692269     0.00000000     0.01182820
   3  11     0.00971432     0.00000000     0.01303746
   4  11    -0.01055554     0.00000000     0.01191765
   5  11     0.00069999     0.00000000     0.00859693
   6  11    -0.00251181     0.00000000     0.00585619
   7  11     0.09603255     0.00000000     0.00219745
   8  11    -0.00479236     0.00000000     0.01823517
   9  11     0.00933535     0.00000000     0.00878158
  10  11     0.08945904     0.00000000     0.00436248
  11  11     0.46541243     0.00000000     0.00931717
  12  11     0.09134840     0.00000000     0.00651093
  13  11    -0.03126885     0.00000000     0.00415151
  14  11    -0.00232427     0.00000000     0.01014847
  15  11     0.12933346     0.00000000     0.00531136
  16  11     0.01572132     0.00000000     0.00807931
  17  11     0.00000000     0.00000000     0.00000000
  18  11     0.00000000     0.00000000     0.00000000
  19  11     0.00000000     0.00000000     0.00000000
  20  11     0.00000000     0.00000000     0.00000000
  21  11     0.00000000     0.00000000     0.00000000
  22  11     0.00000000     0.00000000     0.00000000
  23  11     0.00000000     0.00000000     0.00000000
  24  11     0.00000000     0.00000000     0.00000000
  25  11     0.00000000     0.00000000     0.00000000
  26  11     0.00000000     0.00000000     0.00000000
  27  11     0.00000000     0.00000000     0.00000000
  28  11     0.00000000     0.00000000     0.00000000
  29  11     0.00000000     0.00000000     0.00000000
  30  11     0.00000000     0.00000000     0.00000000
  31  11     0.00000000     0.00000000     0.00000000
  32  11     0.00000000     0.00000000     0.00000000
   1  12    -0.02149261     0.00000000     0.01277554
   2  12     0.01585893     0.00000000     0.00828530
   3  12    -0.04637018     0.00000000     0.02098676
   4  12    -0.01797769     0.00000000     0.00865665
   5  12    -0.00859713     0.00000000     0.00267951
   6  12    -0.01276359     0.00000000     0.00230237
   7  12     0.01261190     0.00000000     0.00575392
   8  12     0.10339466     0.00000000     0.01069885
   9  12     0.10071617     0.00000000     0.00633433
  10  12     0.00584516     0.00000000     0.02258511
  11  12     0.08993926     0.00000000     0.00600320
  12  12     0.46506223     0.00000000     0.02052028
  13  12    -0.05844161     0.00000000     0.05840355
  14  12    -0.00778766     0.00000000     0.00868271
  15  12     0.00707419     0.00000000     0.00675613
  16  12     0.10236870     0.00000000     0.00691478
  17  12     0.00000000     0.00000000     0.00000000
  18  12     0.00000000     0.00000000     0.00000000
  19  12     0.00000000     0.00000000     0.00000000
  20  12     0.00000000     0.00000000     0.00000000
  21  12     0.00000000     0.00000000     0.00000000
  22  12     0.00000000     0.00000000     0.00000000
  23  12     0.00000000     0.00000000     0.00000000
  24  12     0.00000000     0.00000000     0.00000000
  25  12     0.00000000     0.00000000     0.00000000
  26  12     0.00000000     0.00000000     0.00000000
  27  12     0.00000000     0.00000000     0.00000000
  28  12     0.00000000     0.00000000     0.00000000
  29  12     0.00000000     0.00000000     0.00000000
  30  12     0.00000000     0.00000000     0.00000000
  31  12     0.00000000     0.00000000     0.00000000
  32  12     0.00000000     0.00000000     0.00000000
   1  13     0.09760667     0.00000000     0.00633261
   2  13     0.03339718     0.00000000     0.00769845
   3  13    -0.01626696     0.00000000     0.00777345
   4  13     0.00370450     0.00000000     0.01963662
   5  13     0.00028104     0.00000000     0.01385519
   6  13    -0.02298645     0.00000000     0.00735447
   7  13    -0.03538297     0.00000000     0.02323737
   8  13     0.00107820     0.00000000     0.01309805
   9  13     0.12899657     0.00000000     0.00373801
  10  13     0.02114029     0.00000000     0.00615683
  11  13    -0.02459503     0.00000000     0.00447006
  12  13     0.00346767     0.00000000     0.00511448
  13  13     0.42199926     0.00000000     0.00461290
  14  13     0.13231923     0.00000000     0.00581441
  15  13    -0.01070264     0.00000000     0.00337772
  16  13     0.13050876     0.00000000     0.01209351
  17  13     0.00000000     0.00000000     0.00000000
  18  13     0.00000000     0.00000000     0.00000000
  19  13     0.00000000     0.00000000     0.00000000
  20  13     0.00000000     0.00000000     0.00000000
  21  13     0.00000000     0.00000000     0.00000000
  22  13     0.00000000     0.00000000     0.00000000
  23  13     0.00000000     0.00000000     0.00000000
  24  13     0.00000000     0.00000000     0.00000000
  25  13     0.00000000     0.00000000     0.00000000
  26  13     0.00000000     0.00000000     0.00000000
  27  13     0.00000000     0.00000000     0.00000000
  28  13     0.00000000     0.00000000     0.00000000
  29  13     0.00000000     0.00000000     0.00000000
  30  13     0.00000000     0.00000000     0.00000000
  31  13     0.00000000     0.00000000     0.00000000
  32  13     0.00000000     0.00000000     0.00000000
   1  14    -0.00057530     0.00000000     0.01801618
   2  14     0.10277939     0.00000000     0.00577662
   3  14     0.01180331     0.00000000     0.00391641
   4  14    -0.00411947     0.00000000     0.01593149
   5  14    -0.04471566     0.00000000     0.01703513
   6  14     0.02786955     0.00000000     0.01733367
   7  14    -0.02209522     0.00000000     0.00840307
   8  14    -0.01030387     0.00000000     0.00713989
   9  14     0.02734244     0.00000000     0.01390765
  10  14     0.09096286     0.00000000     0.00685155
  11  14    -0.02390092     0.00000000     0.01874391
  12  14    -0.02370377     0.00000000     0.00789447
  13  14     0.12184866     0.00000000     0.00814604
  14  14     0.44214190     0.00000000     0.00746402
  15  14     0.07681058     0.00000000     0.00461970
  16  14     0.01663295     0.00000000     0.01567495
  17  14     0.00000000     0.00000000     0.00000000
  18  14     0.00000000     0.00000000     0.00000000
  19  14     0.00000000     0.00000000     0.00000000
  20  14     0.00000000     0.00000000     0.00000000
  21  14     0.00000000     0.00000000     0.00000000
  22  14     0.00000000     0.00000000     0.00000000
  23  14     0.00000000     0.00000000     0.00000000
  24  14     0.00000000     0.00000000     0.00000000
  25  14     0.00000000     0.00000000     0.00000000
  26  14     0.00000000     0.00000000     0.00000000
  27  14     0.00000000     0.00000000     0.00000000
  28  14     0.00000000     0.00000000     0.00000000
  29  14     0.00000000     0.00000000     0.00000000
  30  14     0.00000000     0.00000000     0.00000000
  31  14     0.00000000     0.00000000     0.00000000
  32  14     0.00000000     0.00000000     0.00000000
   1  15    -0.00134028     0.00000000     0.00594615
   2  15    -0.02068933     0.00000000     0.01029536
   3  15     0.08251807     0.00000000     0.00696311
   4  15    -0.01103796     0.00000000     0.00790578
   5  15     0.00962819     0.00000000     0.00318570
   6  15    -0.01855592     0.00000000     0.01036207
   7  15     0.00485128     0.00000000     0.00252824
   8  15    -0.02693435     0.00000000     0.00705394
   9  15    -0.01561302     0.00000000     0.00610492
  10  15     0.00596615     0.00000000     0.00336349
  11  15     0.12802282     0.00000000     0.00334890
  12  15     0.01488025     0.00000000     0.00632504
  13  15     0.00164433     0.00000000     0.00632051
  14  15     0.07115593     0.00000000     0.00498017
  15  15     0.43623278     0.00000000     0.00851154
  16  15     0.09179567     0.00000000     0.00546849
  17  15     0.00000000     0.00000000     0.00000000
  18  15     0.00000000     0.00000000     0.00000000
  19  15     0.00000000     0.00000000     0.00000000
  20  15     0.00000000     0.00000000     0.00000000
  21  15     0.00000000     0.00000000     0.00000000
  22  15     0.00000000     0.00000000     0.00000000
  23  15     0.00000000     0.00000000     0.00000000
  24  15     0.00000000     0.00000000     0.00000000
  25  15     0.00000000     0.00000000     0.00000000
  26  15     0.00000000     0.00000000     0.00000000
  27  15     0.00000000     0.00000000     0.00000000
  28  15     0.00000000     0.00000000     0.00000000
  29  15     0.00000000     0.00000000     0.00000000
  30  15     0.00000000     0.00000000     0.00000000
  31  15     0.00000000     0.00000000     0.00000000
  32  15     0.00000000     0.00000000     0.00000000
   1  16    -0.01605771     0.00000000     0.01539315
   2  16    -0.01567817     0.00000000     0.00511678
   3  16     0.00262149     0.00000000     0.01146381
   4  16     0.10759914     0.00000000     0.00757998
   5  16    -0.03923309     0.00000000     0.00662314
   6  16    -0.03235603     0.00000000     0.00863882
   7  16    -0.01922386     0.00000000     0.00882729
   8  16     0.01762816     0.00000000     0.00802395
   9  16     0.00799474     0.00000000     0.00622075
  10  16    -0.02692225     0.00000000     0.00624437
  11  16     0.02204448     0.00000000     0.00446795
  12  16     0.11259349     0.00000000     0.00540373
  13  16     0.11685489     0.00000000     0.00386320
  14  16     0.01634941     0.00000000     0.00464496
  15  16     0.11230299     0.00000000     0.01324201
  16  16     0.40810107     0.00000000     0.00871039
  17  16     0.00000000     0.00000000     0.00000000
  18  16     0.00000000     0.00000000     0.00000000
  19  16     0.00000000     0.00000000     0.00000000
  20  16     0.00000000     0.00000000     0.00000000
  21  16     0.00000000     0.00000000     0.00000000
  22  16     0.00000000     0.00000000     0.00000000
  23  16     0.00000000     0.00000000     0.00000000
  24  16     0.00000000     0.00000000     0.00000000
  25  16     0.00000000     0.00000000     0.00000000
  26  16     0.00000000     0.00000000     0.00000000
  27  16     0.00000000     0.00000000     0.00000000
  28  16     0.00000000     0.00000000     0.00000000
  29  16     0.00000000     0.00000000     0.00000000
  30  16     0.00000000     0.00000000     0.00000000
  31  16     0.00000000     0.00000000     0.00000000
  32  16     0.00000000     0.00000000     0.00000000
   1  17     0.00000000     0.00000000     0.00000000
   2  17     0.00000000     0.00000000     0.00000000
   3  17     0.00000000     0.00000000     0.00000000
   4  17     0.00000000     0.00000000     0.00000000
   5  17     0.00000000     0.00000000     0.00000000
   6  17     0.00000000     0.00000000     0.00000000
   7  17     0.00000000     0.00000000     0.00000000
   8  17     0.00000000     0.00000000     0.00000000
   9  17     0.00000000     0.00000000     0.00000000
  10  17     0.00000000     0.00000000     0.00000000
  11  17     0.00000000     0.00000000     0.00000000
  12  17     0.00000000     0.00000000     0.00000000
  13  17     0.00000000     0.00000000     0.00000000
  14  17     0.00000000     0.00000000     0.00000000
  15  17     0.00000000     0.00000000     0.00000000
  16  17     0.00000000     0.00000000     0.00000000
  17  17     0.44840063     0.00000000     0.00811475
  18  17     0.08781121     0.00000000     0.00390694
  19  17     0.00916021     0.00000000     0.00221347
  20  17     0.08073577     0.00000000     0.00268616
  21  17     0.14171314     0.00000000     0.01070358
  22  17     0.01755170     0.00000000     0.00859688
  23  17    -0.05861518     0.00000000     0.01669387
  24  17     0.00096837     0.00000000     0.00699387
  25  17     0.01127708     0.00000000     0.01015195
  26  17    -0.03886873     0.00000000     0.00870661
  27  17     0.00354129     0.00000000     0.00426326
  28  17    -0.01405976     0.00000000     0.00720522
  29  17     0.08471210     0.00000000     0.00421258
  30  17    -0.00475173     0.00000000     0.00666156
  31  17     0.00005642     0.00000000     0.00311166
  32  17    -0.00465506     0.00000000     0.00774851
   1  18     0.00000000     0.00000000     0.00000000
   2  18     0.00000000     0.00000000     0.00000000
   3  18     0.00000000     0.00000000     0.00000000
   4  18     0.00000000     0.00000000     0.00000000
   5  18     0.00000000     0.00000000     0.00000000
   6  18     0.00000000     0.00000000     0.00000000
   7  18     0.00000000     0.00000000     0.00000000
   8  18     0.00000000     0.00000000     0.00000000
   9  18     0.00000000     0.00000000     0.00000000
  10  18     0.00000000     0.00000000     0.00000000
  11  18     0.00000000     0.00000000     0.00000000
  12  18     0.00000000     0.00000000     0.00000000
  13  18     0.00000000     0.00000000     0.00000000
  14  18     0.00000000     0.00000000     0.00000000
  15  18     0.00000000     0.00000000     0.00000000
  16  18     0.00000000     0.00000000     0.00000000
  17  18     0.08708213     0.00000000     0.00686675
  18  18     0.42543819     0.00000000     0.01535060
  19  18     0.09713856     0.00000000     0.00444872
  20  18    -0.01100638     0.00000000     0.00921204
  21  18     0.01640553     0.00000000     0.00743873
  22  18     0.09499692     0.00000000     0.00729442
  23  18     0.00611899     0.00000000     0.00335769
  24  18    -0.00905551     0.00000000     0.00402224
  25  18    -0.01919527     0.00000000     0.00886843
  26  18    -0.03964077     0.00000000     0.01771017
  27  18    -0.01513676     0.00000000     0.00818470
  28  18     0.02637767     0.00000000     0.00608707
  29  18     0.02579419     0.00000000     0.02575618
  30  18     0.09347644     0.00000000     0.00719905
  31  18    -0.00740691     0.00000000     0.00242532
  32  18    -0.02763722     0.00000000     0.00601631
   1  19     0.00000000     0.00000000     0.00000000
   2  19     0.00000000     0.00000000     0.00000000
   3  19     0.00000000     0.00000000     0.00000000
   4  19     0.00000000     0.00000000     0.00000000
   5  19     0.00000000     0.00000000     0.00000000
   6  19     0.00000000     0.00000000     0.00000000
   7  19     0.00000000     0.00000000     0.00000000
   8  19     0.00000000     0.00000000     0.00000000
   9  19     0.00000000     0.00000000     0.00000000
  10  19     0.00000000     0.00000000     0.00000000
  11  19     0.00000000     0.00000000     0.00000000
  12  19     0.00000000     0.00000000     0.00000000
  13  19     0.00000000     0.00000000     0.00000000
  14  19     0.00000000     0.00000000     0.00000000
  15  19     0.00000000     0.00000000     0.00000000
  16  19     0.00000000     0.00000000     0.00000000
  17  19     0.00772303     0.00000000     0.00404037
  18  19     0.09385622     0.00000000     0.00742242
  19  19     0.42977374     0.00000000     0.01946242
  20  19     0.10333223     0.00000000     0.00822954
  21  19    -0.02393347     0.00000000     0.01512498
  22  19     0.03480477     0.00000000     0.01751021
  23  19     0.11703830     0.00000000     0.00856187
  24  19     0.01925049     0.00000000     0.00556121
  25  19    -0.04362056     0.00000000     0.01920403
  26  19    -0.02159037     0.00000000     0.01878565
  27  19     0.01445497     0.00000000     0.00329035
  28  19    -0.02480563     0.00000000     0.00224063
  29  19     0.02949360     0.00000000     0.03836697
  30  19     0.01000736     0.00000000     0.00459174
  31  19     0.08161282     0.00000000     0.00602845
  32  19     0.02435921     0.00000000     0.00797280
   1  20     0.00000000     0.00000000     0.00000000
   2  20     0.00000000     0.00000000     0.00000000
   3  20     0.00000000     0.00000000     0.00000000
   4  20     0.00000000     0.00000000     0.00000000
   5  20     0.00000000     0.00000000     0.00000000
   6  20     0.00000000     0.00000000     0.00000000
   7  20     0.00000000     0.00000000     0.00000000
   8  20     0.00000000     0.00000000     0.00000000
   9  20     0.00000000     0.00000000     0.00000000
  10  20     0.00000000     0.00000000     0.00000000
  11  20     0.00000000     0.00000000     0.00000000
  12  20     0.00000000     0.00000000     0.00000000
  13  20     0.00000000     0.00000000     0.00000000
  14  20     0.00000000     0.00000000     0.00000000
  15  20     0.00000000     0.00000000     0.00000000
  16  20     0.00000000     0.00000000     0.00000000
  17  20     0.10588242     0.00000000     0.01165402
  18  20    -0.02481229     0.00000000     0.00923922
  19  20     0.12309593     0.00000000     0.00816773
  20  20     0.46702570     0.00000000     0.01721303
  21  20     0.01779434     0.00000000     0.00654375
  22  20    -0.02203348     0.00000000     0.01442553
  23  20    -0.05422030     0.00000000     0.07062960
  24  20     0.12287215     0.00000000     0.02338992
  25  20    -0.01604260     0.00000000     0.00273213
  26  20     0.00371841     0.00000000     0.01334533
  27  20    -0.02566834     0.00000000     0.00541806
  28  20    -0.01984435     0.00000000     0.00420026
  29  20     0.01195086     0.00000000     0.00484465
  30  20    -0.00699213     0.00000000     0.00314671
  31  20    -0.01012264     0.00000000     0.00265160
  32  20     0.09729728     0.00000000     0.00534930
   1  21     0.00000000     0.00000000     0.00000000
   2  21     0.00000000     0.00000000     0.00000000
   3  21     0.00000000     0.00000000     0.00000000
   4  21     0.00000000     0.00000000     0.00000000
   5  21     0.00000000     0.00000000     0.00000000
   6  21     0.00000000     0.00000000     0.00000000
   7  21     0.00000000     0.00000000     0.00000000
   8  21     0.00000000     0.00000000     0.00000000
   9  21     0.00000000     0.00000000     0.00000000
  10  21     0.00000000     0.00000000     0.00000000
  11  21     0.00000000     0.00000000     0.00000000
  12  21     0.00000000     0.00000000     0.00000000
  13  21     0.00000000     0.00000000     0.00000000
  14  21     0.00000000     0.00000000     0.00000000
  15  21     0.00000000     0.00000000     0.00000000
  16  21     0.00000000     0.00000000     0.00000000
  17  21     0.13652059     0.00000000     0.00506106
  18  21     0.00996044     0.00000000     0.00481647
  19  21    -0.02047668     0.00000000     0.00424788
  20  21     0.01261867     0.00000000     0.01699006
  21  21     0.43016715     0.00000000     0.01164165
  22  21     0.11376690     0.00000000     0.00707505
  23  21    -0.00480737     0.00000000     0.01340732
  24  21     0.07464361     0.00000000     0.00377724
  25  21     0.09818879     0.00000000     0.00873740
  26  21    -0.00007885     0.00000000     0.00180288
  27  21    -0.00411834     0.00000000     0.00437292
  28  21    -0.00209763     0.00000000     0.00686436
  29  21     0.00141746     0.00000000     0.00631394
  30  21    -0.03313849     0.00000000     0.00647963
  31  21     0.01638875     0.00000000     0.00514500
  32  21    -0.00612458     0.00000000     0.01202526
   1  22     0.00000000     0.00000000     0.00000000
   2  22     0.00000000     0.00000000     0.00000000
   3  22     0.00000000     0.00000000     0.00000000
   4  22     0.00000000     0.00000000     0.00000000
   5  22     0.00000000     0.00000000     0.00000000
   6  22     0.00000000     0.00000000     0.00000000
   7  22     0.00000000     0.00000000     0.00000000
   8  22     0.00000000     0.00000000     0.00000000
   9  22     0.00000000     0.00000000     0.00000000
  10  22     0.00000000     0.00000000     0.00000000
  11  22     0.00000000     0.00000000     0.00000000
  12  22     0.00000000     0.00000000     0.00000000
  13  22     0.00000000     0.00000000     0.00000000
  14  22     0.00000000     0.00000000     0.00000000
  15  22     0.00000000     0.00000000     0.00000000
  16  22     0.00000000     0.00000000     0.00000000
  17  22     0.04363734     0.00000000     0.01878128
  18  22     0.10096407     0.00000000     0.00584225
  19  22     0.01712305     0.00000000     0.00662187
  20  22    -0.01524105     0.00000000     0.00442821
  21  22     0.10842178     0.00000000     0.00891066
  22  22     0.40632566     0.00000000     0.01045813
  23  22     0.12509016     0.00000000     0.00650238
  24  22     0.00986997     0.00000000     0.00635439
  25  22     0.00177932     0.00000000     0.01870740
  26  22     0.10939945     0.00000000     0.00944693
  27  22     0.02132541     0.00000000     0.00823447
  28  22    -0.02127770     0.00000000     0.01045167
  29  22    -0.02687870     0.00000000     0.01191490
  30  22     0.02955550     0.00000000     0.01640077
  31  22    -0.02216062     0.00000000     0.00620884
  32  22    -0.03050242     0.00000000     0.00447165
   1  23     0.00000000     0.00000000     0.00000000
   2  23     0.00000000     0.00000000     0.00000000
   3  23     0.00000000     0.00000000     0.00000000
   4  23     0.00000000     0.00000000     0.00000000
   5  23     0.00000000     0.00000000     0.00000000
   6  23     0.00000000     0.00000000     0.00000000
   7  23     0.00000000     0.00000000     0.00000000
   8  23     0.00000000     0.00000000     0.00000000
   9  23     0.00000000     0.00000000     0.00000000
  10  23     0.00000000     0.00000000     0.00000000
  11  23     0.00000000     0.00000000     0.00000000
  12  23     0.00000000     0.00000000     0.00000000
  13  23     0.00000000     0.00000000     0.00000000
  14  23     0.00000000     0.00000000     0.00000000
  15  23     0.00000000     0.00000000     0.00000000
  16  23     0.00000000     0.00000000     0.00000000
  17  23    -0.02493395     0.00000000     0.01045875
  18  23     0.01326539     0.00000000     0.00539040
  19  23     0.12082173     0.00000000     0.00771730
  20  23     0.01115143     0.00000000     0.00274761
  21  23    -0.01398627     0.00000000     0.00831920
  22  23     0.13323706     0.00000000     0.01000914
  23  23     0.42888648     0.00000000     0.01910559
  24  23     0.14289182     0.00000000     0.00421671
  25  23    -0.01964520     0.00000000     0.00587004
  26  23     0.00813589     0.00000000     0.00698036
  27  23     0.08840399     0.00000000     0.00676713
  28  23     0.03517039     0.00000000     0.00794014
  29  23    -0.01667221     0.00000000     0.01404052
  30  23    -0.00180824     0.00000000     0.01145606
  31  23     0.00823517     0.00000000     0.00549467
  32  23    -0.03093321     0.00000000     0.01334201
   1  24     0.00000000     0.00000000     0.00000000
   2  24     0.00000000     0.00000000     0.00000000
   3  24     0.00000000     0.00000000     0.00000000
   4  24     0.00000000     0.00000000     0.00000000
   5  24     0.00000000     0.00000000     0.00000000
   6  24     0.00000000     0.00000000     0.00000000
   7  24     0.00000000     0.00000000     0.00000000
   8  24     0.00000000     0.00000000     0.00000000
   9  24     0.00000000     0.00000000     0.00000000
  10  24     0.00000000     0.00000000     0.00000000
  11  24     0.00000000     0.00000000     0.00000000
  12  24     0.00000000     0.00000000     0.00000000
  13  24     0.00000000     0.00000000     0.00000000
  14  24     0.00000000     0.00000000     0.00000000
  15  24     0.00000000     0.00000000     0.00000000
  16  24     0.00000000     0.00000000     0.00000000
  17  24    -0.01377245     0.00000000     0.00581670
  18  24    -0.01546714     0.00000000     0.00498956
  19  24     0.00872764     0.00000000     0.00837763
  20  24     0.09432578     0.00000000     0.00631231
  21  24     0.08426906     0.00000000     0.00253546
  22  24     0.01789581     0.00000000     0.00631993
  23  24     0.12671784     0.00000000     0.00467220
  24  24     0.44191118     0.00000000     0.01008209
  25  24     0.01958352     0.00000000     0.00751216
  26  24    -0.01940688     0.00000000     0.00685298
  27  24    -0.01942668     0.00000000     0.00376759
  28  24     0.10558633     0.00000000     0.00722055
  29  24    -0.00248049     0.00000000     0.00985307
  30  24    -0.01005800     0.00000000     0.00353740
  31  24    -0.02348455     0.00000000     0.00299402
  32  24     0.01699060     0.00000000     0.00595494
   1  25     0.00000000     0.00000000     0.00000000
   2  25     0.00000000     0.00000000     0.00000000
   3  25     0.00000000     0.00000000     0.00000000
   4  25     0.00000000     0.00000000     0.00000000
   5  25     0.00000000     0.00000000     0.00000000
   6  25     0.00000000     0.00000000     0.00000000
   7  25     0.00000000     0.00000000     0.00000000
   8  25     0.00000000     0.00000000     0.00000000
   9  25     0.00000000     0.00000000     0.00000000
  10  25     0.00000000     0.00000000     0.00000000
  11  25     0.00000000     0.00000000     0.00000000
  12  25     0.00000000     0.00000000     0.00000000
  13  25     0.00000000     0.00000000     0.00000000
  14  25     0.00000000     0.00000000     0.00000000
  15  25     0.00000000     0.00000000     0.00000000
  16  25     0.00000000     0.00000000     0.00000000
  17  25     0.01616047     0.00000000     0.01201823
  18  25    -0.02294431     0.00000000     0.00886053
  19  25    -0.04308680     0.00000000     0.01296989
  20  25    -0.01499064     0.00000000     0.00512428
  21  25     0.10518748     0.00000000     0.00590595
  22  25     0.01276116     0.00000000     0.00639076
  23  25    -0.02237409     0.00000000     0.00966971
  24  25     0.02242140     0.00000000     0.00653338
  25  25     0.42371211     0.00000000     0.01260300
  26  25     0.11598218     0.00000000     0.00671743
  27  25    -0.00217063     0.00000000     0.02057204
  28  25     0.10772261     0.00000000     0.00553827
  29  25     0.13369630     0.00000000     0.00943960
  30  25     0.01460163     0.00000000     0.00507314
  31  25    -0.01505931     0.00000000     0.00288076
  32  25     0.01945248     0.00000000     0.00416884
   1  26     0.00000000     0.00000000     0.00000000
   2  26     0.00000000     0.00000000     0.00000000
   3  26     0.00000000     0.00000000     0.00000000
   4  26     0.00000000     0.00000000     0.00000000
   5  26     0.00000000     0.00000000     0.00000000
   6  26     0.00000000     0.00000000     0.00000000
   7  26     0.00000000     0.00000000     0.00000000
   8  26     0.00000000     0.00000000     0.00000000
   9  26     0.00000000     0.00000000     0.00000000
  10  26     0.00000000     0.00000000     0.00000000
  11  26     0.00000000     0.00000000     0.00000000
  12  26     0.00000000     0.00000000     0.00000000
  13  26     0.00000000     0.00000000     0.00000000
  14  26     0.00000000     0.00000000     0.00000000
  15  26     0.00000000     0.00000000     0.00000000
  16  26     0.00000000     0.00000000     0.00000000
  17  26    -0.02232751     0.00000000     0.00433691
  18  26    -0.01463087     0.00000000     0.00472924
  19  26    -0.02452422     0.00000000     0.00418750
  20  26     0.02399115     0.00000000     0.00700319
  21  26    -0.02615649     0.00000000     0.01156437
  22  26     0.10521222     0.00000000     0.01097653
  23  26    -0.00004299     0.00000000     0.01209410
  24  26    -0.01233703     0.00000000     0.00310825
  25  26     0.10041703     0.00000000     0.00560644
  26  26     0.47455201     0.00000000     0.01217712
  27  26     0.09747709     0.00000000     0.00702280
  28  26    -0.02139588     0.00000000     0.00597499
  29  26     0.01291885     0.00000000     0.00881059
  30  26     0.08547521     0.00000000     0.00678500
  31  26     0.01970956     0.00000000     0.01074993
  32  26    -0.02090373     0.00000000     0.00537962
   1  27     0.00000000     0.00000000     0.00000000
   2  27     0.00000000     0.00000000     0.00000000
   3  27     0.00000000     0.00000000     0.00000000
   4  27     0.00000000     0.00000000     0.00000000
   5  27     0.00000000     0.00000000     0.00000000
   6  27     0.00000000     0.00000000     0.00000000
   7  27     0.00000000     0.00000000     0.00000000
   8  27     0.00000000     0.00000000     0.00000000
   9  27     0.00000000     0.00000000     0.00000000
  10  27     0.00000000     0.00000000     0.00000000
  11  27     0.00000000     0.00000000     0.00000000
  12  27     0.00000000     0.00000000     0.00000000
  13  27     0.00000000     0.00000000     0.00000000
  14  27     0.00000000     0.00000000     0.00000000
  15  27     0.00000000     0.00000000     0.00000000
  16  27     0.00000000     0.00000000     0.00000000
  17  27     0.00456846     0.00000000     0.00770390
  18  27    -0.01877300     0.00000000     0.00306440
  19  27     0.01585194     0.00000000     0.01324684
  20  27    -0.01393641     0.00000000     0.00685487
  21  27    -0.00565854     0.00000000     0.00276899
  22  27    -0.00248967     0.00000000     0.00680435
  23  27     0.08983216     0.00000000     0.00624254
  24  27    -0.01437733     0.00000000     0.00314787
  25  27     0.01265269     0.00000000     0.00261024
  26  27     0.07742313     0.00000000     0.00493210
  27  27     0.43492158     0.00000000     0.01041049
  28  27     0.09180519     0.00000000     0.00662418
  29  27    -0.01634249     0.00000000     0.00853126
  30  27     0.00371927     0.00000000     0.01535365
  31  27     0.13054621     0.00000000     0.00984809
  32  27     0.03622757     0.00000000     0.02451237
   1  28     0.00000000     0.00000000     0.00000000
   2  28     0.00000000     0.00000000     0.00000000
   3  28     0.00000000     0.00000000     0.00000000
   4  28     0.00000000     0.00000000     0.00000000
   5  28     0.00000000     0.00000000     0.00000000
   6  28     0.00000000     0.00000000     0.00000000
   7  28     0.00000000     0.00000000     0.00000000
   8  28     0.00000000     0.00000000     0.00000000
   9  28     0.00000000     0.00000000     0.00000000
  10  28     0.00000000     0.00000000     0.00000000
  11  28     0.00000000     0.00000000     0.00000000
  12  28     0.00000000     0.00000000     0.00000000
  13  28     0.00000000     0.00000000     0.00000000
  14  28     0.00000000     0.00000000     0.00000000
  15  28     0.00000000     0.00000000     0.00000000
  16  28     0.00000000     0.00000000     0.00000000
  17  28    -0.03068142     0.00000000     0.00741451
  18  28     0.02408918     0.00000000     0.00483872
  19  28    -0.02443909     0.00000000     0.00756708
  20  28    -0.00685503     0.00000000     0.00278025
  21  28    -0.01358485     0.00000000     0.01000384
  22  28    -0.00943815     0.00000000     0.00360863
  23  28     0.01482593     0.00000000     0.00952345
  24  28     0.09931914     0.00000000     0.00467506
  25  28     0.09068083     0.00000000     0.00383921
  26  28    -0.01341382     0.00000000     0.00744938
  27  28     0.08503556     0.00000000     0.00506734
  28  28     0.42532338     0.00000000     0.01868184
  29  28     0.00011155     0.00000000     0.00256277
  30  28    -0.01438938     0.00000000     0.00816630
  31  28     0.00303027     0.00000000     0.00911388
  32  28     0.10437631     0.00000000     0.00616861
   1  29     0.00000000     0.00000000     0.00000000
   2  29     0.00000000     0.00000000     0.00000000
   3  29     0.00000000     0.00000000     0.00000000
   4  29     0.00000000     0.00000000     0.00000000
   5  29     0.00000000     0.00000000     0.00000000
   6  29     0.00000000     0.00000000     0.00000000
   7  29     0.00000000     0.00000000     0.00000000
   8  29     0.00000000     0.00000000     0.00000000
   9  29     0.00000000     0.00000000     0.00000000
  10  29     0.00000000     0.00000000     0.00000000
  11  29     0.00000000     0.00000000     0.00000000
  12  29     0.00000000     0.00000000     0.00000000
  13  29     0.00000000     0.00000000     0.00000000
  14  29     0.00000000     0.00000000     0.00000000
  15  29     0.00000000     0.00000000     0.00000000
  16  29     0.00000000     0.00000000     0.00000000
  17  29     0.09465481     0.00000000     0.00389906
  18  29     0.02898057     0.00000000     0.00841040
  19  29    -0.01702410     0.00000000     0.00286640
  20  29     0.00377097     0.00000000     0.00539836
  21  29     0.00042162     0.00000000     0.00218053
  22  29    -0.01526775     0.00000000     0.00730642
  23  29    -0.03710004     0.00000000     0.03015637
  24  29    -0.01058858     0.00000000     0.00260891
  25  29     0.11180967     0.00000000     0.00422348
  26  29     0.00820560     0.00000000     0.00884090
  27  29    -0.03386215     0.00000000     0.00670896
  28  29     0.02518615     0.00000000     0.01686677
  29  29     0.42261833     0.00000000     0.00896787
  30  29     0.11314969     0.00000000     0.00863675
  31  29    -0.00372865     0.00000000     0.00467236
  32  29     0.11695207     0.00000000     0.00427837
   1  30     0.00000000     0.00000000     0.00000000
   2  30     0.00000000     0.00000000     0.00000000
   3  30     0.00000000     0.00000000     0.00000000
   4  30     0.00000000     0.00000000     0.00000000
   5  30     0.00000000     0.00000000     0.00000000
   6  30     0.00000000     0.00000000     0.00000000
   7  30     0.00000000     0.00000000     0.00000000
   8  30     0.00000000     0.00000000     0.00000000
   9  30     0.00000000     0.00000000     0.00000000
  10  30     0.00000000     0.00000000     0.00000000
  11  30     0.00000000     0.00000000     0.00000000
  12  30     0.00000000     0.00000000     0.00000000
  13  30     0.00000000     0.00000000     0.00000000
  14  30     0.00000000     0.00000000     0.00000000
  15  30     0.00000000     0.00000000     0.00000000
  16  30     0.00000000     0.00000000     0.00000000
  17  30    -0.07345283     0.00000000     0.03575916
  18  30     0.12935598     0.00000000     0.01516821
  19  30     0.03473910     0.00000000     0.01858976
  20  30    -0.00488231     0.00000000     0.00646434
  21  30    -0.05244646     0.00000000     0.01498640
  22  30     0.05160210     0.00000000     0.01839179
  23  30    -0.02819136     0.00000000     0.02145837
  24  30    -0.01240067     0.00000000     0.00439688
  25  30     0.00632697     0.00000000     0.00502419
  26  30     0.09740956     0.00000000     0.00715047
  27  30    -0.00893703     0.00000000     0.02221813
  28  30    -0.02775929     0.00000000     0.00493322
  29  30     0.13605205     0.00000000     0.00552769
  30  30     0.43698211     0.00000000     0.00706397
  31  30     0.06963106     0.00000000     0.00495924
  32  30     0.00724950     0.00000000     0.00370068
   1  31     0.00000000     0.00000000     0.00000000
   2  31     0.00000000     0.00000000     0.00000000
   3  31     0.00000000     0.00000000     0.00000000
   4  31     0.00000000     0.00000000     0.00000000
   5  31     0.00000000     0.00000000     0.00000000
   6  31     0.00000000     0.00000000     0.00000000
   7  31     0.00000000     0.00000000     0.00000000
   8  31     0.00000000     0.00000000     0.00000000
   9  31     0.00000000     0.00000000     0.00000000
  10  31     0.00000000     0.00000000     0.00000000
  11  31     0.00000000     0.00000000     0.00000000
  12  31     0.00000000     0.00000000     0.00000000
  13  31     0.00000000     0.00000000     0.00000000
  14  31     0.00000000     0.00000000     0.00000000
  15  31     0.00000000     0.00000000     0.00000000
  16  31     0.00000000     0.00000000     0.00000000
  17  31     0.01315378     0.00000000     0.00925123
  18  31    -0.00635536     0.00000000     0.00582560
  19  31     0.10943322     0.00000000     0.00704808
  20  31     0.01990337     0.00000000     0.02726445
  21  31    -0.00467286     0.00000000     0.00947449
  22  31    -0.03269485     0.00000000     0.01409239
  23  31     0.01159888     0.00000000     0.03076866
  24  31    -0.04572626     0.00000000     0.00615379
  25  31    -0.01716066     0.00000000     0.00293720
  26  31     0.01701778     0.00000000     0.00433803
  27  31     0.15300996     0.00000000     0.00981214
  28  31     0.01714417     0.00000000     0.00683526
  29  31    -0.03902520     0.00000000     0.03827438
  30  31     0.06304019     0.00000000     0.00435874
  31  31     0.46077190     0.00000000     0.01020050
  32  31     0.11075812     0.00000000     0.01103318
   1  32     0.00000000     0.00000000     0.00000000
   2  32     0.00000000     0.00000000     0.00000000
   3  32     0.00000000     0.00000000     0.00000000
   4  32     0.00000000     0.00000000     0.00000000
   5  32     0.00000000     0.00000000     0.00000000
   6  32     0.00000000     0.00000000     0.00000000
   7  32     0.00000000     0.00000000     0.00000000
   8  32     0.00000000     0.00000000     0.00000000
   9  32     0.00000000     0.00000000     0.00000000
  10  32     0.00000000     0.00000000     0.00000000
  11  32     0.00000000     0.00000000     0.00000000
  12  32     0.00000000     0.00000000     0.00000000
  13  32     0.00000000     0.00000000     0.00000000
  14  32     0.00000000     0.00000000     0.00000000
  15  32     0.00000000     0.00000000     0.00000000
  16  32     0.00000000     0.00000000     0.00000000
  17  32    -0.00769235     0.00000000     0.00659232
  18  32    -0.02329463     0.00000000     0.00522943
  19  32     0.00713928     0.00000000     0.00961242
  20  32     0.09591215     0.00000000     0.00927317
  21  32    -0.00153517     0.00000000     0.01043332
  22  32    -0.03154144     0.00000000     0.00479428
  23  32    -0.00965754     0.00000000     0.00625136
  24  32     0.02569688     0.00000000     0.01427861
  25  32     0.01139758     0.00000000     0.00650150
  26  32    -0.02965955     0.00000000     0.01037479
  27  32     0.00698420     0.00000000     0.01005882
  28  32     0.09286736     0.00000000     0.00451564
  29  32     0.13324572     0.00000000     0.00800576
  30  32     0.01413842     0.00000000     0.00869094
  31  32     0.08994394     0.00000000     0.00794916
  32  32     0.44318985     0.00000000     0.00747937
