   1   1   1     0.65051621     0.00281999     0.00000000
   2   1   1     0.31305944     0.00101764     0.00000000
   3   1   1     0.64648367     0.00079139     0.00000000
   4   1   1     0.31257731     0.01332325     0.00000000
   5   1   1     0.35234628    -0.02192456     0.00000000
   6   1   1     0.53999636    -0.00553357     0.00000000
   7   1   1     0.33773778    -0.00447279     0.00000000
   8   1   1     0.53530105     0.00586924     0.00000000
   9   1   1     0.43956341     0.01813787     0.00000000
  10   1   1     0.29604603    -0.01475594     0.00000000
  11   1   1     0.47606578    -0.00993078     0.00000000
  12   1   1     0.31739193    -0.00068885     0.00000000
  13   1   1     0.29269229    -0.00510115     0.00000000
  14   1   1     0.61962246     0.00513876     0.00000000
  15   1   1     0.28222741     0.00749049     0.00000000
  16   1   1     0.58837260     0.00781902     0.00000000
   1   2   1     0.00000000     0.00000000     0.00000000
   2   2   1     0.00000000     0.00000000     0.00000000
   3   2   1     0.00000000     0.00000000     0.00000000
   4   2   1     0.00000000     0.00000000     0.00000000
   5   2   1     0.00000000     0.00000000     0.00000000
   6   2   1     0.00000000     0.00000000     0.00000000
   7   2   1     0.00000000     0.00000000     0.00000000
   8   2   1     0.00000000     0.00000000     0.00000000
   9   2   1     0.00000000     0.00000000     0.00000000
  10   2   1     0.00000000     0.00000000     0.00000000
  11   2   1     0.00000000     0.00000000     0.00000000
  12   2   1     0.00000000     0.00000000     0.00000000
  13   2   1     0.00000000     0.00000000     0.00000000
  14   2   1     0.00000000     0.00000000     0.00000000
  15   2   1     0.00000000     0.00000000     0.00000000
  16   2   1     0.00000000     0.00000000     0.00000000
   1   1   2     0.00000000     0.00000000     0.00000000
   2   1   2     0.00000000     0.00000000     0.00000000
   3   1   2     0.00000000     0.00000000     0.00000000
   4   1   2     0.00000000     0.00000000     0.00000000
   5   1   2     0.00000000     0.00000000     0.00000000
   6   1   2     0.00000000     0.00000000     0.00000000
   7   1   2     0.00000000     0.00000000     0.00000000
   8   1   2     0.00000000     0.00000000     0.00000000
   9   1   2     0.00000000     0.00000000     0.00000000
  10   1   2     0.00000000     0.00000000     0.00000000
  11   1   2     0.00000000     0.00000000     0.00000000
  12   1   2     0.00000000     0.00000000     0.00000000
  13   1   2     0.00000000     0.00000000     0.00000000
  14   1   2     0.00000000     0.00000000     0.00000000
  15   1   2     0.00000000     0.00000000     0.00000000
  16   1   2     0.00000000     0.00000000     0.00000000
   1   2   2     0.31284905    -0.00363840     0.00000000
   2   2   2     0.64828944    -0.00193008     0.00000000
   3   2   2     0.30828772     0.00034519     0.00000000
   4   2   2     0.65229064    -0.01603442     0.00000000
   5   2   2     0.54025215     0.01914679     0.00000000
   6   2   2     0.34908870     0.00283104     0.00000000
   7   2   2     0.53778841     0.00644434     0.00000000
   8   2   2     0.33219925    -0.00929505     0.00000000
   9   2   2     0.29632666    -0.01415257     0.00000000
  10   2   2     0.43998567     0.01634832     0.00000000
  11   2   2     0.31655449     0.00993422     0.00000000
  12   2   2     0.48064383    -0.00140610     0.00000000
  13   2   2     0.61893761     0.00221494     0.00000000
  14   2   2     0.29408550    -0.00588039     0.00000000
  15   2   2     0.59655345    -0.00752699     0.00000000
  16   2   2     0.27586743     0.00259915     0.00000000


   1   1   1     0.66054813    -0.00523571     0.00000000
   2   1   1     0.31516300    -0.00112237     0.00000000
   3   1   1     0.61693309     0.00422577     0.00000000
   4   1   1     0.31855959     0.00217378     0.00000000
   5   1   1     0.36319340    -0.01150509     0.00000000
   6   1   1     0.52165180     0.01796506     0.00000000
   7   1   1     0.34296814    -0.01306436     0.00000000
   8   1   1     0.52746222     0.01848872     0.00000000
   9   1   1     0.37614010    -0.00748808     0.00000000
  10   1   1     0.31677604    -0.01801950     0.00000000
  11   1   1     0.53207962    -0.00318647     0.00000000
  12   1   1     0.33453113     0.00238022     0.00000000
  13   1   1     0.29808802    -0.01955378     0.00000000
  14   1   1     0.62738934     0.02155918     0.00000000
  15   1   1     0.22198103    -0.00215023     0.00000000
  16   1   1     0.62653536     0.01453286     0.00000000
   1   2   1     0.00000000     0.00000000     0.00000000
   2   2   1     0.00000000     0.00000000     0.00000000
   3   2   1     0.00000000     0.00000000     0.00000000
   4   2   1     0.00000000     0.00000000     0.00000000
   5   2   1     0.00000000     0.00000000     0.00000000
   6   2   1     0.00000000     0.00000000     0.00000000
   7   2   1     0.00000000     0.00000000     0.00000000
   8   2   1     0.00000000     0.00000000     0.00000000
   9   2   1     0.00000000     0.00000000     0.00000000
  10   2   1     0.00000000     0.00000000     0.00000000
  11   2   1     0.00000000     0.00000000     0.00000000
  12   2   1     0.00000000     0.00000000     0.00000000
  13   2   1     0.00000000     0.00000000     0.00000000
  14   2   1     0.00000000     0.00000000     0.00000000
  15   2   1     0.00000000     0.00000000     0.00000000
  16   2   1     0.00000000     0.00000000     0.00000000
   1   1   2     0.00000000     0.00000000     0.00000000
   2   1   2     0.00000000     0.00000000     0.00000000
   3   1   2     0.00000000     0.00000000     0.00000000
   4   1   2     0.00000000     0.00000000     0.00000000
   5   1   2     0.00000000     0.00000000     0.00000000
   6   1   2     0.00000000     0.00000000     0.00000000
   7   1   2     0.00000000     0.00000000     0.00000000
   8   1   2     0.00000000     0.00000000     0.00000000
   9   1   2     0.00000000     0.00000000     0.00000000
  10   1   2     0.00000000     0.00000000     0.00000000
  11   1   2     0.00000000     0.00000000     0.00000000
  12   1   2     0.00000000     0.00000000     0.00000000
  13   1   2     0.00000000     0.00000000     0.00000000
  14   1   2     0.00000000     0.00000000     0.00000000
  15   1   2     0.00000000     0.00000000     0.00000000
  16   1   2     0.00000000     0.00000000     0.00000000
   1   2   2     0.31027224     0.00820154     0.00000000
   2   2   2     0.65831899    -0.00125088     0.00000000
   3   2   2     0.29713248    -0.00260819     0.00000000
   4   2   2     0.64847751    -0.00058974     0.00000000
   5   2   2     0.53540306     0.01277140     0.00000000
   6   2   2     0.33764870    -0.02261283     0.00000000
   7   2   2     0.55673381     0.01342608     0.00000000
   8   2   2     0.33372557    -0.01462588     0.00000000
   9   2   2     0.27080628     0.00572563     0.00000000
  10   2   2     0.46057099     0.01356352     0.00000000
  11   2   2     0.35797879     0.00546133     0.00000000
  12   2   2     0.53081540    -0.00438241     0.00000000
  13   2   2     0.64174880     0.01960510     0.00000000
  14   2   2     0.29190909    -0.02136611     0.00000000
  15   2   2     0.46658693     0.00236419     0.00000000
  16   2   2     0.30187138    -0.01368274     0.00000000


