   1     0.00000000     0.54578966     0.00000000
   2     0.00000000    -0.08710522     0.00000000
   3     0.00000000    -0.00978622     0.00000000
   4     0.00000000    -0.08710522     0.00000000
   5     0.00000000    -0.12351056     0.00000000
   6     0.00000000     0.00782119     0.00000000
   7     0.00000000    -0.01241600     0.00000000
   8     0.00000000     0.01223158     0.00000000
   9     0.00000000    -0.02601914     0.00000000
  10     0.00000000    -0.02500714     0.00000000
  11     0.00000000    -0.02668899     0.00000000
  12     0.00000000    -0.02500714     0.00000000
  13     0.00000000    -0.12351056     0.00000000
  14     0.00000000     0.01223158     0.00000000
  15     0.00000000    -0.01241600     0.00000000
  16     0.00000000     0.00782119     0.00000000


   1     0.00000000     0.54626391     0.00000000
   2     0.00000000    -0.08883839     0.00000000
   3     0.00000000    -0.01541532     0.00000000
   4     0.00000000    -0.08883839     0.00000000
   5     0.00000000    -0.12195972     0.00000000
   6     0.00000000     0.00592293     0.00000000
   7     0.00000000    -0.01157768     0.00000000
   8     0.00000000     0.01104683     0.00000000
   9     0.00000000    -0.02305818     0.00000000
  10     0.00000000    -0.02479073     0.00000000
  11     0.00000000    -0.02677178     0.00000000
  12     0.00000000    -0.02479073     0.00000000
  13     0.00000000    -0.12195972     0.00000000
  14     0.00000000     0.01104683     0.00000000
  15     0.00000000    -0.01157768     0.00000000
  16     0.00000000     0.00592293     0.00000000


   1     0.00000000     0.54523521     0.00000000
   2     0.00000000    -0.08699260     0.00000000
   3     0.00000000    -0.00785589     0.00000000
   4     0.00000000    -0.08699260     0.00000000
   5     0.00000000    -0.12170755     0.00000000
   6     0.00000000     0.00324530     0.00000000
   7     0.00000000    -0.00943682     0.00000000
   8     0.00000000     0.01006379     0.00000000
   9     0.00000000    -0.02092129     0.00000000
  10     0.00000000    -0.02388862     0.00000000
  11     0.00000000    -0.03713533     0.00000000
  12     0.00000000    -0.02388862     0.00000000
  13     0.00000000    -0.12170755     0.00000000
  14     0.00000000     0.01006379     0.00000000
  15     0.00000000    -0.00943682     0.00000000
  16     0.00000000     0.00324530     0.00000000


   1     0.00000000     0.54483281     0.00000000
   2     0.00000000    -0.08800399     0.00000000
   3     0.00000000    -0.00505375     0.00000000
   4     0.00000000    -0.08800399     0.00000000
   5     0.00000000    -0.12610837     0.00000000
   6     0.00000000     0.00648873     0.00000000
   7     0.00000000    -0.01344158     0.00000000
   8     0.00000000     0.01324094     0.00000000
   9     0.00000000    -0.01687771     0.00000000
  10     0.00000000    -0.02663158     0.00000000
  11     0.00000000    -0.02749780     0.00000000
  12     0.00000000    -0.02663158     0.00000000
  13     0.00000000    -0.12610837     0.00000000
  14     0.00000000     0.01324094     0.00000000
  15     0.00000000    -0.01344158     0.00000000
  16     0.00000000     0.00648873     0.00000000


   1     0.00000000     0.54517298     0.00000000
   2     0.00000000    -0.08963841     0.00000000
   3     0.00000000    -0.01156720     0.00000000
   4     0.00000000    -0.08963841     0.00000000
   5     0.00000000    -0.12034514     0.00000000
   6     0.00000000     0.00361129     0.00000000
   7     0.00000000    -0.01340951     0.00000000
   8     0.00000000     0.01401180     0.00000000
   9     0.00000000    -0.02148825     0.00000000
  10     0.00000000    -0.02247864     0.00000000
  11     0.00000000    -0.02865249     0.00000000
  12     0.00000000    -0.02247864     0.00000000
  13     0.00000000    -0.12034514     0.00000000
  14     0.00000000     0.01401180     0.00000000
  15     0.00000000    -0.01340951     0.00000000
  16     0.00000000     0.00361129     0.00000000


