   1   1   1     0.18192989
   2   1   1    -0.02949318
   3   1   1    -0.00609065
   4   1   1    -0.02949318
   5   1   1    -0.04079147
   6   1   1     0.00151897
   7   1   1    -0.00657369
   8   1   1     0.00332546
   9   1   1    -0.01221808
  10   1   1    -0.00855791
  11   1   1    -0.00247752
  12   1   1    -0.00855791
  13   1   1    -0.04079147
  14   1   1     0.00332546
  15   1   1    -0.00657369
  16   1   1     0.00151897


   1   1   1     0.18208797
   2   1   1    -0.03132234
   3   1   1    -0.00667647
   4   1   1    -0.03132234
   5   1   1    -0.04275609
   6   1   1     0.00250567
   7   1   1    -0.00615865
   8   1   1     0.00399372
   9   1   1    -0.00683430
  10   1   1    -0.00959004
  11   1   1    -0.00192176
  12   1   1    -0.00959004
  13   1   1    -0.04275609
  14   1   1     0.00399372
  15   1   1    -0.00615865
  16   1   1     0.00250567


   1   1   1     0.18174507
   2   1   1    -0.02958655
   3   1   1    -0.00401120
   4   1   1    -0.02958655
   5   1   1    -0.04042507
   6   1   1     0.00085106
   7   1   1    -0.00444844
   8   1   1     0.00290463
   9   1   1    -0.00853278
  10   1   1    -0.00891956
  11   1   1    -0.00995322
  12   1   1    -0.00891956
  13   1   1    -0.04042507
  14   1   1     0.00290463
  15   1   1    -0.00444844
  16   1   1     0.00085106


   1   1   1     0.18161094
   2   1   1    -0.03004601
   3   1   1    -0.00358302
   4   1   1    -0.03004601
   5   1   1    -0.04176493
   6   1   1    -0.00002927
   7   1   1    -0.00607003
   8   1   1     0.00519471
   9   1   1    -0.00705118
  10   1   1    -0.01041696
  11   1   1    -0.00471175
  12   1   1    -0.01041696
  13   1   1    -0.04176493
  14   1   1     0.00519471
  15   1   1    -0.00607003
  16   1   1    -0.00002927


   1   1   1     0.18172433
   2   1   1    -0.03094667
   3   1   1    -0.00571410
   4   1   1    -0.03094667
   5   1   1    -0.04050696
   6   1   1    -0.00061800
   7   1   1    -0.00539738
   8   1   1     0.00513127
   9   1   1    -0.01063803
  10   1   1    -0.00786426
  11   1   1    -0.00496821
  12   1   1    -0.00786426
  13   1   1    -0.04050696
  14   1   1     0.00513127
  15   1   1    -0.00539738
  16   1   1    -0.00061800


