      -13.78108      -13.78108        0.00000        0.00000
      -15.74037      -15.59800      -21.31182        5.57145
      -15.75007      -15.57640      -21.36746        5.61739
      -15.72714      -15.59778      -21.25779        5.53066
      -15.73071      -15.62282      -21.26907        5.53836
      -15.84408      -15.62651      -21.50273        5.65865
      -15.87313      -15.58123      -21.59553        5.72239
      -15.72260      -15.61252      -21.30255        5.57994
      -15.60460      -15.59679      -21.18219        5.57760
      -15.79095      -15.61704      -21.31585        5.52491
      -15.79257      -15.58867      -21.39812        5.60555
