   1.0469824207211740E-002
   1.9957425455376186E-002
   1.6604104677151784E-002
   1.7293109925803966E-002
   5.0644646951181985E-003
   9.8935756599289725E-003
   4.7549862282482303E-003
   6.3235731210629078E-003
   5.6287840228445348E-003
   7.0634348574113897E-003
   1.5500432657244012E-002
   6.1168557223240912E-003
   6.1699390711155971E-003
   1.9340860625146519E-002
   7.9697454847481707E-003
   1.5317759081105428E-002
   0.0000000000000000     
   0.0000000000000000     
   0.0000000000000000     
   0.0000000000000000     
   0.0000000000000000     
   0.0000000000000000     
   0.0000000000000000     
   0.0000000000000000     
   0.0000000000000000     
   0.0000000000000000     
   0.0000000000000000     
   0.0000000000000000     
   0.0000000000000000     
   0.0000000000000000     
   0.0000000000000000     
   0.0000000000000000     
   4.8906382956909536E-003
   7.1387326106926241E-003
   1.1905797936478182E-002
   9.9393785222966404E-003
   5.0880692329277966E-003
   6.2637876821107653E-003
   1.4421693308176364E-002
   1.3046253780332726E-002
   7.6190994866193002E-003
   1.4404715678777109E-002
   1.8770786515754718E-002
   1.2329263032890114E-002
   1.8361652114133559E-002
   1.4205230178330608E-002
   1.2264822875536568E-002
   9.8830926285488757E-003
   0.0000000000000000     
   0.0000000000000000     
   0.0000000000000000     
   0.0000000000000000     
   0.0000000000000000     
   0.0000000000000000     
   0.0000000000000000     
   0.0000000000000000     
   0.0000000000000000     
   0.0000000000000000     
   0.0000000000000000     
   0.0000000000000000     
   0.0000000000000000     
   0.0000000000000000     
   0.0000000000000000     
   0.0000000000000000     
   9.4070539072454266E-003
   9.5055244737804918E-003
   5.6276255829784379E-003
   3.8825389806076468E-003
   1.0581754545227133E-002
   6.5197401577378536E-003
   7.7200134582577698E-003
   5.1272854291511743E-003
   6.4715449733524872E-003
   3.3369008795291438E-003
   2.5543859940442832E-003
   5.3990427060939721E-003
   6.4147741989413441E-003
   1.4685356196202206E-003
   6.7463109908116811E-003
   5.8904793908428196E-003
   0.0000000000000000     
   0.0000000000000000     
   0.0000000000000000     
   0.0000000000000000     
   0.0000000000000000     
   0.0000000000000000     
   0.0000000000000000     
   0.0000000000000000     
   0.0000000000000000     
   0.0000000000000000     
   0.0000000000000000     
   0.0000000000000000     
   0.0000000000000000     
   0.0000000000000000     
   0.0000000000000000     
   0.0000000000000000     
   9.9798615509040286E-003
   1.1037848084645691E-002
   9.0514619138965507E-003
   4.7212971301550796E-003
   4.6161433971741005E-003
   1.0391448965232475E-002
   9.3956731744647432E-003
   1.4138411275452345E-002
   8.2937227094921750E-003
   8.9889459858804310E-003
   5.0940085015077647E-003
   7.7083474671344951E-003
   1.5296347140558183E-002
   6.2382745397361848E-003
   4.9786725966577457E-003
   6.8716774707679616E-003
   0.0000000000000000     
   0.0000000000000000     
   0.0000000000000000     
   0.0000000000000000     
   0.0000000000000000     
   0.0000000000000000     
   0.0000000000000000     
   0.0000000000000000     
   0.0000000000000000     
   0.0000000000000000     
   0.0000000000000000     
   0.0000000000000000     
   0.0000000000000000     
   0.0000000000000000     
   0.0000000000000000     
   0.0000000000000000     
   7.1706100785801632E-003
   1.0926600581231636E-002
   8.9613872000146710E-003
   6.2280760385328409E-003
   5.5945070480751483E-003
   7.9940324094311902E-003
   8.2820251967450024E-003
   9.5573382380252456E-003
   6.4525116455200360E-003
   5.2873023028378067E-003
   5.7078250187503014E-003
   2.0536199919337528E-002
   4.2380361134439354E-003
   5.8424867217560673E-003
   8.7602095899011363E-003
   9.2352451748315516E-003
   0.0000000000000000     
   0.0000000000000000     
   0.0000000000000000     
   0.0000000000000000     
   0.0000000000000000     
   0.0000000000000000     
   0.0000000000000000     
   0.0000000000000000     
   0.0000000000000000     
   0.0000000000000000     
   0.0000000000000000     
   0.0000000000000000     
   0.0000000000000000     
   0.0000000000000000     
   0.0000000000000000     
   0.0000000000000000     
   9.6862482187352640E-003
   2.5188151731401431E-003
   1.9234853662005145E-002
   6.5435386718783609E-003
   7.3211092017772027E-003
   8.6403037731446995E-003
   8.9755371382261237E-003
   1.2610852577222321E-002
   2.6016476971864703E-003
   7.0025258642034422E-003
   5.1241379428107869E-003
   7.9269681651292535E-003
   1.3840482486272105E-002
   5.4185203963258996E-003
   6.7198002303772006E-003
   1.9832203043103288E-002
   0.0000000000000000     
   0.0000000000000000     
   0.0000000000000000     
   0.0000000000000000     
   0.0000000000000000     
   0.0000000000000000     
   0.0000000000000000     
   0.0000000000000000     
   0.0000000000000000     
   0.0000000000000000     
   0.0000000000000000     
   0.0000000000000000     
   0.0000000000000000     
   0.0000000000000000     
   0.0000000000000000     
   0.0000000000000000     
   7.2114584553688542E-003
   1.0212496382868785E-002
   9.4896130153865835E-003
   7.8352611647639434E-003
   1.1919399316137258E-002
   1.2623385111114065E-002
   1.1001618389878388E-002
   7.8390918788100328E-003
   8.7250163056060044E-003
   1.0052245886176267E-002
   1.0969815626639564E-002
   2.2406769241212546E-002
   7.8027053004315642E-003
   1.5074563196368634E-002
   9.8038353161842996E-003
   1.5987917022689556E-002
   0.0000000000000000     
   0.0000000000000000     
   0.0000000000000000     
   0.0000000000000000     
   0.0000000000000000     
   0.0000000000000000     
   0.0000000000000000     
   0.0000000000000000     
   0.0000000000000000     
   0.0000000000000000     
   0.0000000000000000     
   0.0000000000000000     
   0.0000000000000000     
   0.0000000000000000     
   0.0000000000000000     
   0.0000000000000000     
   8.6950504826464169E-003
   8.9377455006691212E-003
   8.1168795054946657E-003
   3.6904010033563693E-003
   7.9705493946205831E-003
   1.1846611895024907E-002
   9.5836865685697183E-003
   7.9334032768331210E-003
   2.0493965363090789E-002
   6.5271363613580184E-003
   8.8535596871408412E-003
   5.6922471704911179E-003
   4.0891122357185790E-003
   7.4735822536669029E-003
   7.6362940145310440E-003
   7.3419058418399989E-003
   0.0000000000000000     
   0.0000000000000000     
   0.0000000000000000     
   0.0000000000000000     
   0.0000000000000000     
   0.0000000000000000     
   0.0000000000000000     
   0.0000000000000000     
   0.0000000000000000     
   0.0000000000000000     
   0.0000000000000000     
   0.0000000000000000     
   0.0000000000000000     
   0.0000000000000000     
   0.0000000000000000     
   0.0000000000000000     
   5.6449920845562289E-003
   1.2222997284815264E-002
   7.6641106854460324E-003
   7.5674922515228029E-003
   9.5663840924816099E-003
   1.8066069117434143E-002
   9.7699350793733781E-003
   5.1284747570073631E-003
   4.7817945606216722E-003
   9.6052785293943618E-003
   4.5044416500918541E-003
   6.9016566637094771E-003
   8.0848437518655971E-003
   7.7337652213276030E-003
   3.9852223956021587E-003
   5.3619010465777673E-003
   0.0000000000000000     
   0.0000000000000000     
   0.0000000000000000     
   0.0000000000000000     
   0.0000000000000000     
   0.0000000000000000     
   0.0000000000000000     
   0.0000000000000000     
   0.0000000000000000     
   0.0000000000000000     
   0.0000000000000000     
   0.0000000000000000     
   0.0000000000000000     
   0.0000000000000000     
   0.0000000000000000     
   0.0000000000000000     
   6.5332621482380249E-003
   1.0064492537575014E-002
   1.3350310341269678E-002
   7.3537795922491052E-003
   8.5894828957361405E-003
   4.7376485893391137E-003
   3.2013058820493296E-003
   5.5745346614297069E-003
   1.1910755766989578E-002
   8.3743915487774975E-003
   8.1423664884971835E-003
   1.2790621719855443E-002
   3.7854978788374009E-003
   8.7051421121402059E-003
   4.9103178177784266E-003
   9.3307073403188241E-003
   0.0000000000000000     
   0.0000000000000000     
   0.0000000000000000     
   0.0000000000000000     
   0.0000000000000000     
   0.0000000000000000     
   0.0000000000000000     
   0.0000000000000000     
   0.0000000000000000     
   0.0000000000000000     
   0.0000000000000000     
   0.0000000000000000     
   0.0000000000000000     
   0.0000000000000000     
   0.0000000000000000     
   0.0000000000000000     
   1.0359504180167955E-002
   5.6917084431401498E-003
   5.1502338107863787E-003
   1.0215681754858881E-002
   7.9702905300748604E-003
   1.0624407271401194E-002
   2.5966171196815206E-003
   1.1193272744965220E-002
   1.3553255835762588E-002
   4.9630257788182263E-003
   1.0813407342147346E-002
   1.0146116565517369E-002
   7.9967908008777566E-003
   1.0275325335302114E-002
   7.6474139629223274E-003
   2.3098152475595768E-002
   0.0000000000000000     
   0.0000000000000000     
   0.0000000000000000     
   0.0000000000000000     
   0.0000000000000000     
   0.0000000000000000     
   0.0000000000000000     
   0.0000000000000000     
   0.0000000000000000     
   0.0000000000000000     
   0.0000000000000000     
   0.0000000000000000     
   0.0000000000000000     
   0.0000000000000000     
   0.0000000000000000     
   0.0000000000000000     
   9.4864077624421724E-003
   1.4080877783937976E-002
   1.2653559928066237E-003
   8.4065274824627906E-003
   3.8187408132633774E-003
   2.8832887122287661E-002
   7.5643282503509955E-003
   1.5948162599697429E-002
   1.2561551135035608E-002
   8.7321288029341901E-003
   1.0225466001390791E-002
   3.6051054894166209E-003
   1.4055724193784714E-002
   1.0792840680401790E-002
   5.0025479062834419E-003
   7.4294311475776491E-003
   0.0000000000000000     
   0.0000000000000000     
   0.0000000000000000     
   0.0000000000000000     
   0.0000000000000000     
   0.0000000000000000     
   0.0000000000000000     
   0.0000000000000000     
   0.0000000000000000     
   0.0000000000000000     
   0.0000000000000000     
   0.0000000000000000     
   0.0000000000000000     
   0.0000000000000000     
   0.0000000000000000     
   0.0000000000000000     
   1.0978201243073762E-002
   1.4847473505510501E-002
   6.4860859727397342E-003
   1.0619826509993668E-002
   6.9007265874803710E-003
   1.7008153534550079E-002
   3.6589601826733931E-003
   1.1959605115297612E-002
   1.2078037768390126E-002
   9.0975626132939972E-003
   6.2760073285372722E-003
   7.2961186965959544E-003
   7.2788064723861854E-003
   1.5108904939751769E-002
   1.1748302815599193E-002
   1.2776056939993457E-002
   0.0000000000000000     
   0.0000000000000000     
   0.0000000000000000     
   0.0000000000000000     
   0.0000000000000000     
   0.0000000000000000     
   0.0000000000000000     
   0.0000000000000000     
   0.0000000000000000     
   0.0000000000000000     
   0.0000000000000000     
   0.0000000000000000     
   0.0000000000000000     
   0.0000000000000000     
   0.0000000000000000     
   0.0000000000000000     
   8.4551933951916292E-003
   2.3893952866913901E-003
   9.0406433780394133E-003
   2.5226085192253129E-002
   1.1075022672911879E-002
   1.8702470838340257E-002
   6.5922642249887815E-003
   1.1317664037108460E-002
   3.1557650284660169E-003
   8.3578875524178281E-003
   7.9141626388151178E-003
   2.0902736404607918E-002
   1.1933412776555245E-002
   6.7669245691075680E-003
   7.9875363560670803E-003
   7.5915857047497261E-003
   0.0000000000000000     
   0.0000000000000000     
   0.0000000000000000     
   0.0000000000000000     
   0.0000000000000000     
   0.0000000000000000     
   0.0000000000000000     
   0.0000000000000000     
   0.0000000000000000     
   0.0000000000000000     
   0.0000000000000000     
   0.0000000000000000     
   0.0000000000000000     
   0.0000000000000000     
   0.0000000000000000     
   0.0000000000000000     
   5.2507671251182430E-003
   6.5405048676091832E-003
   3.9807413410070493E-003
   5.9207313300097507E-003
   1.4132396549435051E-002
   3.8842270651503327E-003
   4.6520817448864127E-003
   8.5144891252168717E-003
   9.4963078153441644E-003
   2.0919511790847712E-002
   1.0534139465436711E-002
   9.1205449556502945E-003
   6.4422852514306444E-003
   6.8627741784789914E-003
   5.6349909252364598E-003
   6.0696717895982414E-003
   0.0000000000000000     
   0.0000000000000000     
   0.0000000000000000     
   0.0000000000000000     
   0.0000000000000000     
   0.0000000000000000     
   0.0000000000000000     
   0.0000000000000000     
   0.0000000000000000     
   0.0000000000000000     
   0.0000000000000000     
   0.0000000000000000     
   0.0000000000000000     
   0.0000000000000000     
   0.0000000000000000     
   0.0000000000000000     
   6.7795223520818277E-003
   6.1696081047381245E-003
   4.2919404405648200E-003
   4.8125611681323717E-003
   8.4588837329640926E-003
   4.8281854208322185E-003
   4.2685392317032807E-003
   1.2267754012080894E-002
   3.2519898548613382E-003
   7.6647102519440029E-003
   3.4210620640228555E-003
   7.0245571430810764E-003
   5.7438815986186956E-003
   7.8851137031023238E-003
   1.2024103737483621E-002
   7.6661088051810881E-003
   0.0000000000000000     
   0.0000000000000000     
   0.0000000000000000     
   0.0000000000000000     
   0.0000000000000000     
   0.0000000000000000     
   0.0000000000000000     
   0.0000000000000000     
   0.0000000000000000     
   0.0000000000000000     
   0.0000000000000000     
   0.0000000000000000     
   0.0000000000000000     
   0.0000000000000000     
   0.0000000000000000     
   0.0000000000000000     
   0.0000000000000000     
   0.0000000000000000     
   0.0000000000000000     
   0.0000000000000000     
   0.0000000000000000     
   0.0000000000000000     
   0.0000000000000000     
   0.0000000000000000     
   0.0000000000000000     
   0.0000000000000000     
   0.0000000000000000     
   0.0000000000000000     
   0.0000000000000000     
   0.0000000000000000     
   0.0000000000000000     
   0.0000000000000000     
   5.6887742650168476E-003
   8.7252695007031429E-003
   1.0847465364389266E-002
   5.3076437680075524E-003
   3.5541023520550006E-003
   4.6588357857680080E-003
   3.6354054320802218E-003
   1.0801566353063558E-002
   1.7737912507242711E-002
   6.4798080663341405E-003
   6.2145645273703311E-003
   9.3798681279498499E-003
   1.2813085211389600E-002
   8.8157185857033991E-003
   6.9997767806370429E-003
   6.2527753645617926E-003
   0.0000000000000000     
   0.0000000000000000     
   0.0000000000000000     
   0.0000000000000000     
   0.0000000000000000     
   0.0000000000000000     
   0.0000000000000000     
   0.0000000000000000     
   0.0000000000000000     
   0.0000000000000000     
   0.0000000000000000     
   0.0000000000000000     
   0.0000000000000000     
   0.0000000000000000     
   0.0000000000000000     
   0.0000000000000000     
   7.2076126738572950E-003
   1.1747118283997725E-002
   1.0510156194239581E-002
   2.1808897995868659E-002
   6.3155413835345254E-003
   8.1156468568068206E-003
   6.4248718188479985E-003
   6.8927094105438892E-003
   3.6564414098958602E-002
   8.1956904138749068E-003
   1.3254096373629730E-002
   7.5468167022388379E-003
   1.3265563472851519E-002
   1.0015932877555381E-002
   8.5643047688661687E-003
   1.0088833587540065E-002
   0.0000000000000000     
   0.0000000000000000     
   0.0000000000000000     
   0.0000000000000000     
   0.0000000000000000     
   0.0000000000000000     
   0.0000000000000000     
   0.0000000000000000     
   0.0000000000000000     
   0.0000000000000000     
   0.0000000000000000     
   0.0000000000000000     
   0.0000000000000000     
   0.0000000000000000     
   0.0000000000000000     
   0.0000000000000000     
   4.2508216486121832E-003
   4.5328303287592540E-003
   4.6532543241669857E-003
   2.5239659477478475E-002
   1.2926455143941354E-002
   7.1070680592536196E-003
   8.7961933131658968E-003
   7.2295347903638596E-003
   1.7608585029707007E-002
   9.4421199062389750E-003
   9.0609766065897455E-003
   9.7181641531398494E-003
   7.4565250915265445E-003
   4.6263947249946596E-003
   6.5840660028268381E-003
   1.1260001873826296E-002
   0.0000000000000000     
   0.0000000000000000     
   0.0000000000000000     
   0.0000000000000000     
   0.0000000000000000     
   0.0000000000000000     
   0.0000000000000000     
   0.0000000000000000     
   0.0000000000000000     
   0.0000000000000000     
   0.0000000000000000     
   0.0000000000000000     
   0.0000000000000000     
   0.0000000000000000     
   0.0000000000000000     
   0.0000000000000000     
   5.2950766107943917E-003
   6.6785422895050605E-003
   1.5941259255017239E-002
   3.6242097501122104E-003
   1.1611446859501898E-002
   3.4862884459544346E-003
   6.2733641658792166E-003
   6.5528035692439821E-003
   4.4493435688583764E-002
   1.7112971859631933E-002
   6.9590650662563376E-003
   7.0644296549053180E-003
   1.3008094150445845E-002
   9.3205052998157276E-003
   1.2467636121069050E-002
   8.5564437981782634E-003
   0.0000000000000000     
   0.0000000000000000     
   0.0000000000000000     
   0.0000000000000000     
   0.0000000000000000     
   0.0000000000000000     
   0.0000000000000000     
   0.0000000000000000     
   0.0000000000000000     
   0.0000000000000000     
   0.0000000000000000     
   0.0000000000000000     
   0.0000000000000000     
   0.0000000000000000     
   0.0000000000000000     
   0.0000000000000000     
   5.8083058241098912E-003
   3.6902921865522094E-003
   8.5468267642919583E-003
   2.3338717779335338E-002
   8.0820975945751269E-003
   6.9048818652306422E-003
   8.9844350011558764E-003
   9.9272974070399311E-003
   1.0922779393716038E-002
   1.4554185331640879E-002
   1.1317966771150644E-002
   8.6509041899662555E-003
   3.9709741661484331E-003
   6.6565309422657549E-003
   1.1670649815410413E-002
   1.1868661750503155E-002
   0.0000000000000000     
   0.0000000000000000     
   0.0000000000000000     
   0.0000000000000000     
   0.0000000000000000     
   0.0000000000000000     
   0.0000000000000000     
   0.0000000000000000     
   0.0000000000000000     
   0.0000000000000000     
   0.0000000000000000     
   0.0000000000000000     
   0.0000000000000000     
   0.0000000000000000     
   0.0000000000000000     
   0.0000000000000000     
   7.7051119502505325E-003
   9.8815351803572902E-003
   6.4353748830916786E-003
   2.8161634515478977E-002
   1.6508159452897405E-002
   7.7520820328189546E-003
   1.2979633488711824E-002
   7.3310245647355493E-003
   5.6979390499579370E-003
   1.0994776022254739E-002
   1.5238181270830558E-002
   1.5019774473120378E-002
   8.3374697192189155E-003
   5.7919781790386005E-003
   1.0332235121605778E-002
   6.3250470707080335E-003
   0.0000000000000000     
   0.0000000000000000     
   0.0000000000000000     
   0.0000000000000000     
   0.0000000000000000     
   0.0000000000000000     
   0.0000000000000000     
   0.0000000000000000     
   0.0000000000000000     
   0.0000000000000000     
   0.0000000000000000     
   0.0000000000000000     
   0.0000000000000000     
   0.0000000000000000     
   0.0000000000000000     
   0.0000000000000000     
   8.2255110390145863E-003
   4.5930399910009021E-003
   3.2004904551056583E-003
   4.1553964532955439E-003
   2.9830410769614599E-003
   4.3761249209760900E-003
   1.0851756068542466E-002
   1.6653998061330121E-002
   7.3829779354955705E-003
   9.0867353829886584E-003
   9.5361376378793935E-003
   2.2738948156454077E-002
   1.0635432062575950E-002
   8.2640924911797503E-003
   8.4322332983752697E-003
   7.5697947971187993E-003
   0.0000000000000000     
   0.0000000000000000     
   0.0000000000000000     
   0.0000000000000000     
   0.0000000000000000     
   0.0000000000000000     
   0.0000000000000000     
   0.0000000000000000     
   0.0000000000000000     
   0.0000000000000000     
   0.0000000000000000     
   0.0000000000000000     
   0.0000000000000000     
   0.0000000000000000     
   0.0000000000000000     
   0.0000000000000000     
   1.8885933592598218E-002
   1.7165320906682553E-002
   1.4113704384006290E-002
   2.1718755553662067E-002
   1.1964555456265787E-002
   1.3551360638558121E-002
   1.1464996398167126E-002
   7.5356442615280798E-003
   3.0134080052587914E-002
   1.8212421236078732E-002
   9.1118006781629873E-003
   6.6715600027513252E-003
   1.7656799772746076E-002
   3.6755639520000723E-003
   7.4295631536844351E-003
   7.0811863111646060E-003
   0.0000000000000000     
   0.0000000000000000     
   0.0000000000000000     
   0.0000000000000000     
   0.0000000000000000     
   0.0000000000000000     
   0.0000000000000000     
   0.0000000000000000     
   0.0000000000000000     
   0.0000000000000000     
   0.0000000000000000     
   0.0000000000000000     
   0.0000000000000000     
   0.0000000000000000     
   0.0000000000000000     
   0.0000000000000000     
   4.3476114649604151E-003
   5.4121119415660732E-003
   9.2781873051359966E-003
   1.8778106724230931E-002
   5.2407485437124925E-003
   7.8012213818692009E-003
   2.6218537749641935E-003
   1.1292868479349967E-002
   1.1583459592222758E-002
   3.9664271767626417E-003
   6.1276477125060810E-003
   7.6123663389681857E-003
   8.8090909126439486E-003
   8.6090279237716113E-003
   6.2706596924298006E-003
   6.0979808317774623E-003
   0.0000000000000000     
   0.0000000000000000     
   0.0000000000000000     
   0.0000000000000000     
   0.0000000000000000     
   0.0000000000000000     
   0.0000000000000000     
   0.0000000000000000     
   0.0000000000000000     
   0.0000000000000000     
   0.0000000000000000     
   0.0000000000000000     
   0.0000000000000000     
   0.0000000000000000     
   0.0000000000000000     
   0.0000000000000000     
   8.4304813524252419E-003
   1.5407342363328571E-002
   1.4440522366738172E-002
   2.0141473007529612E-002
   1.9565570460797068E-002
   7.2952866870268102E-003
   1.1319659196075664E-002
   8.4368857720910802E-003
   1.1913879111039395E-002
   4.8461720948415280E-003
   8.9234361497622892E-003
   1.8753708049431269E-002
   1.1631441638488662E-002
   1.5103420844087598E-002
   1.3904331551859958E-002
   3.9452097380518183E-003
   0.0000000000000000     
   0.0000000000000000     
   0.0000000000000000     
   0.0000000000000000     
   0.0000000000000000     
   0.0000000000000000     
   0.0000000000000000     
   0.0000000000000000     
   0.0000000000000000     
   0.0000000000000000     
   0.0000000000000000     
   0.0000000000000000     
   0.0000000000000000     
   0.0000000000000000     
   0.0000000000000000     
   0.0000000000000000     
   5.4513416147109134E-003
   1.3948437293658548E-002
   1.0962856387157138E-002
   3.5317414623145062E-002
   1.0383801262359764E-002
   1.0213847099855488E-002
   7.7863538971056235E-003
   9.1415813087530346E-003
  0.10474499240832987     
   3.7163202965034441E-002
   2.1062810275454057E-002
   1.3385771702843826E-002
   1.6155438562650688E-002
   6.7210228388410072E-003
   1.3243755768669136E-002
   9.1670352790505765E-003
   0.0000000000000000     
   0.0000000000000000     
   0.0000000000000000     
   0.0000000000000000     
   0.0000000000000000     
   0.0000000000000000     
   0.0000000000000000     
   0.0000000000000000     
   0.0000000000000000     
   0.0000000000000000     
   0.0000000000000000     
   0.0000000000000000     
   0.0000000000000000     
   0.0000000000000000     
   0.0000000000000000     
   0.0000000000000000     
   4.7641943573148949E-003
   1.4492132667242918E-002
   9.8141933082184479E-003
   9.4945067866212974E-003
   9.7984548109565708E-003
   6.6095876663357610E-003
   2.8153922800528094E-003
   7.3350455466600203E-003
   1.2929245491316575E-002
   1.1142210580905317E-002
   1.8587087236148433E-002
   8.7629793210734514E-003
   7.2244194902761410E-003
   7.0376641386309408E-003
   9.1311481766581364E-003
   7.6539142043889957E-003
   0.0000000000000000     
   0.0000000000000000     
   0.0000000000000000     
   0.0000000000000000     
   0.0000000000000000     
   0.0000000000000000     
   0.0000000000000000     
   0.0000000000000000     
   0.0000000000000000     
   0.0000000000000000     
   0.0000000000000000     
   0.0000000000000000     
   0.0000000000000000     
   0.0000000000000000     
   0.0000000000000000     
   0.0000000000000000     
   1.1297206538269756E-002
   7.9645376368062976E-003
   1.5822173006434879E-002
   5.3918977831435913E-002
   1.4894858274053123E-002
   9.5052213037765173E-003
   6.6794649524939574E-003
   5.2211661076154749E-003
   7.0809462856683001E-003
   4.8217232170817814E-003
   1.3382790496529124E-002
   7.4291691954825271E-003
   3.4470016163226621E-003
   9.3857738013015234E-003
   1.0746365729723352E-002
   1.6766557646610537E-002
   0.0000000000000000     
   0.0000000000000000     
   0.0000000000000000     
   0.0000000000000000     
   0.0000000000000000     
   0.0000000000000000     
   0.0000000000000000     
   0.0000000000000000     
   0.0000000000000000     
   0.0000000000000000     
   0.0000000000000000     
   0.0000000000000000     
   0.0000000000000000     
   0.0000000000000000     
   0.0000000000000000     
   0.0000000000000000     
   7.3951613806167568E-003
   1.9697389905928363E-002
   9.5176056465605362E-003
   2.4799963120845449E-002
   2.1998244766015827E-002
   9.7047802802882784E-003
   2.4170022192487164E-002
   5.7597956560518637E-003
   9.2814053856283985E-003
   1.2740610143918302E-002
   1.4256790697168630E-002
   5.2668230003508412E-003
   1.4634650653796219E-002
   7.9455662781288561E-003
   1.1883359744915769E-002
   4.6352021016224619E-003
   0.0000000000000000     
   0.0000000000000000     
   0.0000000000000000     
   0.0000000000000000     
   0.0000000000000000     
   0.0000000000000000     
   0.0000000000000000     
   0.0000000000000000     
   0.0000000000000000     
   0.0000000000000000     
   0.0000000000000000     
   0.0000000000000000     
   0.0000000000000000     
   0.0000000000000000     
   0.0000000000000000     
   0.0000000000000000     
   1.1730352901834114E-002
   3.6303165775118640E-003
   8.9647617347946764E-003
   7.9063141839865958E-002
   1.8154654149930751E-002
   7.3201079616125337E-003
   8.4417180939979474E-003
   7.1837848185759062E-003
   6.9855217063892125E-003
   8.8995011734325745E-003
   1.4815266821281333E-002
   4.2769284029345522E-003
   1.2754579406777744E-002
   1.0658220726192835E-002
   1.0775767716937694E-002
   8.7545647124073825E-003
   0.0000000000000000     
   0.0000000000000000     
   0.0000000000000000     
   0.0000000000000000     
   0.0000000000000000     
   0.0000000000000000     
   0.0000000000000000     
   0.0000000000000000     
   0.0000000000000000     
   0.0000000000000000     
   0.0000000000000000     
   0.0000000000000000     
   0.0000000000000000     
   0.0000000000000000     
   0.0000000000000000     
   0.0000000000000000     
   1.0752690292038800E-002
   7.6424694608189124E-003
   6.7427381877635563E-003
   7.8314440156597685E-003
   1.1589650925901293E-002
   2.4254250766870631E-003
   8.3106099921002700E-003
   3.1429110856300438E-003
   7.4950551196813963E-003
   1.3038630416564083E-002
   9.9491278381551376E-003
   9.8702630932333696E-003
   8.4680894247073143E-003
   7.0082529785223139E-003
   5.3731464321422947E-003
   6.7047128550700354E-003
