  -1.4867761658982553E-008
   1.8439107657307074E-005
   9.5298517532301666E-006
  -1.1026816746278185E-005
   2.0302739605898877E-005
   5.6547437684980692E-005
   8.1815308578415684E-005
  -1.1330959407220912E-005
  -1.0717466769981249E-005
   1.0747287165425977E-005
   1.9256772986558828E-005
  -1.4817836166427628E-005
   1.3292802474766810E-005
   1.5432379101442296E-005
  -9.4176750297254384E-006
   3.0541863368986524E-005
   0.0000000000000000     
   0.0000000000000000     
   0.0000000000000000     
   0.0000000000000000     
   0.0000000000000000     
   0.0000000000000000     
   0.0000000000000000     
   0.0000000000000000     
   0.0000000000000000     
   0.0000000000000000     
   0.0000000000000000     
   0.0000000000000000     
   0.0000000000000000     
   0.0000000000000000     
   0.0000000000000000     
   0.0000000000000000     
   2.6653959433736882E-005
   2.0705016169341029E-005
  -5.9299951981902599E-005
   2.0622312904604025E-005
   2.6156529283491619E-005
   6.3563053271658800E-005
   1.4148035603566106E-005
  -3.3789285721379808E-005
  -4.9429956204651555E-005
   2.1873572521163469E-005
   3.5428131820122038E-005
   3.3241680051276870E-006
  -4.3526607852866053E-005
   1.6179945571482471E-005
   3.2861177487450968E-005
   1.9929252740819031E-004
   0.0000000000000000     
   0.0000000000000000     
   0.0000000000000000     
   0.0000000000000000     
   0.0000000000000000     
   0.0000000000000000     
   0.0000000000000000     
   0.0000000000000000     
   0.0000000000000000     
   0.0000000000000000     
   0.0000000000000000     
   0.0000000000000000     
   0.0000000000000000     
   0.0000000000000000     
   0.0000000000000000     
   0.0000000000000000     
   4.9529999562051781E-005
   1.0065414012662467E-004
   4.6983775989069213E-005
   4.4428684471321258E-005
   9.3270362671395201E-005
   1.5178864061238606E-004
   8.7566251606434900E-005
   8.5052875377831743E-005
  -6.6524875896838921E-005
  -6.6635936964662857E-006
  -4.4884161702907906E-005
  -5.7132768301587750E-005
  -8.2942483868128893E-005
  -4.8512441306922631E-005
   2.2746385983249688E-005
  -6.9129292340245336E-005
   0.0000000000000000     
   0.0000000000000000     
   0.0000000000000000     
   0.0000000000000000     
   0.0000000000000000     
   0.0000000000000000     
   0.0000000000000000     
   0.0000000000000000     
   0.0000000000000000     
   0.0000000000000000     
   0.0000000000000000     
   0.0000000000000000     
   0.0000000000000000     
   0.0000000000000000     
   0.0000000000000000     
   0.0000000000000000     
   4.8514621630910695E-007
   6.8730930620422074E-005
   2.9948039228856463E-005
  -1.2168887609654138E-005
   3.2254918353997516E-005
   2.2981727606098336E-005
   9.2204548692423257E-005
   4.7949933085393945E-006
  -4.4567619567299614E-005
  -4.6946620347798284E-005
   1.6331737007560683E-005
  -2.5312930531132807E-005
  -1.5720644668922993E-005
  -5.2651897036944421E-006
  -1.6437340504229436E-005
  -7.1624987597713005E-005
   0.0000000000000000     
   0.0000000000000000     
   0.0000000000000000     
   0.0000000000000000     
   0.0000000000000000     
   0.0000000000000000     
   0.0000000000000000     
   0.0000000000000000     
   0.0000000000000000     
   0.0000000000000000     
   0.0000000000000000     
   0.0000000000000000     
   0.0000000000000000     
   0.0000000000000000     
   0.0000000000000000     
   0.0000000000000000     
  -1.8620591721319585E-005
  -3.5796090037517787E-005
  -2.7167558953324000E-005
  -2.7831565123045346E-005
  -4.7662102458126925E-006
  -3.9076627910588613E-005
  -2.0476624779519267E-005
  -1.7991936507547883E-005
   4.8401173600371010E-005
  -1.7981794770345108E-008
  -3.2007870226111366E-005
   6.3472631132870824E-005
   1.1025038829591447E-004
   4.3277218656508155E-005
  -8.3167931970725004E-006
   7.4282304177497539E-005
   0.0000000000000000     
   0.0000000000000000     
   0.0000000000000000     
   0.0000000000000000     
   0.0000000000000000     
   0.0000000000000000     
   0.0000000000000000     
   0.0000000000000000     
   0.0000000000000000     
   0.0000000000000000     
   0.0000000000000000     
   0.0000000000000000     
   0.0000000000000000     
   0.0000000000000000     
   0.0000000000000000     
   0.0000000000000000     
   3.9819721514666717E-005
  -2.9855300037854125E-005
  -5.8162296869498585E-005
   2.0659749187476261E-006
   2.2405631429076167E-005
   1.5326592016862604E-007
  -4.8339994388158613E-005
  -4.9574593214858823E-005
   4.5245297768725257E-005
   2.2498674152515517E-005
  -1.6174610674854547E-005
  -7.8568405557020215E-006
   1.7593404510547379E-005
   4.4237427472250946E-005
   4.6011997022473769E-006
   1.0136733243498585E-004
   0.0000000000000000     
   0.0000000000000000     
   0.0000000000000000     
   0.0000000000000000     
   0.0000000000000000     
   0.0000000000000000     
   0.0000000000000000     
   0.0000000000000000     
   0.0000000000000000     
   0.0000000000000000     
   0.0000000000000000     
   0.0000000000000000     
   0.0000000000000000     
   0.0000000000000000     
   0.0000000000000000     
   0.0000000000000000     
  -4.3000336887674707E-005
   4.7343700707813208E-005
   2.8431706189126330E-005
  -3.9945792963866646E-005
   3.8330944373768002E-005
   4.9773197399244187E-005
   7.3636245856040817E-006
  -9.7595118276722140E-006
  -6.9937598977042600E-006
   3.1597187066085003E-005
  -4.9469113922693372E-005
   1.0763921029550118E-006
  -1.0855177227887317E-005
  -1.1441245371892473E-005
  -1.6657464846378722E-005
   1.9288015354700386E-005
   0.0000000000000000     
   0.0000000000000000     
   0.0000000000000000     
   0.0000000000000000     
   0.0000000000000000     
   0.0000000000000000     
   0.0000000000000000     
   0.0000000000000000     
   0.0000000000000000     
   0.0000000000000000     
   0.0000000000000000     
   0.0000000000000000     
   0.0000000000000000     
   0.0000000000000000     
   0.0000000000000000     
   0.0000000000000000     
  -1.6664072439931234E-004
   1.0719158364782952E-005
   1.1332376184449391E-005
  -1.0287773904621249E-004
  -1.2340872058739190E-005
  -6.7258117555947167E-005
   2.1926271997774648E-005
  -1.7888099824678294E-005
  -2.7555630029609591E-005
  -2.3249154038258080E-006
   6.3636774554163400E-005
   2.2114832609828884E-004
   3.0364336369377856E-005
  -1.8392317302390352E-005
   8.7069602581284592E-007
   5.6321822017248634E-005
   0.0000000000000000     
   0.0000000000000000     
   0.0000000000000000     
   0.0000000000000000     
   0.0000000000000000     
   0.0000000000000000     
   0.0000000000000000     
   0.0000000000000000     
   0.0000000000000000     
   0.0000000000000000     
   0.0000000000000000     
   0.0000000000000000     
   0.0000000000000000     
   0.0000000000000000     
   0.0000000000000000     
   0.0000000000000000     
   1.6172077968165151E-005
  -2.4816168930370564E-005
  -2.8299493307203735E-005
   1.1079011541378727E-005
  -6.6670869118159789E-005
  -8.9604341076468790E-005
  -8.9567587971170793E-005
  -7.0514784672833948E-005
   3.6724075678261525E-005
  -2.9200536436434568E-005
   7.8269261438466713E-006
   2.4278309215000219E-006
   6.2560546038862560E-005
   6.7888277243879653E-005
   5.3766213833216467E-005
   1.8879692901374264E-004
   0.0000000000000000     
   0.0000000000000000     
   0.0000000000000000     
   0.0000000000000000     
   0.0000000000000000     
   0.0000000000000000     
   0.0000000000000000     
   0.0000000000000000     
   0.0000000000000000     
   0.0000000000000000     
   0.0000000000000000     
   0.0000000000000000     
   0.0000000000000000     
   0.0000000000000000     
   0.0000000000000000     
   0.0000000000000000     
   3.2274417183516732E-004
  -2.7376872755123537E-004
  -4.2409220308466735E-004
   1.7112538197230518E-004
  -5.7604426722403929E-004
  -6.6203564064777474E-005
  -3.3707798189751466E-004
  -6.7239003080256366E-004
   1.6888614057812491E-004
   6.4524743409665106E-005
  -2.0383052560359857E-005
  -5.1199769506515857E-004
  -1.0917390707775988E-005
   8.9307438787956833E-005
   8.7662658475792828E-005
   1.6557813021987112E-003
   0.0000000000000000     
   0.0000000000000000     
   0.0000000000000000     
   0.0000000000000000     
   0.0000000000000000     
   0.0000000000000000     
   0.0000000000000000     
   0.0000000000000000     
   0.0000000000000000     
   0.0000000000000000     
   0.0000000000000000     
   0.0000000000000000     
   0.0000000000000000     
   0.0000000000000000     
   0.0000000000000000     
   0.0000000000000000     
   2.6984216557829494E-005
   1.1293015448566737E-005
  -1.9631316085630545E-005
   3.4557143244372704E-005
   4.3407265054065711E-005
   7.5183854002403315E-005
  -2.4757866453659570E-005
   1.6847239619717724E-005
   1.3199986640953154E-005
  -2.5051889982560722E-005
  -4.8451358454841765E-005
  -4.1368988043608817E-005
  -5.9894632904207110E-005
  -4.1510960014273264E-005
  -1.4463244021581713E-005
   1.6134587657167294E-005
   0.0000000000000000     
   0.0000000000000000     
   0.0000000000000000     
   0.0000000000000000     
   0.0000000000000000     
   0.0000000000000000     
   0.0000000000000000     
   0.0000000000000000     
   0.0000000000000000     
   0.0000000000000000     
   0.0000000000000000     
   0.0000000000000000     
   0.0000000000000000     
   0.0000000000000000     
   0.0000000000000000     
   0.0000000000000000     
   6.8765251352648300E-005
   7.4505463823723846E-005
   9.5215346267557137E-007
   8.4234344613225821E-005
   1.6179966815427029E-004
  -7.5045504572297109E-005
  -9.0416903129852638E-005
  -1.5753253234170493E-005
  -3.9500787926893533E-006
  -3.7694119469127538E-005
  -9.6146216248010191E-005
   1.7733871984218184E-005
   5.1343237973896095E-005
  -2.6456394873077086E-005
  -1.6853616520853517E-005
   3.8092177647481334E-005
   0.0000000000000000     
   0.0000000000000000     
   0.0000000000000000     
   0.0000000000000000     
   0.0000000000000000     
   0.0000000000000000     
   0.0000000000000000     
   0.0000000000000000     
   0.0000000000000000     
   0.0000000000000000     
   0.0000000000000000     
   0.0000000000000000     
   0.0000000000000000     
   0.0000000000000000     
   0.0000000000000000     
   0.0000000000000000     
   3.9151427239300168E-006
  -6.0723262169363548E-006
  -9.2943019088719071E-005
  -9.3412570068275062E-005
  -3.7960278564902084E-005
   4.7621555349700610E-005
  -2.2089837254853584E-005
  -1.3914312785052963E-004
   2.7069167498451817E-006
   4.2959783266778754E-005
   4.5183277588169198E-005
   1.3483482216805957E-005
  -1.0812916181863164E-005
   9.5348996209529131E-005
   2.8997848577242315E-005
   2.8951225115535683E-006
   0.0000000000000000     
   0.0000000000000000     
   0.0000000000000000     
   0.0000000000000000     
   0.0000000000000000     
   0.0000000000000000     
   0.0000000000000000     
   0.0000000000000000     
   0.0000000000000000     
   0.0000000000000000     
   0.0000000000000000     
   0.0000000000000000     
   0.0000000000000000     
   0.0000000000000000     
   0.0000000000000000     
   0.0000000000000000     
   2.9271606963379064E-004
  -2.1282989699408063E-005
  -7.7057694818381437E-005
   1.5386845538607229E-004
   2.9507659105308784E-005
   4.5644643955744867E-005
  -8.1091333990051869E-005
  -2.5102811088559236E-005
   2.5548526477658165E-005
   1.2365293093876193E-005
  -1.1654111177680908E-004
  -2.7039458504584237E-004
  -1.1488248448695243E-004
  -1.7208507682357181E-005
  -3.9160407472320965E-005
   2.7932468203455704E-005
   0.0000000000000000     
   0.0000000000000000     
   0.0000000000000000     
   0.0000000000000000     
   0.0000000000000000     
   0.0000000000000000     
   0.0000000000000000     
   0.0000000000000000     
   0.0000000000000000     
   0.0000000000000000     
   0.0000000000000000     
   0.0000000000000000     
   0.0000000000000000     
   0.0000000000000000     
   0.0000000000000000     
   0.0000000000000000     
   4.1513922928976930E-005
   8.1123976280245044E-005
   4.8211374671507744E-005
   6.8882549460959000E-005
   2.4287898545367587E-005
   3.9091006703977490E-005
   8.8002608546425778E-005
   4.7328113063218352E-005
  -1.1653394005007681E-004
  -1.2477892813826172E-005
  -4.2114849307502483E-005
  -1.1770848360963837E-004
  -1.6686903163262728E-004
  -2.3005347734161694E-005
  -1.6652701898780264E-005
  -1.0024804866333537E-004
   0.0000000000000000     
   0.0000000000000000     
   0.0000000000000000     
   0.0000000000000000     
   0.0000000000000000     
   0.0000000000000000     
   0.0000000000000000     
   0.0000000000000000     
   0.0000000000000000     
   0.0000000000000000     
   0.0000000000000000     
   0.0000000000000000     
   0.0000000000000000     
   0.0000000000000000     
   0.0000000000000000     
   0.0000000000000000     
  -8.3236360236329523E-006
   5.0908715104547593E-005
   9.3341696792959848E-006
   1.8004654625752445E-005
   4.1614750939976914E-006
   9.0484671730601369E-006
   6.1078642529507139E-006
  -3.7359775860335436E-005
  -9.1464799490286315E-005
  -2.0819269276991277E-005
  -6.7032989022559398E-006
  -8.7277040218126448E-005
  -1.1255610697680995E-004
   3.8448884721670377E-005
   5.9132885336251477E-005
  -6.6224824076680126E-005
   0.0000000000000000     
   0.0000000000000000     
   0.0000000000000000     
   0.0000000000000000     
   0.0000000000000000     
   0.0000000000000000     
   0.0000000000000000     
   0.0000000000000000     
   0.0000000000000000     
   0.0000000000000000     
   0.0000000000000000     
   0.0000000000000000     
   0.0000000000000000     
   0.0000000000000000     
   0.0000000000000000     
   0.0000000000000000     
   0.0000000000000000     
   0.0000000000000000     
   0.0000000000000000     
   0.0000000000000000     
   0.0000000000000000     
   0.0000000000000000     
   0.0000000000000000     
   0.0000000000000000     
   0.0000000000000000     
   0.0000000000000000     
   0.0000000000000000     
   0.0000000000000000     
   0.0000000000000000     
   0.0000000000000000     
   0.0000000000000000     
   0.0000000000000000     
   6.7134336105202858E-005
  -3.5310511193313434E-005
   2.7355659029262895E-005
  -1.6341679082093320E-004
  -5.3998806473360768E-006
  -3.2641676307419323E-005
  -2.8909766382428626E-005
  -7.7096526890488699E-005
  -5.9565404289578909E-005
  -6.3017490378706537E-005
  -3.5280494669479736E-005
  -3.7744040521412936E-005
  -6.3703476049674312E-006
  -2.6859670151840279E-005
   4.1215130045277719E-005
   1.9075915198764625E-005
   0.0000000000000000     
   0.0000000000000000     
   0.0000000000000000     
   0.0000000000000000     
   0.0000000000000000     
   0.0000000000000000     
   0.0000000000000000     
   0.0000000000000000     
   0.0000000000000000     
   0.0000000000000000     
   0.0000000000000000     
   0.0000000000000000     
   0.0000000000000000     
   0.0000000000000000     
   0.0000000000000000     
   0.0000000000000000     
  -1.6989885689795329E-004
  -3.3774857442744647E-005
   1.6404400876715640E-004
   5.8400135027601924E-004
  -1.0708245210488477E-004
  -5.1160837346555922E-005
   2.7744129566340632E-005
   8.5124614950279060E-005
  -7.4361459441711389E-005
  -8.5748919702580687E-005
   9.2581837239988086E-006
  -4.8762521998056845E-005
  -6.5767786348292144E-006
  -2.0564706534739170E-005
   4.8491987448670547E-005
   7.8652927065905398E-005
   0.0000000000000000     
   0.0000000000000000     
   0.0000000000000000     
   0.0000000000000000     
   0.0000000000000000     
   0.0000000000000000     
   0.0000000000000000     
   0.0000000000000000     
   0.0000000000000000     
   0.0000000000000000     
   0.0000000000000000     
   0.0000000000000000     
   0.0000000000000000     
   0.0000000000000000     
   0.0000000000000000     
   0.0000000000000000     
  -9.9840661827051705E-005
  -1.5205228302486273E-004
   7.5482021092661804E-005
   2.4251932459264355E-004
  -9.6928062907567791E-005
  -3.1786947439573217E-005
   2.4953454304472256E-005
   3.1135577456781224E-005
  -4.4164472538901921E-005
  -6.9646142270456040E-005
  -6.4060862614205794E-006
   3.6901799890284628E-005
   1.5671120130267108E-006
  -7.8797573328275342E-005
   1.7226129206237270E-005
   7.5386254387913444E-005
   0.0000000000000000     
   0.0000000000000000     
   0.0000000000000000     
   0.0000000000000000     
   0.0000000000000000     
   0.0000000000000000     
   0.0000000000000000     
   0.0000000000000000     
   0.0000000000000000     
   0.0000000000000000     
   0.0000000000000000     
   0.0000000000000000     
   0.0000000000000000     
   0.0000000000000000     
   0.0000000000000000     
   0.0000000000000000     
   1.1962493469944325E-005
  -6.2916647226795289E-005
  -1.3456157920309634E-005
  -7.2172130346344435E-005
   3.9340175158946402E-005
   9.5881357718960457E-006
  -9.9565660101122444E-006
  -1.0724015728793177E-005
   1.8116958184205076E-005
  -2.6309820423873228E-005
  -7.8128840184025551E-005
  -2.6587318740510058E-005
   3.3832500756178911E-005
   1.8375862071700147E-005
   8.0214057296981668E-006
   9.7589441525114630E-006
   0.0000000000000000     
   0.0000000000000000     
   0.0000000000000000     
   0.0000000000000000     
   0.0000000000000000     
   0.0000000000000000     
   0.0000000000000000     
   0.0000000000000000     
   0.0000000000000000     
   0.0000000000000000     
   0.0000000000000000     
   0.0000000000000000     
   0.0000000000000000     
   0.0000000000000000     
   0.0000000000000000     
   0.0000000000000000     
  -1.4351593718558709E-004
  -2.0562376401521776E-004
   2.1961643646444922E-004
   8.2480907743129306E-004
  -5.8657795884476878E-005
  -1.1571929523879896E-005
   3.5767959243837606E-005
   1.1726202752893177E-004
  -1.2519936342052598E-004
  -9.4501689241610883E-005
  -2.8133125238884384E-005
  -7.3832082434885612E-005
   9.4979194143260031E-006
  -1.2370559205293223E-004
   2.8195832704066308E-005
   1.1062978410157753E-004
   0.0000000000000000     
   0.0000000000000000     
   0.0000000000000000     
   0.0000000000000000     
   0.0000000000000000     
   0.0000000000000000     
   0.0000000000000000     
   0.0000000000000000     
   0.0000000000000000     
   0.0000000000000000     
   0.0000000000000000     
   0.0000000000000000     
   0.0000000000000000     
   0.0000000000000000     
   0.0000000000000000     
   0.0000000000000000     
  -3.3616590370802793E-004
  -1.1364458433619863E-004
   2.3506102027893465E-004
   1.3076563584223434E-003
  -8.5072788401522481E-005
  -1.8561497823187943E-005
   9.0137594971827605E-005
   2.8037403339441187E-004
  -7.6301148968567164E-005
  -5.1272094297550264E-005
   7.8240956635865910E-005
  -9.7990003583441190E-005
  -5.4190604440804584E-006
  -7.6242827910028653E-005
   2.3869333754080038E-005
   1.4464485000087143E-004
   0.0000000000000000     
   0.0000000000000000     
   0.0000000000000000     
   0.0000000000000000     
   0.0000000000000000     
   0.0000000000000000     
   0.0000000000000000     
   0.0000000000000000     
   0.0000000000000000     
   0.0000000000000000     
   0.0000000000000000     
   0.0000000000000000     
   0.0000000000000000     
   0.0000000000000000     
   0.0000000000000000     
   0.0000000000000000     
  -1.2900455457759034E-004
  -5.5821454638770485E-005
   8.9111989146470821E-005
   3.9448335443575868E-004
  -8.9536370249750406E-005
  -1.9537936611530130E-005
   3.3844874907542122E-005
   6.2724682360147435E-005
  -8.0730661420295359E-005
  -2.5804915229424009E-005
   1.0929634933369817E-005
  -2.2903825467609581E-005
   4.1992375696906416E-006
  -5.2677829685587842E-005
   4.4580600963388370E-005
   7.9785822859430628E-005
   0.0000000000000000     
   0.0000000000000000     
   0.0000000000000000     
   0.0000000000000000     
   0.0000000000000000     
   0.0000000000000000     
   0.0000000000000000     
   0.0000000000000000     
   0.0000000000000000     
   0.0000000000000000     
   0.0000000000000000     
   0.0000000000000000     
   0.0000000000000000     
   0.0000000000000000     
   0.0000000000000000     
   0.0000000000000000     
  -2.3925088367598041E-006
  -6.6987039285699816E-005
   6.8238325382555609E-005
   5.1105805966914742E-005
   2.6387761790964074E-005
   2.1502137678880406E-006
   1.3391772934269231E-005
   1.8593450911360899E-005
  -1.2427205108282233E-005
  -3.6654670698234383E-005
  -7.4050773474651743E-005
  -2.2798013520201828E-005
   2.7507520691906610E-005
  -2.3267091690682817E-005
   1.0706381369640465E-005
  -2.6653323841299318E-006
   0.0000000000000000     
   0.0000000000000000     
   0.0000000000000000     
   0.0000000000000000     
   0.0000000000000000     
   0.0000000000000000     
   0.0000000000000000     
   0.0000000000000000     
   0.0000000000000000     
   0.0000000000000000     
   0.0000000000000000     
   0.0000000000000000     
   0.0000000000000000     
   0.0000000000000000     
   0.0000000000000000     
   0.0000000000000000     
   4.1784340340755165E-006
  -2.9648266556855637E-005
   2.6656996944211440E-005
   1.5126346051996668E-004
   2.5527289625354107E-005
   2.9460857137957313E-005
   1.2005394104261103E-005
   1.7088783266171414E-006
  -1.6693796040686071E-005
   1.2582405310430596E-005
  -4.1806446651815671E-005
  -5.1538720766804070E-005
  -4.4517127536909975E-005
  -1.3235191810696030E-005
  -5.7841090989101648E-006
  -5.5520593400592603E-005
   0.0000000000000000     
   0.0000000000000000     
   0.0000000000000000     
   0.0000000000000000     
   0.0000000000000000     
   0.0000000000000000     
   0.0000000000000000     
   0.0000000000000000     
   0.0000000000000000     
   0.0000000000000000     
   0.0000000000000000     
   0.0000000000000000     
   0.0000000000000000     
   0.0000000000000000     
   0.0000000000000000     
   0.0000000000000000     
  -1.5156478387134720E-004
  -1.7793876944905992E-005
   5.6452039917608831E-005
   4.3601423134044005E-004
  -1.2876042940691501E-005
   1.1282855403495383E-005
   1.9521355808763690E-005
   9.2786355075216085E-005
  -2.8800314636425372E-005
   5.5551742749520458E-006
  -1.0304678999110086E-005
  -5.1851376732195179E-005
   1.5389328409105694E-006
   2.9623066937233053E-005
  -3.8039775802161105E-005
  -6.6925125383165399E-006
   0.0000000000000000     
   0.0000000000000000     
   0.0000000000000000     
   0.0000000000000000     
   0.0000000000000000     
   0.0000000000000000     
   0.0000000000000000     
   0.0000000000000000     
   0.0000000000000000     
   0.0000000000000000     
   0.0000000000000000     
   0.0000000000000000     
   0.0000000000000000     
   0.0000000000000000     
   0.0000000000000000     
   0.0000000000000000     
  -2.0979869258239535E-004
  -1.2168306661498635E-004
   1.0542728028953130E-004
   6.3268930239673859E-004
  -2.9654547289331399E-005
  -4.8024706285631854E-006
   3.2813704454143557E-005
   1.0425558543722879E-004
  -3.2323417708128932E-005
   7.0795286234786718E-006
   2.6146077601848943E-006
  -6.7802035354064618E-005
  -2.3356249614761167E-005
  -4.3732821176766147E-005
  -3.0548167835274344E-005
   1.0391542154847435E-005
   0.0000000000000000     
   0.0000000000000000     
   0.0000000000000000     
   0.0000000000000000     
   0.0000000000000000     
   0.0000000000000000     
   0.0000000000000000     
   0.0000000000000000     
   0.0000000000000000     
   0.0000000000000000     
   0.0000000000000000     
   0.0000000000000000     
   0.0000000000000000     
   0.0000000000000000     
   0.0000000000000000     
   0.0000000000000000     
   5.1986099430332816E-005
  -1.9928385256625576E-004
  -1.0195003570299130E-005
  -3.3312925857783470E-004
   4.6057131316965714E-005
   1.3388861232815073E-005
  -1.6718987289361669E-005
  -3.1078612033182587E-005
   1.4383042750103846E-005
  -1.4480051836274311E-005
  -2.7924266262956306E-005
   9.6073922045493108E-006
  -8.5756184980261587E-005
  -9.9755713981045899E-005
  -5.3554111184883385E-005
  -9.5217110574723700E-005
   0.0000000000000000     
   0.0000000000000000     
   0.0000000000000000     
   0.0000000000000000     
   0.0000000000000000     
   0.0000000000000000     
   0.0000000000000000     
   0.0000000000000000     
   0.0000000000000000     
   0.0000000000000000     
   0.0000000000000000     
   0.0000000000000000     
   0.0000000000000000     
   0.0000000000000000     
   0.0000000000000000     
   0.0000000000000000     
   5.9266416875669796E-006
  -1.4263750470442177E-005
  -1.0066427986614117E-005
  -2.2500027490641794E-005
   4.2697857566451785E-005
   3.2421422407067691E-005
   2.1273741952062391E-005
   1.9582558051406871E-006
   5.4952092739322391E-005
   5.7289759048142327E-005
  -1.2655255264263059E-005
  -1.1604475111266643E-005
  -3.2674256031521517E-006
   1.2060618171414646E-005
  -3.1712120535411239E-005
  -2.6107933263779095E-005
   0.0000000000000000     
   0.0000000000000000     
   0.0000000000000000     
   0.0000000000000000     
   0.0000000000000000     
   0.0000000000000000     
   0.0000000000000000     
   0.0000000000000000     
   0.0000000000000000     
   0.0000000000000000     
   0.0000000000000000     
   0.0000000000000000     
   0.0000000000000000     
   0.0000000000000000     
   0.0000000000000000     
   0.0000000000000000     
  -1.8652853675571321E-004
  -2.8652291623068429E-005
   1.3927223772342202E-004
   5.5583584670635300E-004
  -2.6113373181265809E-004
  -4.0021998766866502E-006
   1.4531817016446419E-004
   8.8301183850287391E-005
  -1.1308389946446371E-004
  -5.7841083556628946E-005
   8.4966017361599925E-007
  -9.3583845633362679E-005
  -4.1249031432720065E-005
   5.3904304756068430E-006
   1.0207758261749185E-005
   1.5794888753359930E-005
   0.0000000000000000     
   0.0000000000000000     
   0.0000000000000000     
   0.0000000000000000     
   0.0000000000000000     
   0.0000000000000000     
   0.0000000000000000     
   0.0000000000000000     
   0.0000000000000000     
   0.0000000000000000     
   0.0000000000000000     
   0.0000000000000000     
   0.0000000000000000     
   0.0000000000000000     
   0.0000000000000000     
   0.0000000000000000     
   1.4430841644144194E-005
   1.4494937437536598E-004
  -6.1392949898446723E-005
  -5.6610300101766529E-006
   9.9769637307714411E-006
   1.8015147676166024E-005
  -1.2856976270321627E-005
  -1.5883464104147088E-005
   5.2482787525974591E-005
   4.9315560777491945E-005
   6.3846847197837242E-006
  -1.9424340804649512E-004
   1.3980307583578130E-005
   7.7858177751419038E-005
   5.5244908936623265E-006
  -3.7079462567918426E-005
   0.0000000000000000     
   0.0000000000000000     
   0.0000000000000000     
   0.0000000000000000     
   0.0000000000000000     
   0.0000000000000000     
   0.0000000000000000     
   0.0000000000000000     
   0.0000000000000000     
   0.0000000000000000     
   0.0000000000000000     
   0.0000000000000000     
   0.0000000000000000     
   0.0000000000000000     
   0.0000000000000000     
   0.0000000000000000     
   1.5857397772775409E-005
  -1.8093011037173887E-004
  -1.0470818940576409E-005
  -1.5515982997046254E-004
   4.9635174269358731E-005
  -3.5925210757809892E-005
  -6.2368537759889580E-005
  -3.9721150858939213E-005
   1.2113839511945482E-004
   1.1494630004303106E-005
  -8.4471679633013060E-005
  -1.3527332493665675E-005
   3.1046513074939414E-005
  -5.1750702278427378E-005
  -8.0659311769371321E-005
  -2.0619275485136927E-005
