    4.3750044186943693e-01
    1.6716250179053782e-01
   -5.4685463103233974e-02
    1.6716249231227751e-01
    1.6708770968397260e-01
    5.4219369459108407e-02
   -5.0467043516972232e-02
    5.3232020421640970e-02
   -5.4363262262525365e-02
   -5.0582650178129338e-02
   -5.0579404540173505e-02
   -5.0582644208406177e-02
    1.6708762456637577e-01
    5.3232010621151120e-02
   -5.0466980228407614e-02
    5.4219639967896527e-02
    0.0000000000000000e+00
    0.0000000000000000e+00
    0.0000000000000000e+00
    0.0000000000000000e+00
    0.0000000000000000e+00
    0.0000000000000000e+00
    0.0000000000000000e+00
    0.0000000000000000e+00
    0.0000000000000000e+00
    0.0000000000000000e+00
    0.0000000000000000e+00
    0.0000000000000000e+00
    0.0000000000000000e+00
    0.0000000000000000e+00
    0.0000000000000000e+00
    0.0000000000000000e+00
    1.6716250179053782e-01
    4.3749969830194207e-01
    1.6716258980150528e-01
   -5.4685460589160149e-02
    5.3233210535252699e-02
    1.6708779344115873e-01
    5.4219301966172979e-02
   -5.0466965776087391e-02
   -5.0582640625709344e-02
   -5.4363258772061052e-02
   -5.0582646327233242e-02
   -5.0580628259153146e-02
    5.4219653080359621e-02
    1.6708772754363241e-01
    5.3233209841323029e-02
   -5.0466961841498417e-02
    0.0000000000000000e+00
    0.0000000000000000e+00
    0.0000000000000000e+00
    0.0000000000000000e+00
    0.0000000000000000e+00
    0.0000000000000000e+00
    0.0000000000000000e+00
    0.0000000000000000e+00
    0.0000000000000000e+00
    0.0000000000000000e+00
    0.0000000000000000e+00
    0.0000000000000000e+00
    0.0000000000000000e+00
    0.0000000000000000e+00
    0.0000000000000000e+00
    0.0000000000000000e+00
   -5.4685463103233974e-02
    1.6716258980150528e-01
    4.3749955383516076e-01
    1.6716254733444341e-01
   -5.0466950029877111e-02
    5.3233363851459027e-02
    1.6708770178528906e-01
    5.4219633762447636e-02
   -5.0580817728323041e-02
   -5.0582611358989886e-02
   -5.4363259972681766e-02
   -5.0582640452989727e-02
   -5.0466999835619697e-02
    5.4219363107162612e-02
    1.6708780303921070e-01
    5.3233373574349714e-02
    0.0000000000000000e+00
    0.0000000000000000e+00
    0.0000000000000000e+00
    0.0000000000000000e+00
    0.0000000000000000e+00
    0.0000000000000000e+00
    0.0000000000000000e+00
    0.0000000000000000e+00
    0.0000000000000000e+00
    0.0000000000000000e+00
    0.0000000000000000e+00
    0.0000000000000000e+00
    0.0000000000000000e+00
    0.0000000000000000e+00
    0.0000000000000000e+00
    0.0000000000000000e+00
    1.6716249231227315e-01
   -5.4685460589156507e-02
    1.6716254733444452e-01
    4.3750030681306729e-01
    5.4219700569076427e-02
   -5.0467013937909339e-02
    5.3232174109953637e-02
    1.6708763506137972e-01
   -5.0582609439196395e-02
   -5.0579588959464801e-02
   -5.0582650288317543e-02
   -5.4363261062087484e-02
    5.3232174842043650e-02
   -5.0467031217084971e-02
    5.4219349753695550e-02
    1.6708768480845584e-01
    0.0000000000000000e+00
    0.0000000000000000e+00
    0.0000000000000000e+00
    0.0000000000000000e+00
    0.0000000000000000e+00
    0.0000000000000000e+00
    0.0000000000000000e+00
    0.0000000000000000e+00
    0.0000000000000000e+00
    0.0000000000000000e+00
    0.0000000000000000e+00
    0.0000000000000000e+00
    0.0000000000000000e+00
    0.0000000000000000e+00
    0.0000000000000000e+00
    0.0000000000000000e+00
    1.6708770968397124e-01
    5.3233210535251548e-02
   -5.0466950029878069e-02
    5.4219700569077003e-02
    4.3749961739980997e-01
    1.6716260075840297e-01
   -5.4685463029936363e-02
    1.6716248667863232e-01
    1.6708780122468347e-01
    5.4219349753751256e-02
   -5.0466980007477104e-02
    5.3233209288541146e-02
   -5.4363262262543600e-02
   -5.0582659303185132e-02
   -5.0580675759534767e-02
   -5.0582626179531499e-02
    0.0000000000000000e+00
    0.0000000000000000e+00
    0.0000000000000000e+00
    0.0000000000000000e+00
    0.0000000000000000e+00
    0.0000000000000000e+00
    0.0000000000000000e+00
    0.0000000000000000e+00
    0.0000000000000000e+00
    0.0000000000000000e+00
    0.0000000000000000e+00
    0.0000000000000000e+00
    0.0000000000000000e+00
    0.0000000000000000e+00
    0.0000000000000000e+00
    0.0000000000000000e+00
    5.4219369459110482e-02
    1.6708779344116151e-01
    5.3233363851458666e-02
   -5.0467013937909110e-02
    1.6716260075840306e-01
    4.3749955044045896e-01
    1.6716256077190611e-01
   -5.4685460114422102e-02
    5.3233373494384749e-02
    1.6708768661156623e-01
    5.4219636165718524e-02
   -5.0466961709020000e-02
   -5.0582598042330576e-02
   -5.4363258430805424e-02
   -5.0582628070398608e-02
   -5.0580820074603676e-02
    0.0000000000000000e+00
    0.0000000000000000e+00
    0.0000000000000000e+00
    0.0000000000000000e+00
    0.0000000000000000e+00
    0.0000000000000000e+00
    0.0000000000000000e+00
    0.0000000000000000e+00
    0.0000000000000000e+00
    0.0000000000000000e+00
    0.0000000000000000e+00
    0.0000000000000000e+00
    0.0000000000000000e+00
    0.0000000000000000e+00
    0.0000000000000000e+00
    0.0000000000000000e+00
   -5.0467043516972301e-02
    5.4219301966173347e-02
    1.6708770178528659e-01
    5.3232174109956669e-02
   -5.4685463029936078e-02
    1.6716256077190841e-01
    4.3750037785936458e-01
    1.6716248290379770e-01
   -5.0466999974854689e-02
    5.3232175574980091e-02
    1.6708762636842747e-01
    5.4219653100556153e-02
   -5.0579546619068202e-02
   -5.0582662961238277e-02
   -5.4363259986830725e-02
   -5.0582597981877649e-02
    0.0000000000000000e+00
    0.0000000000000000e+00
    0.0000000000000000e+00
    0.0000000000000000e+00
    0.0000000000000000e+00
    0.0000000000000000e+00
    0.0000000000000000e+00
    0.0000000000000000e+00
    0.0000000000000000e+00
    0.0000000000000000e+00
    0.0000000000000000e+00
    0.0000000000000000e+00
    0.0000000000000000e+00
    0.0000000000000000e+00
    0.0000000000000000e+00
    0.0000000000000000e+00
    5.3232020421639645e-02
   -5.0466965776088273e-02
    5.4219633762447081e-02
    1.6708763506137658e-01
    1.6716248667863565e-01
   -5.4685460114423289e-02
    1.6716248290379465e-01
    4.3750045371413399e-01
    5.4219366756132238e-02
   -5.0467031464683024e-02
    5.3232010587212497e-02
    1.6708772571034242e-01
   -5.0582661156583379e-02
   -5.0579397853498312e-02
   -5.0582659388831705e-02
   -5.4363260723051317e-02
    0.0000000000000000e+00
    0.0000000000000000e+00
    0.0000000000000000e+00
    0.0000000000000000e+00
    0.0000000000000000e+00
    0.0000000000000000e+00
    0.0000000000000000e+00
    0.0000000000000000e+00
    0.0000000000000000e+00
    0.0000000000000000e+00
    0.0000000000000000e+00
    0.0000000000000000e+00
    0.0000000000000000e+00
    0.0000000000000000e+00
    0.0000000000000000e+00
    0.0000000000000000e+00
   -5.4363262262526593e-02
   -5.0582640625708088e-02
   -5.0580817728322403e-02
   -5.0582609439197741e-02
    1.6708780122467934e-01
    5.3233373494385075e-02
   -5.0466999974855153e-02
    5.4219366756129699e-02
    4.3749955303839316e-01
    1.6716254729266519e-01
   -5.4685463064377680e-02
    1.6716259152332355e-01
    1.6708770018088404e-01
    5.4219633775252692e-02
   -5.0466949751915756e-02
    5.3233363177809107e-02
    0.0000000000000000e+00
    0.0000000000000000e+00
    0.0000000000000000e+00
    0.0000000000000000e+00
    0.0000000000000000e+00
    0.0000000000000000e+00
    0.0000000000000000e+00
    0.0000000000000000e+00
    0.0000000000000000e+00
    0.0000000000000000e+00
    0.0000000000000000e+00
    0.0000000000000000e+00
    0.0000000000000000e+00
    0.0000000000000000e+00
    0.0000000000000000e+00
    0.0000000000000000e+00
   -5.0582650178131169e-02
   -5.4363258772058838e-02
   -5.0582611358991399e-02
   -5.0579588959465606e-02
    5.4219349753751152e-02
    1.6708768661156784e-01
    5.3232175574980202e-02
   -5.0467031464681733e-02
    1.6716254729266342e-01
    4.3750030734851453e-01
    1.6716249055180860e-01
   -5.4685460586552562e-02
    5.3232174200439124e-02
    1.6708763680421679e-01
    5.4219696968683201e-02
   -5.0467013765227185e-02
    0.0000000000000000e+00
    0.0000000000000000e+00
    0.0000000000000000e+00
    0.0000000000000000e+00
    0.0000000000000000e+00
    0.0000000000000000e+00
    0.0000000000000000e+00
    0.0000000000000000e+00
    0.0000000000000000e+00
    0.0000000000000000e+00
    0.0000000000000000e+00
    0.0000000000000000e+00
    0.0000000000000000e+00
    0.0000000000000000e+00
    0.0000000000000000e+00
    0.0000000000000000e+00
   -5.0579404540171416e-02
   -5.0582646327232958e-02
   -5.4363259972681453e-02
   -5.0582650288318751e-02
   -5.0466980007476583e-02
    5.4219636165720703e-02
    1.6708762636842342e-01
    5.3232010587211533e-02
   -5.4685463064376993e-02
    1.6716249055181173e-01
    4.3750044327531701e-01
    1.6716250180682060e-01
   -5.0467043702069461e-02
    5.3232021041060597e-02
    1.6708771167305025e-01
    5.4219369479839130e-02
    0.0000000000000000e+00
    0.0000000000000000e+00
    0.0000000000000000e+00
    0.0000000000000000e+00
    0.0000000000000000e+00
    0.0000000000000000e+00
    0.0000000000000000e+00
    0.0000000000000000e+00
    0.0000000000000000e+00
    0.0000000000000000e+00
    0.0000000000000000e+00
    0.0000000000000000e+00
    0.0000000000000000e+00
    0.0000000000000000e+00
    0.0000000000000000e+00
    0.0000000000000000e+00
   -5.0582644208404706e-02
   -5.0580628259154554e-02
   -5.0582640452988381e-02
   -5.4363261062090745e-02
    5.3233209288541888e-02
   -5.0466961709020292e-02
    5.4219653100556063e-02
    1.6708772571034372e-01
    1.6716259152332283e-01
   -5.4685460586550320e-02
    1.6716250180682232e-01
    4.3749969699341240e-01
    5.4219305633570164e-02
   -5.0466966127730745e-02
    5.3233210551509827e-02
    1.6708779159312226e-01
    0.0000000000000000e+00
    0.0000000000000000e+00
    0.0000000000000000e+00
    0.0000000000000000e+00
    0.0000000000000000e+00
    0.0000000000000000e+00
    0.0000000000000000e+00
    0.0000000000000000e+00
    0.0000000000000000e+00
    0.0000000000000000e+00
    0.0000000000000000e+00
    0.0000000000000000e+00
    0.0000000000000000e+00
    0.0000000000000000e+00
    0.0000000000000000e+00
    0.0000000000000000e+00
    1.6708762456638016e-01
    5.4219653080361876e-02
   -5.0466999835621119e-02
    5.3232174842046787e-02
   -5.4363262262539999e-02
   -5.0582598042328349e-02
   -5.0579546619069438e-02
   -5.0582661156582040e-02
    1.6708770018087893e-01
    5.3232174200439714e-02
   -5.0467043702068864e-02
    5.4219305633569963e-02
    4.3750037711728668e-01
    1.6716248288658961e-01
   -5.4685462952053218e-02
    1.6716256265716961e-01
    0.0000000000000000e+00
    0.0000000000000000e+00
    0.0000000000000000e+00
    0.0000000000000000e+00
    0.0000000000000000e+00
    0.0000000000000000e+00
    0.0000000000000000e+00
    0.0000000000000000e+00
    0.0000000000000000e+00
    0.0000000000000000e+00
    0.0000000000000000e+00
    0.0000000000000000e+00
    0.0000000000000000e+00
    0.0000000000000000e+00
    0.0000000000000000e+00
    0.0000000000000000e+00
    5.3232010621153091e-02
    1.6708772754363199e-01
    5.4219363107162619e-02
   -5.0467031217086705e-02
   -5.0582659303184500e-02
   -5.4363258430804841e-02
   -5.0582662961237743e-02
   -5.0579397853499054e-02
    5.4219633775253281e-02
    1.6708763680421423e-01
    5.3232021041058820e-02
   -5.0466966127730932e-02
    1.6716248288659330e-01
    4.3750045447562519e-01
    1.6716248477496765e-01
   -5.4685460189635472e-02
    0.0000000000000000e+00
    0.0000000000000000e+00
    0.0000000000000000e+00
    0.0000000000000000e+00
    0.0000000000000000e+00
    0.0000000000000000e+00
    0.0000000000000000e+00
    0.0000000000000000e+00
    0.0000000000000000e+00
    0.0000000000000000e+00
    0.0000000000000000e+00
    0.0000000000000000e+00
    0.0000000000000000e+00
    0.0000000000000000e+00
    0.0000000000000000e+00
    0.0000000000000000e+00
   -5.0466980228408245e-02
    5.3233209841324340e-02
    1.6708780303921911e-01
    5.4219349753695606e-02
   -5.0580675759536460e-02
   -5.0582628070399246e-02
   -5.4363259986830607e-02
   -5.0582659388829915e-02
   -5.0466949751917629e-02
    5.4219696968682493e-02
    1.6708771167305203e-01
    5.3233210551508668e-02
   -5.4685462952051955e-02
    1.6716248477496751e-01
    4.3749961835240964e-01
    1.6716260065774605e-01
    0.0000000000000000e+00
    0.0000000000000000e+00
    0.0000000000000000e+00
    0.0000000000000000e+00
    0.0000000000000000e+00
    0.0000000000000000e+00
    0.0000000000000000e+00
    0.0000000000000000e+00
    0.0000000000000000e+00
    0.0000000000000000e+00
    0.0000000000000000e+00
    0.0000000000000000e+00
    0.0000000000000000e+00
    0.0000000000000000e+00
    0.0000000000000000e+00
    0.0000000000000000e+00
    5.4219639967897214e-02
   -5.0466961841500027e-02
    5.3233373574346612e-02
    1.6708768480845557e-01
   -5.0582626179531763e-02
   -5.0580820074604696e-02
   -5.0582597981877558e-02
   -5.4363260723050567e-02
    5.3233363177810834e-02
   -5.0467013765227352e-02
    5.4219369479840837e-02
    1.6708779159311998e-01
    1.6716256265717333e-01
   -5.4685460189633647e-02
    1.6716260065774605e-01
    4.3749954916481337e-01
    0.0000000000000000e+00
    0.0000000000000000e+00
    0.0000000000000000e+00
    0.0000000000000000e+00
    0.0000000000000000e+00
    0.0000000000000000e+00
    0.0000000000000000e+00
    0.0000000000000000e+00
    0.0000000000000000e+00
    0.0000000000000000e+00
    0.0000000000000000e+00
    0.0000000000000000e+00
    0.0000000000000000e+00
    0.0000000000000000e+00
    0.0000000000000000e+00
    0.0000000000000000e+00
    0.0000000000000000e+00
    0.0000000000000000e+00
    0.0000000000000000e+00
    0.0000000000000000e+00
    0.0000000000000000e+00
    0.0000000000000000e+00
    0.0000000000000000e+00
    0.0000000000000000e+00
    0.0000000000000000e+00
    0.0000000000000000e+00
    0.0000000000000000e+00
    0.0000000000000000e+00
    0.0000000000000000e+00
    0.0000000000000000e+00
    0.0000000000000000e+00
    0.0000000000000000e+00
    4.3750044186943693e-01
    1.6716250179053782e-01
   -5.4685463103233974e-02
    1.6716249231227751e-01
    1.6708770968397260e-01
    5.4219369459108407e-02
   -5.0467043516972232e-02
    5.3232020421640970e-02
   -5.4363262262525365e-02
   -5.0582650178129338e-02
   -5.0579404540173505e-02
   -5.0582644208406177e-02
    1.6708762456637577e-01
    5.3232010621151120e-02
   -5.0466980228407614e-02
    5.4219639967896527e-02
    0.0000000000000000e+00
    0.0000000000000000e+00
    0.0000000000000000e+00
    0.0000000000000000e+00
    0.0000000000000000e+00
    0.0000000000000000e+00
    0.0000000000000000e+00
    0.0000000000000000e+00
    0.0000000000000000e+00
    0.0000000000000000e+00
    0.0000000000000000e+00
    0.0000000000000000e+00
    0.0000000000000000e+00
    0.0000000000000000e+00
    0.0000000000000000e+00
    0.0000000000000000e+00
    1.6716250179053782e-01
    4.3749969830194207e-01
    1.6716258980150528e-01
   -5.4685460589160149e-02
    5.3233210535252699e-02
    1.6708779344115873e-01
    5.4219301966172979e-02
   -5.0466965776087391e-02
   -5.0582640625709344e-02
   -5.4363258772061052e-02
   -5.0582646327233242e-02
   -5.0580628259153146e-02
    5.4219653080359621e-02
    1.6708772754363241e-01
    5.3233209841323029e-02
   -5.0466961841498417e-02
    0.0000000000000000e+00
    0.0000000000000000e+00
    0.0000000000000000e+00
    0.0000000000000000e+00
    0.0000000000000000e+00
    0.0000000000000000e+00
    0.0000000000000000e+00
    0.0000000000000000e+00
    0.0000000000000000e+00
    0.0000000000000000e+00
    0.0000000000000000e+00
    0.0000000000000000e+00
    0.0000000000000000e+00
    0.0000000000000000e+00
    0.0000000000000000e+00
    0.0000000000000000e+00
   -5.4685463103233974e-02
    1.6716258980150528e-01
    4.3749955383516076e-01
    1.6716254733444341e-01
   -5.0466950029877111e-02
    5.3233363851459027e-02
    1.6708770178528906e-01
    5.4219633762447636e-02
   -5.0580817728323041e-02
   -5.0582611358989886e-02
   -5.4363259972681766e-02
   -5.0582640452989727e-02
   -5.0466999835619697e-02
    5.4219363107162612e-02
    1.6708780303921070e-01
    5.3233373574349714e-02
    0.0000000000000000e+00
    0.0000000000000000e+00
    0.0000000000000000e+00
    0.0000000000000000e+00
    0.0000000000000000e+00
    0.0000000000000000e+00
    0.0000000000000000e+00
    0.0000000000000000e+00
    0.0000000000000000e+00
    0.0000000000000000e+00
    0.0000000000000000e+00
    0.0000000000000000e+00
    0.0000000000000000e+00
    0.0000000000000000e+00
    0.0000000000000000e+00
    0.0000000000000000e+00
    1.6716249231227315e-01
   -5.4685460589156507e-02
    1.6716254733444452e-01
    4.3750030681306729e-01
    5.4219700569076427e-02
   -5.0467013937909339e-02
    5.3232174109953637e-02
    1.6708763506137972e-01
   -5.0582609439196395e-02
   -5.0579588959464801e-02
   -5.0582650288317543e-02
   -5.4363261062087484e-02
    5.3232174842043650e-02
   -5.0467031217084971e-02
    5.4219349753695550e-02
    1.6708768480845584e-01
    0.0000000000000000e+00
    0.0000000000000000e+00
    0.0000000000000000e+00
    0.0000000000000000e+00
    0.0000000000000000e+00
    0.0000000000000000e+00
    0.0000000000000000e+00
    0.0000000000000000e+00
    0.0000000000000000e+00
    0.0000000000000000e+00
    0.0000000000000000e+00
    0.0000000000000000e+00
    0.0000000000000000e+00
    0.0000000000000000e+00
    0.0000000000000000e+00
    0.0000000000000000e+00
    1.6708770968397124e-01
    5.3233210535251548e-02
   -5.0466950029878069e-02
    5.4219700569077003e-02
    4.3749961739980997e-01
    1.6716260075840297e-01
   -5.4685463029936363e-02
    1.6716248667863232e-01
    1.6708780122468347e-01
    5.4219349753751256e-02
   -5.0466980007477104e-02
    5.3233209288541146e-02
   -5.4363262262543600e-02
   -5.0582659303185132e-02
   -5.0580675759534767e-02
   -5.0582626179531499e-02
    0.0000000000000000e+00
    0.0000000000000000e+00
    0.0000000000000000e+00
    0.0000000000000000e+00
    0.0000000000000000e+00
    0.0000000000000000e+00
    0.0000000000000000e+00
    0.0000000000000000e+00
    0.0000000000000000e+00
    0.0000000000000000e+00
    0.0000000000000000e+00
    0.0000000000000000e+00
    0.0000000000000000e+00
    0.0000000000000000e+00
    0.0000000000000000e+00
    0.0000000000000000e+00
    5.4219369459110482e-02
    1.6708779344116151e-01
    5.3233363851458666e-02
   -5.0467013937909110e-02
    1.6716260075840306e-01
    4.3749955044045896e-01
    1.6716256077190611e-01
   -5.4685460114422102e-02
    5.3233373494384749e-02
    1.6708768661156623e-01
    5.4219636165718524e-02
   -5.0466961709020000e-02
   -5.0582598042330576e-02
   -5.4363258430805424e-02
   -5.0582628070398608e-02
   -5.0580820074603676e-02
    0.0000000000000000e+00
    0.0000000000000000e+00
    0.0000000000000000e+00
    0.0000000000000000e+00
    0.0000000000000000e+00
    0.0000000000000000e+00
    0.0000000000000000e+00
    0.0000000000000000e+00
    0.0000000000000000e+00
    0.0000000000000000e+00
    0.0000000000000000e+00
    0.0000000000000000e+00
    0.0000000000000000e+00
    0.0000000000000000e+00
    0.0000000000000000e+00
    0.0000000000000000e+00
   -5.0467043516972301e-02
    5.4219301966173347e-02
    1.6708770178528659e-01
    5.3232174109956669e-02
   -5.4685463029936078e-02
    1.6716256077190841e-01
    4.3750037785936458e-01
    1.6716248290379770e-01
   -5.0466999974854689e-02
    5.3232175574980091e-02
    1.6708762636842747e-01
    5.4219653100556153e-02
   -5.0579546619068202e-02
   -5.0582662961238277e-02
   -5.4363259986830725e-02
   -5.0582597981877649e-02
    0.0000000000000000e+00
    0.0000000000000000e+00
    0.0000000000000000e+00
    0.0000000000000000e+00
    0.0000000000000000e+00
    0.0000000000000000e+00
    0.0000000000000000e+00
    0.0000000000000000e+00
    0.0000000000000000e+00
    0.0000000000000000e+00
    0.0000000000000000e+00
    0.0000000000000000e+00
    0.0000000000000000e+00
    0.0000000000000000e+00
    0.0000000000000000e+00
    0.0000000000000000e+00
    5.3232020421639645e-02
   -5.0466965776088273e-02
    5.4219633762447081e-02
    1.6708763506137658e-01
    1.6716248667863565e-01
   -5.4685460114423289e-02
    1.6716248290379465e-01
    4.3750045371413399e-01
    5.4219366756132238e-02
   -5.0467031464683024e-02
    5.3232010587212497e-02
    1.6708772571034242e-01
   -5.0582661156583379e-02
   -5.0579397853498312e-02
   -5.0582659388831705e-02
   -5.4363260723051317e-02
    0.0000000000000000e+00
    0.0000000000000000e+00
    0.0000000000000000e+00
    0.0000000000000000e+00
    0.0000000000000000e+00
    0.0000000000000000e+00
    0.0000000000000000e+00
    0.0000000000000000e+00
    0.0000000000000000e+00
    0.0000000000000000e+00
    0.0000000000000000e+00
    0.0000000000000000e+00
    0.0000000000000000e+00
    0.0000000000000000e+00
    0.0000000000000000e+00
    0.0000000000000000e+00
   -5.4363262262526593e-02
   -5.0582640625708088e-02
   -5.0580817728322403e-02
   -5.0582609439197741e-02
    1.6708780122467934e-01
    5.3233373494385075e-02
   -5.0466999974855153e-02
    5.4219366756129699e-02
    4.3749955303839316e-01
    1.6716254729266519e-01
   -5.4685463064377680e-02
    1.6716259152332355e-01
    1.6708770018088404e-01
    5.4219633775252692e-02
   -5.0466949751915756e-02
    5.3233363177809107e-02
    0.0000000000000000e+00
    0.0000000000000000e+00
    0.0000000000000000e+00
    0.0000000000000000e+00
    0.0000000000000000e+00
    0.0000000000000000e+00
    0.0000000000000000e+00
    0.0000000000000000e+00
    0.0000000000000000e+00
    0.0000000000000000e+00
    0.0000000000000000e+00
    0.0000000000000000e+00
    0.0000000000000000e+00
    0.0000000000000000e+00
    0.0000000000000000e+00
    0.0000000000000000e+00
   -5.0582650178131169e-02
   -5.4363258772058838e-02
   -5.0582611358991399e-02
   -5.0579588959465606e-02
    5.4219349753751152e-02
    1.6708768661156784e-01
    5.3232175574980202e-02
   -5.0467031464681733e-02
    1.6716254729266342e-01
    4.3750030734851453e-01
    1.6716249055180860e-01
   -5.4685460586552562e-02
    5.3232174200439124e-02
    1.6708763680421679e-01
    5.4219696968683201e-02
   -5.0467013765227185e-02
    0.0000000000000000e+00
    0.0000000000000000e+00
    0.0000000000000000e+00
    0.0000000000000000e+00
    0.0000000000000000e+00
    0.0000000000000000e+00
    0.0000000000000000e+00
    0.0000000000000000e+00
    0.0000000000000000e+00
    0.0000000000000000e+00
    0.0000000000000000e+00
    0.0000000000000000e+00
    0.0000000000000000e+00
    0.0000000000000000e+00
    0.0000000000000000e+00
    0.0000000000000000e+00
   -5.0579404540171416e-02
   -5.0582646327232958e-02
   -5.4363259972681453e-02
   -5.0582650288318751e-02
   -5.0466980007476583e-02
    5.4219636165720703e-02
    1.6708762636842342e-01
    5.3232010587211533e-02
   -5.4685463064376993e-02
    1.6716249055181173e-01
    4.3750044327531701e-01
    1.6716250180682060e-01
   -5.0467043702069461e-02
    5.3232021041060597e-02
    1.6708771167305025e-01
    5.4219369479839130e-02
    0.0000000000000000e+00
    0.0000000000000000e+00
    0.0000000000000000e+00
    0.0000000000000000e+00
    0.0000000000000000e+00
    0.0000000000000000e+00
    0.0000000000000000e+00
    0.0000000000000000e+00
    0.0000000000000000e+00
    0.0000000000000000e+00
    0.0000000000000000e+00
    0.0000000000000000e+00
    0.0000000000000000e+00
    0.0000000000000000e+00
    0.0000000000000000e+00
    0.0000000000000000e+00
   -5.0582644208404706e-02
   -5.0580628259154554e-02
   -5.0582640452988381e-02
   -5.4363261062090745e-02
    5.3233209288541888e-02
   -5.0466961709020292e-02
    5.4219653100556063e-02
    1.6708772571034372e-01
    1.6716259152332283e-01
   -5.4685460586550320e-02
    1.6716250180682232e-01
    4.3749969699341240e-01
    5.4219305633570164e-02
   -5.0466966127730745e-02
    5.3233210551509827e-02
    1.6708779159312226e-01
    0.0000000000000000e+00
    0.0000000000000000e+00
    0.0000000000000000e+00
    0.0000000000000000e+00
    0.0000000000000000e+00
    0.0000000000000000e+00
    0.0000000000000000e+00
    0.0000000000000000e+00
    0.0000000000000000e+00
    0.0000000000000000e+00
    0.0000000000000000e+00
    0.0000000000000000e+00
    0.0000000000000000e+00
    0.0000000000000000e+00
    0.0000000000000000e+00
    0.0000000000000000e+00
    1.6708762456638016e-01
    5.4219653080361876e-02
   -5.0466999835621119e-02
    5.3232174842046787e-02
   -5.4363262262539999e-02
   -5.0582598042328349e-02
   -5.0579546619069438e-02
   -5.0582661156582040e-02
    1.6708770018087893e-01
    5.3232174200439714e-02
   -5.0467043702068864e-02
    5.4219305633569963e-02
    4.3750037711728668e-01
    1.6716248288658961e-01
   -5.4685462952053218e-02
    1.6716256265716961e-01
    0.0000000000000000e+00
    0.0000000000000000e+00
    0.0000000000000000e+00
    0.0000000000000000e+00
    0.0000000000000000e+00
    0.0000000000000000e+00
    0.0000000000000000e+00
    0.0000000000000000e+00
    0.0000000000000000e+00
    0.0000000000000000e+00
    0.0000000000000000e+00
    0.0000000000000000e+00
    0.0000000000000000e+00
    0.0000000000000000e+00
    0.0000000000000000e+00
    0.0000000000000000e+00
    5.3232010621153091e-02
    1.6708772754363199e-01
    5.4219363107162619e-02
   -5.0467031217086705e-02
   -5.0582659303184500e-02
   -5.4363258430804841e-02
   -5.0582662961237743e-02
   -5.0579397853499054e-02
    5.4219633775253281e-02
    1.6708763680421423e-01
    5.3232021041058820e-02
   -5.0466966127730932e-02
    1.6716248288659330e-01
    4.3750045447562519e-01
    1.6716248477496765e-01
   -5.4685460189635472e-02
    0.0000000000000000e+00
    0.0000000000000000e+00
    0.0000000000000000e+00
    0.0000000000000000e+00
    0.0000000000000000e+00
    0.0000000000000000e+00
    0.0000000000000000e+00
    0.0000000000000000e+00
    0.0000000000000000e+00
    0.0000000000000000e+00
    0.0000000000000000e+00
    0.0000000000000000e+00
    0.0000000000000000e+00
    0.0000000000000000e+00
    0.0000000000000000e+00
    0.0000000000000000e+00
   -5.0466980228408245e-02
    5.3233209841324340e-02
    1.6708780303921911e-01
    5.4219349753695606e-02
   -5.0580675759536460e-02
   -5.0582628070399246e-02
   -5.4363259986830607e-02
   -5.0582659388829915e-02
   -5.0466949751917629e-02
    5.4219696968682493e-02
    1.6708771167305203e-01
    5.3233210551508668e-02
   -5.4685462952051955e-02
    1.6716248477496751e-01
    4.3749961835240964e-01
    1.6716260065774605e-01
    0.0000000000000000e+00
    0.0000000000000000e+00
    0.0000000000000000e+00
    0.0000000000000000e+00
    0.0000000000000000e+00
    0.0000000000000000e+00
    0.0000000000000000e+00
    0.0000000000000000e+00
    0.0000000000000000e+00
    0.0000000000000000e+00
    0.0000000000000000e+00
    0.0000000000000000e+00
    0.0000000000000000e+00
    0.0000000000000000e+00
    0.0000000000000000e+00
    0.0000000000000000e+00
    5.4219639967897214e-02
   -5.0466961841500027e-02
    5.3233373574346612e-02
    1.6708768480845557e-01
   -5.0582626179531763e-02
   -5.0580820074604696e-02
   -5.0582597981877558e-02
   -5.4363260723050567e-02
    5.3233363177810834e-02
   -5.0467013765227352e-02
    5.4219369479840837e-02
    1.6708779159311998e-01
    1.6716256265717333e-01
   -5.4685460189633647e-02
    1.6716260065774605e-01
    4.3749954916481337e-01
