    4.3566831255023813e-01
    1.6354678184420404e-01
   -8.3493766688039518e-03
    1.6841548316685184e-01
    1.6763835534158308e-01
    2.9608787690964727e-02
   -4.6293599477979917e-02
    2.8431794154684185e-02
   -4.4185058255702056e-03
   -5.0128643981041499e-02
   -4.5562427922058849e-02
   -4.9487704815284715e-02
    1.6858172496602111e-01
    3.0422837686692149e-02
   -5.1151080246291426e-02
    2.7560301180184665e-02
    3.9188401855803523e-18
    2.9465053517537437e-17
    1.9124624718183783e-17
   -3.4754884924545631e-18
    5.7794853079434172e-18
    4.8290894655477727e-19
   -9.5649225330869257e-17
   -3.9250343248884223e-17
    2.6065033665166765e-17
    3.5332681326551651e-17
   -2.2681354522527888e-17
   -6.0228796150188132e-18
   -3.7501864560104932e-17
    2.0810464946899340e-17
    3.7418483442442671e-17
    4.7320998906113290e-17
    1.6526043112816688e-01
    4.4034195938361875e-01
    1.6713954930607225e-01
   -6.6065645061069407e-03
    2.9178063275643224e-02
    1.6672418443539286e-01
    2.5690997775351339e-02
   -4.8141953259846992e-02
   -4.9722832292161255e-02
   -6.4360930077413852e-03
   -5.2923034425395567e-02
   -4.4371926932565572e-02
    2.7336649778815926e-02
    1.6869176196483437e-01
    2.8958346542315466e-02
   -4.8599046139949933e-02
   -2.5284339127735795e-17
    4.0336696248429535e-17
    2.9451327709995794e-17
   -2.9611663042682677e-17
    1.6120801596176917e-18
    9.4703061920368426e-18
    8.3991212707351646e-17
    1.8148029889194440e-17
   -1.4020739935931691e-17
   -7.6322007978479228e-17
   -1.0983310097013286e-17
    1.2667320626103253e-17
    4.8260701653052182e-17
   -4.2752247914773432e-17
   -5.1734184491996802e-17
    9.6796624728251038e-18
   -7.2658757679125354e-03
    1.6639251985512021e-01
    4.3138374114591549e-01
    1.6481362583329290e-01
   -5.1461119997273451e-02
    2.8216206517801205e-02
    1.6692589503164296e-01
    3.2319657880806311e-02
   -4.7040194536112974e-02
   -4.8424224643300942e-02
   -5.7342859969913788e-03
   -4.9161494629828904e-02
   -4.8710821127703356e-02
    3.1556164485844813e-02
    1.6634973477750614e-01
    2.7710174685814305e-02
   -2.5216919943306668e-17
   -9.0636601231093679e-17
    6.5293136133699099e-17
    6.0063665826884065e-17
   -4.2794045604441373e-17
   -5.9636278402191583e-17
   -9.1681050026886248e-18
   -1.0105692373750208e-17
    4.3813593855813029e-17
    5.9323004044505427e-17
   -2.3497502439798255e-17
   -1.3664596861340289e-17
    4.5238099549959373e-19
   -7.0856161052650125e-19
    1.2898819840027640e-17
    5.0178487079372463e-18
    1.6706400300909136e-01
   -8.3429597165120706e-03
    1.6558191734486677e-01
    4.3928092174911137e-01
    2.9936847016693323e-02
   -4.7048750454266354e-02
    2.9896420513996706e-02
    1.6171670904201813e-01
   -5.0355965548448213e-02
   -4.7617473652819570e-02
   -4.9475970497826718e-02
   -9.1628381298190214e-03
    2.9075279128026578e-02
   -5.1275145957669202e-02
    3.0290699856955004e-02
    1.6988231677425666e-01
    6.0300768483573172e-18
    6.4868819834136063e-18
    2.2383036429039808e-17
    8.6447842691344251e-17
   -2.6647729746419194e-18
   -7.9890999831069321e-18
   -8.1836372116683959e-17
   -2.2442404546724116e-17
    4.9818983227500111e-17
    4.1747410622902004e-17
   -2.4875815999227001e-18
   -2.1554553299163937e-17
   -7.8056661769946521e-19
    2.2938369454925757e-17
    3.5245246034707352e-19
   -1.7483556744430855e-17
    1.6799260404068728e-01
    2.6298752037061522e-02
   -5.0578428401624978e-02
    2.9696669251863834e-02
    4.3965449193462425e-01
    1.6723042298254090e-01
   -7.9226271327609305e-03
    1.6540275371458188e-01
    1.6701883713364798e-01
    3.2488009750014618e-02
   -4.6916617899021004e-02
    2.6655541798808097e-02
   -6.7967284733682102e-03
   -5.0626436290258703e-02
   -4.7174794010616659e-02
   -5.0447766450730805e-02
    2.5400741118307578e-17
    2.5759737981238037e-18
   -2.9897039890386470e-17
   -1.5969309364621766e-17
   -2.9281017982941034e-17
   -1.8514569951493619e-17
   -5.2985524038741268e-18
   -1.0096130686577118e-17
   -2.6786342103602938e-17
    1.4589709949519087e-17
    9.6042550886746705e-18
    1.3121622597789018e-17
   -3.3684101854361033e-17
    2.7786810257976971e-17
    3.5307629862615038e-17
   -2.9085837105169870e-18
    3.0878078358567651e-02
    1.7026896986880827e-01
    3.1735924337383883e-02
   -4.5737432973780856e-02
    1.6481930582574272e-01
    4.3483674175730497e-01
    1.6641986854428159e-01
   -7.7375800446985322e-03
    2.9971122925201505e-02
    1.6639847900454999e-01
    2.6472253298074105e-02
   -4.7689685086823246e-02
   -5.0149145566530440e-02
   -6.5652960787300780e-03
   -5.1517787546609017e-02
   -4.5132769660315347e-02
   -3.1044954937987986e-17
    6.1648806061327971e-17
   -1.7465637302820784e-17
   -7.2843379130955010e-18
   -9.7200562497503022e-18
    3.6338445977117351e-17
    2.3822841139599475e-17
    1.4046879826841934e-17
   -2.0495471003841075e-17
   -4.6774555249366672e-17
   -7.4672201489985741e-18
    2.4988337898416084e-17
    2.0370382244968367e-17
   -2.1182024384427472e-18
   -5.0890282361306393e-17
   -4.0932413345145809e-18
   -4.5938081513661057e-02
    2.8668084537729160e-02
    1.6854565782125153e-01
    2.9665834064618795e-02
   -8.2122486434876834e-03
    1.6654485473947891e-01
    4.3965679303426580e-01
    1.6704194678969311e-01
   -5.0792006041711343e-02
    2.9584883369744269e-02
    1.6761839444546758e-01
    2.7722808234382730e-02
   -4.7008475237864292e-02
   -5.1237552501167558e-02
   -5.5519472664344290e-03
   -5.1785855937609024e-02
    1.1457383352347672e-17
   -3.2624718192506046e-17
    1.2920640204173375e-17
   -1.6924255184870768e-17
    1.5064928384989460e-17
    2.5161621373683640e-17
    2.1410252624772894e-17
   -1.5896517374649015e-17
    1.7365363910476206e-19
   -5.2344934635363493e-18
    7.0632529808817509e-18
   -4.6112833736659250e-18
   -9.0839227155698460e-18
   -3.3274682889042160e-17
   -1.2735337457957020e-17
    7.2677113612487422e-18
    2.9753794694340856e-02
   -4.7782911394513017e-02
    2.9748307807816548e-02
    1.6463417481472956e-01
    1.6938082969805984e-01
   -5.0180090871497695e-03
    1.6701693946224222e-01
    4.3176780327261782e-01
    2.7654557686453241e-02
   -5.0028326742920827e-02
    3.0647931958698797e-02
    1.6334556380828255e-01
   -5.0383802016701715e-02
   -4.8639971292336645e-02
   -4.6488359850338543e-02
   -6.0452235305795037e-03
    1.1538408818445897e-17
    3.5096951584403407e-19
   -5.4394531716788613e-17
   -3.3641318603071735e-17
    9.1110199501369255e-19
    2.9300089556251454e-17
    5.5844243423556463e-17
    3.2795556043471762e-17
   -3.4615760023386048e-17
   -3.6654300612332112e-17
    4.6197034257691079e-17
    1.9237068249214819e-18
    2.0613224145917751e-17
   -3.7801066484150869e-17
   -9.8598812513113223e-18
    7.3295800231662057e-20
   -6.4626747114558498e-03
   -4.9831194141525662e-02
   -4.8853680446410093e-02
   -5.1844543350532846e-02
    1.6666450121710749e-01
    2.9839373988971601e-02
   -5.0561739802200953e-02
    3.0632754722858035e-02
    4.3261297277853006e-01
    1.6937391358926424e-01
   -8.5099017996367009e-03
    1.6915185830434629e-01
    1.6396636841356615e-01
    3.1178055830343658e-02
   -4.9164332336915674e-02
    3.2374109746435981e-02
   -2.6156868507114201e-17
   -3.8853563257906347e-17
    3.7869915636173749e-17
    3.9035734139379228e-17
    3.1179214977617775e-18
   -3.3487498366723070e-17
   -1.8391067286858412e-17
    2.5502396486073527e-17
    4.5071563757510751e-17
    2.0324233733129324e-17
   -6.4233767414271056e-17
    1.6317629964281254e-17
   -2.9591344422663532e-17
    2.0971146598114255e-17
    2.8271227018687171e-17
    2.2458395155505505e-17
   -4.9149284821142343e-02
   -4.9590727831154095e-03
   -5.1757129605906262e-02
   -4.8031780036297309e-02
    2.8049596116420474e-02
    1.6648610793129373e-01
    2.9857585118191188e-02
   -4.8859198724080177e-02
    1.6599745245401218e-01
    4.4004146676073141e-01
    1.6810744030555053e-01
   -1.1530240309618685e-02
    3.1070427288754265e-02
    1.6883167905554813e-01
    2.9165865955344178e-02
   -4.9766355320057874e-02
   -3.1139588514494592e-17
   -3.8187124125787942e-17
   -7.4515483902642583e-18
    4.0496677499431243e-17
   -2.4469460398740612e-17
   -2.8819733284592654e-17
    2.4120378553269095e-17
    8.1898364352359672e-18
    3.4824674056662054e-17
    3.5162988206373732e-17
    1.1217469856285645e-17
   -2.1214849585488698e-17
    1.6792893912045213e-17
    5.0822586707633309e-18
   -1.1330109204040423e-17
   -1.0737914057239938e-17
   -4.8796454900307248e-02
   -5.2763212110893222e-02
   -7.0716295965713993e-03
   -4.9508993930688527e-02
   -4.8770065229712757e-02
    2.9610317249855432e-02
    1.7021525185644110e-01
    2.9418475132200611e-02
   -7.1728924093547352e-03
    1.6543532492649410e-01
    4.3632155159515157e-01
    1.6680581068314587e-01
   -4.5814683912117002e-02
    2.9258952398840566e-02
    1.6714775789752792e-01
    2.7753514168000187e-02
    2.1015294001889263e-17
    1.9518515684471188e-17
   -2.5416860634011297e-17
   -2.6215457612794964e-17
    2.1528110096033480e-17
    8.9755646172961022e-18
   -6.0992891818161096e-17
   -2.5544536839319875e-17
   -3.0081764141252160e-17
    8.7450293395220179e-18
    5.5122507456188213e-17
    4.1044233444639750e-18
   -3.1681686469294219e-17
    2.2387568373492500e-17
    5.7502207345703880e-17
    1.2156250461448824e-17
   -5.2059538157491023e-02
   -4.4020437325583014e-02
   -4.9575669647050451e-02
   -6.5299718529277379e-03
    3.1744628041515580e-02
   -4.8298976334682206e-02
    2.7532445886094669e-02
    1.6839512252007949e-01
    1.6771510424621502e-01
   -1.1071373631100903e-02
    1.6284599980624523e-01
    4.4515070630835368e-01
    2.5590430769678558e-02
   -4.9083042492042060e-02
    2.8116952634135807e-02
    1.6768714081473071e-01
   -2.7169455903446745e-18
    1.9308553681124186e-17
    4.1362334534851120e-18
    1.2387186540622615e-17
   -8.0051009673318510e-18
    3.8700829299804784e-17
    2.4423039285439517e-17
   -1.6998022602931955e-17
   -6.0815533458522362e-18
    8.2314149407560788e-18
   -4.6709902934874648e-18
   -4.5194445574856212e-17
    2.3317432127168019e-17
   -4.1904636889514212e-17
   -4.1071424315370790e-17
    1.8966472582890500e-17
    1.6677383366617293e-01
    2.9191423084165481e-02
   -4.5654323446589887e-02
    2.6533741747734228e-02
   -6.4780436704451466e-03
   -4.9942222480978404e-02
   -4.5008435681578141e-02
   -4.9222517067015706e-02
    1.6683627325972400e-01
    2.7864770778550336e-02
   -4.9535946362691471e-02
    2.9230993788883018e-02
    4.4203687067066877e-01
    1.6608638744618617e-01
   -9.3248956814138452e-03
    1.6503080597532210e-01
    1.7249276685609929e-17
   -2.0515509583199153e-17
   -1.6207342142546188e-17
    2.2585025676942774e-17
    6.6284406254816193e-18
    3.4672633661360365e-18
   -1.1439309908898546e-17
   -9.8390551075015968e-18
    1.7512261748610832e-17
    2.6450849653371275e-17
    1.0847345980210224e-17
    8.4689154218034454e-18
   -4.9193980515574246e-18
    7.3534451335406537e-18
   -2.7673021404898915e-18
    3.8711094744752669e-18
    2.8382152928238313e-02
    1.6870572776770687e-01
    3.0333153570446480e-02
   -4.8942333929967705e-02
   -4.9664687252014186e-02
   -4.9750607059077193e-03
   -5.1296093531064194e-02
   -4.8593022143577275e-02
    2.8960916707663258e-02
    1.6884464029012242e-01
    2.9002107942537401e-02
   -5.0581667606284207e-02
    1.6592370939373438e-01
    4.3204680178690252e-01
    1.6679754374473893e-01
   -7.5347364676466811e-03
    1.5816621338280227e-17
   -3.0541158318889221e-18
   -4.9944669455146883e-18
   -2.0520014069050109e-17
   -1.2471320482810481e-17
   -3.0272347216060310e-18
    4.5695324139607757e-17
    2.2937716486836547e-19
    9.2488080948975776e-18
   -3.9288204636230687e-17
    4.0089137705820666e-17
    1.2410405552748623e-17
    4.0555195907940392e-17
   -9.8750295250206093e-17
   -4.0546929100276009e-17
   -2.4990767647786821e-17
   -4.8797194704873134e-02
    2.6880191425821615e-02
    1.6575769486796704e-01
    3.0099780880764204e-02
   -4.5794097540199474e-02
   -5.2723956573271960e-02
   -7.7611907867145488e-03
   -4.7933505501872573e-02
   -4.7507364991013337e-02
    3.1132299747911658e-02
    1.6765065815445723e-01
    2.9247720399416737e-02
   -8.8503213420897918e-03
    1.6804720155062977e-01
    4.4319147312375284e-01
    1.6616689995297823e-01
    2.3619896118327318e-17
    2.1026411895958024e-17
   -1.4896727755552399e-17
   -2.8529901601352180e-17
    3.8016866924054634e-17
    7.8846843748299179e-18
   -8.9600479457469939e-17
   -4.3039735518874164e-17
    7.8360228351113245e-18
    2.1608885220205048e-17
   -2.0273899890598058e-18
    1.7707584334557612e-17
   -5.2773266866846441e-17
    6.6659581140642058e-18
    9.0487248844878490e-17
    2.9634462326040823e-17
    3.0330218851446617e-02
   -4.5713242348401489e-02
    3.2100536701765763e-02
    1.6736612327302866e-01
   -5.0128849302169022e-02
   -4.8797787242482973e-02
   -5.0908975590633232e-02
   -5.8935792784148124e-03
    3.0812606855875918e-02
   -5.2171587611630266e-02
    2.8193237033530820e-02
    1.6806712975458860e-01
    1.6632631923777647e-01
   -1.0277592378127644e-02
    1.6817168611151384e-01
    4.3600739214827289e-01
    9.3773927241098323e-18
    5.7334919301069202e-17
   -2.1243881619245778e-18
   -3.1578140803515508e-17
    2.0050086764919474e-17
    1.5175517220422220e-17
    1.1338917418950072e-17
    1.4293315380641529e-17
   -1.1120312340506694e-17
   -1.8146475437591137e-17
   -1.0490934812399275e-17
   -5.0280460426201598e-18
   -1.2952947636350718e-17
    4.2112335952572488e-17
   -3.2717283661705573e-17
   -7.0972460328108869e-17
   -1.2494798141807373e-17
   -4.5413406191631113e-18
   -2.4272414334783695e-18
    1.2224583755852012e-17
   -5.7257876452366620e-18
   -1.6333882753760544e-18
    1.2264204717128640e-18
    8.0061940820265747e-18
   -9.1722794999912440e-18
    3.2166406848438025e-17
    8.4924667112775874e-18
   -2.0322009613478659e-17
   -9.0936059693917216e-18
   -6.0355195374704913e-18
   -1.2459628407192173e-17
   -2.1727520029607818e-17
    4.3916959778155523e-01
    1.6658053470596118e-01
   -5.7709639142644502e-03
    1.6937037380297978e-01
    1.6745423809797905e-01
    2.6981811138833706e-02
   -5.0965017997484416e-02
    3.0351949650075503e-02
   -5.1856875107302971e-03
   -4.7490758861367936e-02
   -4.8046808000383155e-02
   -4.8621640916387113e-02
    1.6576847192577321e-01
    3.0504261232570072e-02
   -5.2255501867376417e-02
    2.7182614975013702e-02
   -9.3897193655547602e-18
    1.9599392750117640e-16
    2.6414921390298523e-17
   -1.0309960055483247e-16
    1.3137210472789204e-17
    8.1812455408134162e-18
   -2.1478362476541956e-17
    1.5251186625850233e-17
   -4.2010917361253069e-18
   -8.1600284021934241e-17
   -2.2120275382988342e-17
    9.7050261879670041e-17
   -3.6981265950490689e-17
   -1.2739352667879746e-17
    9.8729233783091020e-18
   -1.1468827617512917e-17
    1.6425929085024288e-01
    4.3515305921493830e-01
    1.6686118474791689e-01
   -8.3292370088105527e-03
    3.1287375956626430e-02
    1.6742018708787090e-01
    2.9736589899914283e-02
   -4.9095337955831750e-02
   -5.1271884163483293e-02
   -5.0782105466869289e-03
   -4.8560607577927309e-02
   -5.0490520972489052e-02
    2.8893232544935605e-02
    1.6918344940969907e-01
    3.3630303302005692e-02
   -4.9022894864293239e-02
   -5.2290452516542802e-18
   -3.6909359424450100e-17
   -8.4144501349509072e-17
    2.0403546310710213e-17
    2.3209193012039869e-17
    1.9313187746559539e-18
    2.1007059771375458e-17
    3.3471147415796945e-17
   -2.4720823715435330e-17
    1.1542497840731015e-17
   -5.7635864651305156e-18
   -2.2146829570584205e-17
    2.9438615012443523e-17
    6.1782644507015066e-17
   -2.5129234053921661e-19
    4.8596297967735911e-17
   -1.0154782869323309e-02
    1.6286166157325369e-01
    4.4387802147517919e-01
    1.6479974169068487e-01
   -4.8384597752349566e-02
    3.0435236181596499e-02
    1.7197439822254071e-01
    2.6567221875799869e-02
   -4.3909589913055970e-02
   -5.2745748049866578e-02
   -7.0122403499110735e-03
   -5.1830031694173551e-02
   -4.6711167665847347e-02
    2.5185045175691662e-02
    1.7067342297275814e-01
    3.0029460840301142e-02
    6.7246421161902588e-18
   -5.6567925649851440e-17
   -2.8125389199756995e-17
    2.4865148779202481e-17
    1.4540104664100849e-17
   -3.8532903908010644e-19
    5.1288357288134640e-18
    4.0631190225256608e-18
   -2.8308863075568989e-18
    2.8603177569659296e-17
    5.8559224979315277e-18
   -5.5009503846179372e-17
    1.9051666052956670e-17
    1.5009303355796448e-17
   -2.7194034783126812e-18
   -2.5723234280155806e-18
    1.6885732668880488e-01
   -5.8711827362949356e-03
    1.6549197358950513e-01
    4.3670790853627234e-01
    2.8937639108501827e-02
   -4.5477689447633189e-02
    2.9778431973414659e-02
    1.6491755547124901e-01
   -5.1518593475335404e-02
   -4.8231390091121401e-02
   -5.0234512149484600e-02
   -4.1926732080670714e-03
    2.6408270133617830e-02
   -5.1760415271001836e-02
    2.7229918903077639e-02
    1.6839377827191621e-01
    7.1580747936473612e-18
   -3.6081212332197716e-18
   -2.0413501186519743e-17
    6.9177552678451424e-18
    8.3018713803570778e-18
    1.1894762709191192e-17
    1.6696508356314505e-17
   -1.3115789379424676e-18
   -2.3545989506763212e-17
    1.9282068173325019e-18
    1.1603795218627239e-17
   -7.8308813990227668e-18
    6.2895642260099419e-18
    8.9107162348719374e-18
   -2.9801153546641409e-17
    1.1573261422499318e-17
    1.6914166569195180e-01
    3.1074571715286471e-02
   -4.9855729623343351e-02
    2.9745094341037965e-02
    4.3336798058911619e-01
    1.6695122278793145e-01
   -9.4228440427770004e-03
    1.6763107238417821e-01
    1.6726964888982718e-01
    2.8537078207771498e-02
   -4.8014676970725888e-02
    3.2335335205221756e-02
   -6.4096426780590786e-03
   -4.9450407204134697e-02
   -5.1678215740571534e-02
   -5.0159713205811848e-02
    1.5222986909268890e-17
   -3.8824420920526259e-17
   -1.8354451955860709e-17
    4.2368940215456733e-17
   -1.0441161720682445e-17
    2.1658068659921283e-18
   -1.8504956476149298e-17
   -1.9879953389272968e-17
   -1.0597806372453057e-17
    4.2956354753208991e-17
    3.2971046818015578e-17
   -7.3722074768542357e-17
   -1.3729728851390121e-17
   -3.1143005070779233e-18
    3.9879100067436644e-18
   -3.0338076422539163e-17
    2.8730062486052747e-02
    1.6939651838481404e-01
    2.9687902637650605e-02
   -4.7265887155815769e-02
    1.6780935969524827e-01
    4.3980663393368574e-01
    1.6371845412035185e-01
   -7.1256068684966995e-03
    2.9348976951077899e-02
    1.6696842244163873e-01
    2.8073786894384688e-02
   -4.9773222929926149e-02
   -5.2178948742135613e-02
   -5.7973842853060384e-03
   -5.0435605035577091e-02
   -4.8010377567300588e-02
   -1.6258978631040377e-17
   -1.7677433765747400e-17
   -3.9078019325843452e-18
    2.1706707631845457e-17
   -1.3786328309578215e-17
    3.8096810798010482e-19
    2.1144478087361179e-17
   -1.4074461350998994e-17
    1.2683441718677420e-17
    2.7231267463673507e-17
    1.0124467966734263e-17
   -2.5371150661795772e-17
    1.7712191266194478e-18
    5.8959926120387626e-18
   -3.7571088627996181e-18
   -3.2501918630874928e-19
   -4.8286369646297692e-02
    2.5870395488769349e-02
    1.6921250514948064e-01
    2.7882152462831357e-02
   -7.2479606163212166e-03
    1.6591971014807017e-01
    4.3622793676347199e-01
    1.6721246583410093e-01
   -4.8980678580320514e-02
    3.1550060973631062e-02
    1.6696824896410098e-01
    2.7406704739131548e-02
   -4.4984817121316328e-02
   -5.0659844483315640e-02
   -3.8598142799130242e-03
   -5.2032862437424998e-02
    1.7282429387542680e-17
    3.9413737120813410e-17
    6.8566520886316999e-17
   -1.8820065460076284e-17
   -1.7152100800523791e-17
   -1.2585029435938643e-17
   -1.6562166339516428e-17
   -5.3879782656545363e-17
    3.8956118099787721e-17
   -1.7470392465236090e-17
   -1.1166445956710329e-17
    5.9613783793989774e-18
    2.1598624578281380e-19
   -4.0013208667432558e-17
   -1.9953958952364852e-18
   -2.1715599029523696e-17
    2.8935131572480975e-02
   -4.7421536285480508e-02
    2.4267001723809391e-02
    1.6315679003118308e-01
    1.6540841449929880e-01
   -6.3169101611488376e-03
    1.6769055172250169e-01
    4.4356542888251688e-01
    2.6390427776890369e-02
   -4.9137256254058716e-02
    2.9257412378379078e-02
    1.6850441529343324e-01
   -4.9701006441088366e-02
   -4.5227183450564479e-02
   -4.9777965290575092e-02
   -6.6264214962088938e-03
   -8.7104766795273993e-18
    1.0032565384156151e-17
   -2.7319041267357734e-17
   -4.1205285891557696e-17
    3.4239034056926190e-17
    1.1019821326038773e-18
    1.8333946490992592e-17
    4.0438731319813270e-17
   -1.1997988918334164e-17
   -5.4965251703063711e-17
   -2.4924733581829009e-17
    8.4986957131935628e-17
    9.3018891347083801e-18
    2.5582518015373788e-17
    8.5578578099775152e-18
    4.2651267121171182e-17
   -7.1158984381043070e-03
   -5.4744320922787595e-02
   -4.5349780790481228e-02
   -5.0095821945113396e-02
    1.6819954282295160e-01
    2.9461984224061773e-02
   -4.5310966919618403e-02
    2.8648724623489163e-02
    4.4127867269402693e-01
    1.6623259798783147e-01
   -8.0322726835073376e-03
    1.6517034650607926e-01
    1.6728517799859949e-01
    2.6353919963886800e-02
   -4.6015547067908877e-02
    2.9364206958352079e-02
    6.9014495429440237e-18
   -2.1446750318537832e-17
    9.3332530196152584e-18
    2.3827305888265658e-17
   -1.1330864877158554e-17
   -3.1930404474858055e-18
    1.9468203189098822e-19
   -2.4411575319631465e-17
    5.4496593948780676e-18
    4.3205165025262197e-17
    1.2032013538717661e-17
   -6.6586289902500357e-17
    5.3148343753782877e-18
   -1.3739219837463940e-17
   -1.4614043717104325e-17
   -2.5105886118474615e-17
   -4.9706464430186989e-02
   -4.5158060440428621e-03
   -5.0439576472245548e-02
   -4.8880952326669079e-02
    3.0496729176061547e-02
    1.6885329926268083e-01
    3.0538844197798572e-02
   -4.8785813624420651e-02
    1.6732683696406248e-01
    4.3265937757514344e-01
    1.6616883851553482e-01
   -7.3667679521992342e-03
    2.7509016133550834e-02
    1.6668612764301685e-01
    2.9230563191342422e-02
   -4.8096257851903142e-02
   -8.7065569671365914e-18
   -1.6601663802802038e-17
   -7.1099896594843679e-18
    8.7772791884848762e-18
   -6.1042213250571040e-18
    2.1706389879687180e-18
    1.2786832701680702e-17
    2.3810289362990308e-18
   -2.5436704960982354e-18
    7.2413684163352303e-18
   -1.0379224807503983e-18
   -1.4615261308709130e-18
    1.8506902885039921e-18
    1.0700498335531648e-17
   -8.6308522600805283e-18
    5.2430145900210983e-18
   -4.5920425354478725e-02
   -4.9818353036215166e-02
   -4.9685655312582270e-03
   -4.8387272608314352e-02
   -4.9284311359135732e-02
    2.8241172172784483e-02
    1.6578813841258008e-01
    2.7436924627053594e-02
   -6.2098930083080012e-03
    1.6807524033647053e-01
    4.3996073892567616e-01
    1.6573841466752906e-01
   -4.7902004550630949e-02
    2.9638435448218890e-02
    1.6521961460630599e-01
    2.8107360132641389e-02
    3.0412543987064233e-18
    4.4762788002669974e-17
    1.2963551123743889e-18
   -4.9698857779394948e-17
    2.6212197831743828e-17
   -3.5513668142791126e-19
   -3.0845529070897032e-17
    3.8924757396424775e-17
    2.0616291745811745e-18
   -6.1282299753010140e-17
   -3.2398976800837183e-17
    1.0554622344054186e-16
   -1.6128160604298778e-17
    2.2428299048131082e-18
    4.6251941730876334e-17
   -2.2660911493974006e-18
   -5.1966703550600971e-02
   -4.8198597560415016e-02
   -5.3310806981975378e-02
   -5.0691841206845240e-03
    3.0797815976700928e-02
   -4.7971463086373289e-02
    2.8745941564145394e-02
    1.6614019105003880e-01
    1.6566790598628628e-01
   -8.0501214005439265e-03
    1.6500362123467788e-01
    4.3033292496355768e-01
    2.9969780422571680e-02
   -4.8416552198225965e-02
    3.3337685927411945e-02
    1.7035932273353280e-01
   -9.4373373182037111e-18
   -4.2034429307532665e-17
   -7.2062272266844552e-18
    3.7299630761233063e-17
   -1.5160963429125282e-17
    2.9303382347198607e-19
    2.1682517824287244e-17
   -1.0916883531658945e-17
    1.8439912000425699e-17
    2.2783766892318002e-17
    6.7929002455171567e-18
   -2.6101088914146987e-17
    2.1469037968749749e-17
    1.9243772213175732e-17
   -3.4754381262254793e-18
    8.0155749773694085e-18
    1.6702076722618803e-01
    2.6279317191020973e-02
   -4.6518301414746929e-02
    3.0150054554909482e-02
   -6.4959459410382017e-03
   -5.3174497581594260e-02
   -4.7605462129364590e-02
   -5.0793519025520192e-02
    1.6916610699257614e-01
    3.2933144868478328e-02
   -4.7231381355576127e-02
    2.8735518042528073e-02
    4.3568236029473467e-01
    1.6633509301059890e-01
   -6.8746604582773261e-03
    1.6268829920209621e-01
    5.3904595291143466e-18
    4.1576638207493709e-17
    8.3748667199801150e-17
   -4.1507963962426589e-17
   -1.7476597045799786e-17
   -1.3867646063062115e-17
   -9.5292067746712915e-18
   -3.5788476796271276e-17
    4.0395212582856600e-17
   -1.9256944497220931e-17
   -7.3573479677698195e-18
    3.4042841687913329e-17
   -1.4524861497666462e-17
   -9.3666145242069887e-17
   -8.1341438264593498e-18
   -1.8173053113848829e-17
    2.9362307196233721e-02
    1.6921168283638363e-01
    2.6624092073825462e-02
   -4.9500291956771934e-02
   -5.0962888763004456e-02
   -6.4348030213549181e-03
   -5.1108606511770668e-02
   -4.6243820425723774e-02
    2.6879318295743866e-02
    1.6720228392612585e-01
    2.8929281741946554e-02
   -4.8602730638484803e-02
    1.6614684081675415e-01
    4.4313016997228372e-01
    1.6758471520882723e-01
   -6.8234565786818788e-03
   -3.6354802973741107e-18
   -1.3309907141992071e-17
   -5.2575610455499082e-18
    1.2004628406050641e-17
   -9.8136800158294502e-18
    6.6878735284825474e-18
    1.2236391950528121e-17
   -7.9433862707266822e-18
    1.3721883820666792e-18
    1.3611723320444705e-17
   -2.2134087997437261e-19
   -6.6298012978673453e-18
    1.6021174043978893e-17
    2.8499010620489196e-18
   -3.5547757969176893e-17
    3.1202304547814900e-17
   -4.7031022328522437e-02
    3.1769119835269623e-02
    1.6781763688372439e-01
    3.0580892096480832e-02
   -5.0469291654454837e-02
   -5.2451033166711278e-02
   -5.4858227364980713e-03
   -4.8895647860505112e-02
   -4.8749528996569445e-02
    2.7516835142586370e-02
    1.6889098113860157e-01
    3.1730578944730872e-02
   -6.6817839444262301e-03
    1.6780625121180676e-01
    4.2956321399225067e-01
    1.6561752509706346e-01
   -1.0249623537972707e-18
    1.9032604613818303e-17
    5.2093019470043655e-18
    1.0165234324953907e-17
   -9.7445580899507755e-18
    1.4015690107137305e-17
   -1.6948952526085936e-17
   -7.7754586094372307e-18
   -1.3255717485055236e-17
    8.4682175498982973e-18
    1.0582340237546571e-17
   -2.2677449907850461e-17
   -2.4548517936774474e-17
   -1.7908326616715880e-17
   -5.3910135784531010e-18
   -6.3280519871968967e-17
    3.0947774386546466e-02
   -4.6966875775463837e-02
    2.6341013741213733e-02
    1.6899970553443250e-01
   -4.9860778629715233e-02
   -4.7034249728538674e-02
   -5.1523802372809201e-02
   -6.2349536737229582e-03
    2.6162185467432857e-02
   -4.8587668753434607e-02
    2.9217444677391246e-02
    1.6714553583617400e-01
    1.6511582346519713e-01
   -6.4734053548695381e-03
    1.6560432034418440e-01
    4.3951597440564172e-01
