   1   1   1     0.17522307
   2   1   1    -0.05771312
   3   1   1     0.02181142
   4   1   1    -0.05771312
   5   1   1    -0.05692488
   6   1   1     0.02871183
   7   1   1    -0.03315574
   8   1   1     0.02934370
   9   1   1     0.02258640
  10   1   1    -0.03260433
  11   1   1     0.02506418
  12   1   1    -0.03260433
  13   1   1    -0.05692488
  14   1   1     0.02934370
  15   1   1    -0.03315574
  16   1   1     0.02871183


   1   1   1     0.17486414
   2   1   1    -0.05658027
   3   1   1     0.02165983
   4   1   1    -0.05658027
   5   1   1    -0.05680139
   6   1   1     0.02886721
   7   1   1    -0.03259843
   8   1   1     0.02892755
   9   1   1     0.02225982
  10   1   1    -0.03383346
  11   1   1     0.02525381
  12   1   1    -0.03383346
  13   1   1    -0.05680139
  14   1   1     0.02892755
  15   1   1    -0.03259843
  16   1   1     0.02886721


   1   1   1     0.17554176
   2   1   1    -0.05762889
   3   1   1     0.02328545
   4   1   1    -0.05762889
   5   1   1    -0.05777197
   6   1   1     0.02915311
   7   1   1    -0.03432942
   8   1   1     0.03072023
   9   1   1     0.02303802
  10   1   1    -0.03339098
  11   1   1     0.02463061
  12   1   1    -0.03339098
  13   1   1    -0.05777197
  14   1   1     0.03072023
  15   1   1    -0.03432942
  16   1   1     0.02915311


   1   1   1     0.17548156
   2   1   1    -0.05768702
   3   1   1     0.02224362
   4   1   1    -0.05768702
   5   1   1    -0.05739423
   6   1   1     0.02893064
   7   1   1    -0.03379625
   8   1   1     0.03001810
   9   1   1     0.02242372
  10   1   1    -0.03340606
  11   1   1     0.02652077
  12   1   1    -0.03340606
  13   1   1    -0.05739423
  14   1   1     0.03001810
  15   1   1    -0.03379625
  16   1   1     0.02893064


   1   1   1     0.17454179
   2   1   1    -0.05586901
   3   1   1     0.01984095
   4   1   1    -0.05586901
   5   1   1    -0.05585214
   6   1   1     0.02739082
   7   1   1    -0.03140703
   8   1   1     0.02782895
   9   1   1     0.02044655
  10   1   1    -0.03149135
  11   1   1     0.02397022
  12   1   1    -0.03149135
  13   1   1    -0.05585214
  14   1   1     0.02782895
  15   1   1    -0.03140703
  16   1   1     0.02739082


   1   1   1     0.17404379
   2   1   1    -0.05455837
   3   1   1     0.01915093
   4   1   1    -0.05455837
   5   1   1    -0.05515547
   6   1   1     0.02778022
   7   1   1    -0.03150410
   8   1   1     0.02772827
   9   1   1     0.01989465
  10   1   1    -0.03200706
  11   1   1     0.02234364
  12   1   1    -0.03200706
  13   1   1    -0.05515547
  14   1   1     0.02772827
  15   1   1    -0.03150410
  16   1   1     0.02778022


   1   1   1     0.17515669
   2   1   1    -0.05655477
   3   1   1     0.01941674
   4   1   1    -0.05655477
   5   1   1    -0.05634730
   6   1   1     0.02885669
   7   1   1    -0.03320285
   8   1   1     0.02894286
   9   1   1     0.02051321
  10   1   1    -0.03304778
  11   1   1     0.02761965
  12   1   1    -0.03304778
  13   1   1    -0.05634730
  14   1   1     0.02894286
  15   1   1    -0.03320285
  16   1   1     0.02885669


   1   1   1     0.17517504
   2   1   1    -0.05601730
   3   1   1     0.02244502
   4   1   1    -0.05601730
   5   1   1    -0.05704586
   6   1   1     0.02728896
   7   1   1    -0.03298145
   8   1   1     0.02987934
   9   1   1     0.02176965
  10   1   1    -0.03241405
  11   1   1     0.02319104
  12   1   1    -0.03241405
  13   1   1    -0.05704586
  14   1   1     0.02987934
  15   1   1    -0.03298145
  16   1   1     0.02728896


   1   1   1     0.17558667
   2   1   1    -0.05756713
   3   1   1     0.02369096
   4   1   1    -0.05756713
   5   1   1    -0.05756222
   6   1   1     0.02937418
   7   1   1    -0.03474134
   8   1   1     0.02944281
   9   1   1     0.02168454
  10   1   1    -0.03296986
  11   1   1     0.02708495
  12   1   1    -0.03296986
  13   1   1    -0.05756222
  14   1   1     0.02944281
  15   1   1    -0.03474134
  16   1   1     0.02937418


   1   1   1     0.17495668
   2   1   1    -0.05670156
   3   1   1     0.02098418
   4   1   1    -0.05670156
   5   1   1    -0.05569995
   6   1   1     0.03002011
   7   1   1    -0.03315903
   8   1   1     0.02732598
   9   1   1     0.02132449
  10   1   1    -0.03349339
  11   1   1     0.02615033
  12   1   1    -0.03349339
  13   1   1    -0.05569995
  14   1   1     0.02732598
  15   1   1    -0.03315903
  16   1   1     0.03002011


