  0.42034215718581913     
  0.10019763775715199     
  -4.0845167943626227E-002
  0.10980891677714000     
  0.14411595788503692     
  0.11401092023000838     
  -1.1548511089106362E-002
   2.5304563017920518E-002
   1.2984389858794358E-002
  -1.3666863123873111E-002
   2.9427843414919926E-003
  -2.0281416747307338E-002
   8.9501156836782850E-002
   9.1803513336674011E-002
   1.5803305723297929E-002
   2.7739116680436750E-002
   0.0000000000000000     
   0.0000000000000000     
   0.0000000000000000     
   0.0000000000000000     
   0.0000000000000000     
   0.0000000000000000     
   0.0000000000000000     
   0.0000000000000000     
   0.0000000000000000     
   0.0000000000000000     
   0.0000000000000000     
   0.0000000000000000     
   0.0000000000000000     
   0.0000000000000000     
   0.0000000000000000     
   0.0000000000000000     
  0.19659628618323433     
  0.44688306386653176     
  0.23139899624334437     
  -4.9826519332828646E-002
   5.7427870098724923E-002
  0.13500231689851497     
   3.8628305459625389E-003
  -4.3919224639537527E-002
  -4.7436103800288343E-002
  -4.4865760372764019E-002
  -7.8761684813368260E-002
  -3.7868797961350537E-002
   3.2986516590764341E-002
  0.10843653112884553     
   3.9839370624447680E-002
  -1.6748802562578508E-002
   0.0000000000000000     
   0.0000000000000000     
   0.0000000000000000     
   0.0000000000000000     
   0.0000000000000000     
   0.0000000000000000     
   0.0000000000000000     
   0.0000000000000000     
   0.0000000000000000     
   0.0000000000000000     
   0.0000000000000000     
   0.0000000000000000     
   0.0000000000000000     
   0.0000000000000000     
   0.0000000000000000     
   0.0000000000000000     
  -5.4177549652450398E-002
  0.13043544074572327     
  0.43607282692736726     
  0.15248514384213041     
  -2.0432406768882382E-002
   7.7724933968356766E-002
  0.12994775860136917     
   5.2355552656569132E-002
  -1.7084690615825977E-002
  -2.6146563353929373E-002
  -5.7870769274041807E-003
  -5.9217884961637657E-002
  -2.6142036718053423E-002
   9.4267799001921823E-002
  0.14632123421240442     
   5.2127401032065597E-002
   0.0000000000000000     
   0.0000000000000000     
   0.0000000000000000     
   0.0000000000000000     
   0.0000000000000000     
   0.0000000000000000     
   0.0000000000000000     
   0.0000000000000000     
   0.0000000000000000     
   0.0000000000000000     
   0.0000000000000000     
   0.0000000000000000     
   0.0000000000000000     
   0.0000000000000000     
   0.0000000000000000     
   0.0000000000000000     
  0.15248574049300528     
  -7.4840377729351482E-002
  0.11444230642037653     
  0.47003343607590103     
   1.9923782030333802E-002
  -4.2896248264336675E-002
   8.0252654638518939E-002
  0.10416542132520519     
  -2.9255988837492496E-002
  -3.1977523733083213E-002
  -7.6630234671022984E-003
  -6.8773921331521581E-003
  -1.0825232129310856E-002
  -5.1543027270714421E-002
   5.0053431400912569E-002
  0.13327617629986371     
   0.0000000000000000     
   0.0000000000000000     
   0.0000000000000000     
   0.0000000000000000     
   0.0000000000000000     
   0.0000000000000000     
   0.0000000000000000     
   0.0000000000000000     
   0.0000000000000000     
   0.0000000000000000     
   0.0000000000000000     
   0.0000000000000000     
   0.0000000000000000     
   0.0000000000000000     
   0.0000000000000000     
   0.0000000000000000     
  0.19365416881621914     
   5.2142432942104806E-002
  -3.3252443739801421E-002
   5.8159419682444084E-002
  0.36983134821819458     
  0.12615949095936699     
   9.2301180743965833E-003
  0.16963072601777879     
  0.22772546258513471     
   1.2490706928574338E-002
  -1.6526094509587922E-002
   2.0702766439987991E-002
   1.8850671243036848E-003
  -2.1016353400200152E-002
   4.9371952239384079E-002
  -6.7528529723526839E-002
   0.0000000000000000     
   0.0000000000000000     
   0.0000000000000000     
   0.0000000000000000     
   0.0000000000000000     
   0.0000000000000000     
   0.0000000000000000     
   0.0000000000000000     
   0.0000000000000000     
   0.0000000000000000     
   0.0000000000000000     
   0.0000000000000000     
   0.0000000000000000     
   0.0000000000000000     
   0.0000000000000000     
   0.0000000000000000     
  -5.3370287715773644E-002
  0.13842865551722522     
   4.1991251799280940E-002
  -3.0147608842249683E-002
   5.4481321537895179E-002
  0.46941578031875297     
  0.14872366400853126     
   2.3098867201344100E-002
   2.1156949001694538E-002
   6.8241255586274988E-002
   3.9401476020873398E-003
  -2.6954828785722648E-003
  -3.7480017381982610E-002
  -3.9182715699246931E-002
  -7.6893256949737004E-002
  -7.1348106612423981E-002
   0.0000000000000000     
   0.0000000000000000     
   0.0000000000000000     
   0.0000000000000000     
   0.0000000000000000     
   0.0000000000000000     
   0.0000000000000000     
   0.0000000000000000     
   0.0000000000000000     
   0.0000000000000000     
   0.0000000000000000     
   0.0000000000000000     
   0.0000000000000000     
   0.0000000000000000     
   0.0000000000000000     
   0.0000000000000000     
 -0.11517717108705056     
   1.8492137771490291E-003
   9.9679447684438080E-002
   2.6048205751497661E-002
  -1.9861951253260981E-002
  0.14157155978082342     
  0.42350036349765718     
  0.19837284793757179     
  -2.1007234703460293E-002
   5.0196887578932113E-002
  0.13259150088334701     
   1.8011589973240739E-002
  -9.1264926104024421E-003
  -4.1937324044708651E-002
   1.2406758321539858E-002
  -1.1277520900141518E-002
   0.0000000000000000     
   0.0000000000000000     
   0.0000000000000000     
   0.0000000000000000     
   0.0000000000000000     
   0.0000000000000000     
   0.0000000000000000     
   0.0000000000000000     
   0.0000000000000000     
   0.0000000000000000     
   0.0000000000000000     
   0.0000000000000000     
   0.0000000000000000     
   0.0000000000000000     
   0.0000000000000000     
   0.0000000000000000     
   3.2797045017904806E-002
  -9.9377947217836327E-003
   2.4118180550295819E-002
  0.12706462874512151     
   9.7010950390554337E-002
  -3.3635066465330640E-002
  0.13342326410091512     
  0.30550492926661804     
   2.2681040317875004E-002
  -2.6739974726792570E-002
  -3.8101336512352639E-003
  0.14513194590866654     
  -9.5695964065707993E-003
  -2.6635520161431534E-002
  -5.2371167623626418E-002
   9.8409336266671015E-003
   0.0000000000000000     
   0.0000000000000000     
   0.0000000000000000     
   0.0000000000000000     
   0.0000000000000000     
   0.0000000000000000     
   0.0000000000000000     
   0.0000000000000000     
   0.0000000000000000     
   0.0000000000000000     
   0.0000000000000000     
   0.0000000000000000     
   0.0000000000000000     
   0.0000000000000000     
   0.0000000000000000     
   0.0000000000000000     
  -2.9527207650695924E-002
  -2.9391829747505021E-002
  -2.3383543145615211E-002
  -2.8598234232703006E-002
  0.14485362185978512     
   8.1921619697693432E-002
  -5.8257197480236509E-003
  -9.9194822181011468E-003
  0.52361465149896835     
  0.10097295493009456     
  -1.4553656141831803E-002
  0.13619112714253578     
  0.14111170932943590     
   5.6055228751577292E-002
   9.1103663527881684E-003
   1.7236876777827086E-002
   0.0000000000000000     
   0.0000000000000000     
   0.0000000000000000     
   0.0000000000000000     
   0.0000000000000000     
   0.0000000000000000     
   0.0000000000000000     
   0.0000000000000000     
   0.0000000000000000     
   0.0000000000000000     
   0.0000000000000000     
   0.0000000000000000     
   0.0000000000000000     
   0.0000000000000000     
   0.0000000000000000     
   0.0000000000000000     
  -3.6172557895902978E-002
  -4.2018662342925485E-002
  -5.8261899569776758E-003
  -1.8971795213932757E-002
  -1.6656005132874866E-005
  0.15133823240247152     
   4.3479607046696102E-002
  -5.9249134768839327E-002
  0.14901735739076549     
  0.50527512630104698     
  0.15120342442992593     
  -9.6811829499587387E-002
   1.4135198639388140E-002
  0.17403231738795469     
   3.4052113090503808E-002
  -4.0842458060941250E-002
   0.0000000000000000     
   0.0000000000000000     
   0.0000000000000000     
   0.0000000000000000     
   0.0000000000000000     
   0.0000000000000000     
   0.0000000000000000     
   0.0000000000000000     
   0.0000000000000000     
   0.0000000000000000     
   0.0000000000000000     
   0.0000000000000000     
   0.0000000000000000     
   0.0000000000000000     
   0.0000000000000000     
   0.0000000000000000     
  -3.9467228186410158E-002
  -3.5253792283733938E-002
  -6.9062840660896524E-003
  -2.5197674141854785E-002
  -1.1803553596451546E-002
   4.5037524406355489E-004
  0.20405829205211834     
   7.2154476308082346E-002
  -5.6261441602865080E-002
  0.11083130751394819     
  0.52703855185209370     
  0.14237484071749815     
  -1.9399760990725698E-002
   7.8424976180826528E-002
  0.12744799353437364     
   1.3444783751124907E-002
   0.0000000000000000     
   0.0000000000000000     
   0.0000000000000000     
   0.0000000000000000     
   0.0000000000000000     
   0.0000000000000000     
   0.0000000000000000     
   0.0000000000000000     
   0.0000000000000000     
   0.0000000000000000     
   0.0000000000000000     
   0.0000000000000000     
   0.0000000000000000     
   0.0000000000000000     
   0.0000000000000000     
   0.0000000000000000     
  -3.2519258688007706E-003
   7.4834591587835302E-003
  -1.1027911009552879E-002
  -2.1162801435396297E-002
   6.7548417045372289E-002
 -0.13683001214087154     
   1.6974928180830070E-002
  0.17718229473472563     
  0.19268358591917228     
  -4.7085117472662190E-002
  0.11539095271941051     
  0.50844559650979271     
   8.5627826164677897E-003
  -9.9646370881393678E-002
   4.8009440820064017E-002
  0.13923989965930469     
   0.0000000000000000     
   0.0000000000000000     
   0.0000000000000000     
   0.0000000000000000     
   0.0000000000000000     
   0.0000000000000000     
   0.0000000000000000     
   0.0000000000000000     
   0.0000000000000000     
   0.0000000000000000     
   0.0000000000000000     
   0.0000000000000000     
   0.0000000000000000     
   0.0000000000000000     
   0.0000000000000000     
   0.0000000000000000     
  0.11484812438148398     
   6.8359081448464212E-002
  -3.3938636245680047E-002
   2.3048205575734990E-002
  -7.9702979064868229E-002
  -2.1812004624055758E-002
  -5.0387660707531659E-002
  -4.2981617640942264E-002
  0.10924415407958736     
   2.8732200919911175E-004
  -5.6777277957771585E-002
   1.1470322337363729E-002
  0.47374201685388245     
  0.14615896716750126     
  -3.9276558688342025E-002
  0.11728061201338008     
   0.0000000000000000     
   0.0000000000000000     
   0.0000000000000000     
   0.0000000000000000     
   0.0000000000000000     
   0.0000000000000000     
   0.0000000000000000     
   0.0000000000000000     
   0.0000000000000000     
   0.0000000000000000     
   0.0000000000000000     
   0.0000000000000000     
   0.0000000000000000     
   0.0000000000000000     
   0.0000000000000000     
   0.0000000000000000     
   2.4887072576639524E-003
  0.12112842246178775     
   3.2225226351803943E-002
  -2.5379254543026197E-002
  -2.6914288864410926E-002
  -4.4775374703343133E-003
  -4.8046311476103035E-003
  -3.2693661175110106E-002
  -1.3610967690397813E-002
   8.2231598248974164E-002
   1.0800424860057178E-002
  -2.8697263895628319E-002
  0.14033285008723229     
  0.37639352270761317     
   7.8035473031636826E-002
  -2.1079786072641556E-002
   0.0000000000000000     
   0.0000000000000000     
   0.0000000000000000     
   0.0000000000000000     
   0.0000000000000000     
   0.0000000000000000     
   0.0000000000000000     
   0.0000000000000000     
   0.0000000000000000     
   0.0000000000000000     
   0.0000000000000000     
   0.0000000000000000     
   0.0000000000000000     
   0.0000000000000000     
   0.0000000000000000     
   0.0000000000000000     
  -5.4841692465710253E-002
   6.2870420238810648E-002
  0.11556430052942218     
   2.5954783918910523E-002
  -2.3501504863878121E-002
  -8.1161023839473309E-002
  -3.2371058453569100E-002
  -3.0510968801928488E-002
   2.9909219155282310E-003
   5.9767844329548486E-002
  0.19517206371406978     
   2.4535859392460460E-002
  -3.3455313560139047E-002
  0.11866025561033018     
  0.46122176726092096     
  0.10446652200768053     
   0.0000000000000000     
   0.0000000000000000     
   0.0000000000000000     
   0.0000000000000000     
   0.0000000000000000     
   0.0000000000000000     
   0.0000000000000000     
   0.0000000000000000     
   0.0000000000000000     
   0.0000000000000000     
   0.0000000000000000     
   0.0000000000000000     
   0.0000000000000000     
   0.0000000000000000     
   0.0000000000000000     
   0.0000000000000000     
  0.18751459920749866     
  -1.3905617282607223E-002
   1.6398605285930581E-002
   8.2458014676195457E-002
  -2.0809221969566787E-002
  -4.9890097103033999E-002
  -1.7574374808148965E-002
 -0.12391207898174082     
   3.1320652167968768E-002
  -8.8688223373968464E-002
   6.5305307347456681E-002
  0.21307059783161295     
  0.11517153270469850     
 -0.10895768321610791     
  0.28988515184218555     
  0.28268486165883921     
   0.0000000000000000     
   0.0000000000000000     
   0.0000000000000000     
   0.0000000000000000     
   0.0000000000000000     
   0.0000000000000000     
   0.0000000000000000     
   0.0000000000000000     
   0.0000000000000000     
   0.0000000000000000     
   0.0000000000000000     
   0.0000000000000000     
   0.0000000000000000     
   0.0000000000000000     
   0.0000000000000000     
   0.0000000000000000     
   0.0000000000000000     
   0.0000000000000000     
   0.0000000000000000     
   0.0000000000000000     
   0.0000000000000000     
   0.0000000000000000     
   0.0000000000000000     
   0.0000000000000000     
   0.0000000000000000     
   0.0000000000000000     
   0.0000000000000000     
   0.0000000000000000     
   0.0000000000000000     
   0.0000000000000000     
   0.0000000000000000     
   0.0000000000000000     
  0.45109033915121999     
  0.13801647491073721     
   5.3683428636753933E-002
  0.18249813555869832     
  0.12135034202671380     
   2.5753645925845448E-002
  -2.2239930041223464E-002
   1.9708228040213219E-002
  -1.6147955535954640E-002
   6.2567487822161993E-003
  -2.1528159118209909E-002
  -7.0520083155996366E-002
  0.17872083089211013     
   9.7032126396491402E-003
  -3.2086999680159740E-003
   2.4841082102110133E-002
   0.0000000000000000     
   0.0000000000000000     
   0.0000000000000000     
   0.0000000000000000     
   0.0000000000000000     
   0.0000000000000000     
   0.0000000000000000     
   0.0000000000000000     
   0.0000000000000000     
   0.0000000000000000     
   0.0000000000000000     
   0.0000000000000000     
   0.0000000000000000     
   0.0000000000000000     
   0.0000000000000000     
   0.0000000000000000     
  0.14384854521905535     
  0.45786623663139042     
  0.10681880778076097     
   2.0739127180603542E-002
   8.3111235972451788E-003
   8.9717142969288205E-002
   1.9892568060255786E-002
  -3.0920059659509280E-002
  -2.9337975353873537E-002
  -4.2088294960733176E-004
  -2.3526902314338381E-002
  -2.8712754038930418E-002
   4.8104189432163262E-002
  0.12773161677434458     
   1.0211205888411045E-002
  -3.8049135612191663E-002
   0.0000000000000000     
   0.0000000000000000     
   0.0000000000000000     
   0.0000000000000000     
   0.0000000000000000     
   0.0000000000000000     
   0.0000000000000000     
   0.0000000000000000     
   0.0000000000000000     
   0.0000000000000000     
   0.0000000000000000     
   0.0000000000000000     
   0.0000000000000000     
   0.0000000000000000     
   0.0000000000000000     
   0.0000000000000000     
  -1.7871775486756048E-002
  0.17032003158511275     
  0.44679169761369014     
   8.4224732975076433E-002
  -5.8326999506128463E-002
  -1.4129687852507278E-002
  0.12857910717642629     
   6.5492756580758571E-003
  -3.7925030073546404E-002
  -2.3437352520415990E-002
  -9.9218126597235088E-003
  -2.5465510314698032E-002
  -1.6097721009299099E-002
   1.0041586595490664E-002
   9.4678574155170475E-002
   3.4420772138501046E-002
   0.0000000000000000     
   0.0000000000000000     
   0.0000000000000000     
   0.0000000000000000     
   0.0000000000000000     
   0.0000000000000000     
   0.0000000000000000     
   0.0000000000000000     
   0.0000000000000000     
   0.0000000000000000     
   0.0000000000000000     
   0.0000000000000000     
   0.0000000000000000     
   0.0000000000000000     
   0.0000000000000000     
   0.0000000000000000     
   8.9567741346460325E-002
   1.2472398712575416E-002
  0.12011059612999875     
  0.36133004886520720     
   4.0437545859340118E-002
  -3.1624383395780949E-002
   4.2876076320629605E-002
  0.11269021057522942     
  -1.8376520600498821E-002
  -4.8927088799811329E-002
  -2.4663787432473435E-002
   1.2094975898701062E-003
   1.9703950441141597E-002
  -1.1484994568280836E-002
   4.0367787089691173E-002
  0.10678298268303162     
   0.0000000000000000     
   0.0000000000000000     
   0.0000000000000000     
   0.0000000000000000     
   0.0000000000000000     
   0.0000000000000000     
   0.0000000000000000     
   0.0000000000000000     
   0.0000000000000000     
   0.0000000000000000     
   0.0000000000000000     
   0.0000000000000000     
   0.0000000000000000     
   0.0000000000000000     
   0.0000000000000000     
   0.0000000000000000     
  0.11569947033121745     
   2.0996943985403308E-002
  -3.6665999645442510E-002
  -2.8349787458832969E-002
  0.44120615718518369     
  0.12381057865626262     
  -3.1557168478940502E-002
  0.13508053764771302     
  0.10668113448744709     
   1.7243180921807804E-002
  -5.3594221279933817E-002
   5.8663944002580695E-002
  -1.0513931028838800E-002
  -2.7837451613368779E-002
  -4.1011912863541555E-002
  -3.9993936655019924E-003
   0.0000000000000000     
   0.0000000000000000     
   0.0000000000000000     
   0.0000000000000000     
   0.0000000000000000     
   0.0000000000000000     
   0.0000000000000000     
   0.0000000000000000     
   0.0000000000000000     
   0.0000000000000000     
   0.0000000000000000     
   0.0000000000000000     
   0.0000000000000000     
   0.0000000000000000     
   0.0000000000000000     
   0.0000000000000000     
  -1.4151704420536379E-003
  0.16752711456561667     
   5.2646972690726219E-002
  -3.2664485679006192E-002
  0.22302848921163393     
  0.40835300684692416     
  0.11061389422671009     
  -2.0864469446240951E-002
   2.6037593121588487E-002
  0.18394286361362996     
   4.4049961280139625E-002
  -3.2247866990185281E-002
  -1.6569032865672021E-002
   9.0494550847657312E-004
 -0.12158505216118884     
  -7.7050066001843651E-002
   0.0000000000000000     
   0.0000000000000000     
   0.0000000000000000     
   0.0000000000000000     
   0.0000000000000000     
   0.0000000000000000     
   0.0000000000000000     
   0.0000000000000000     
   0.0000000000000000     
   0.0000000000000000     
   0.0000000000000000     
   0.0000000000000000     
   0.0000000000000000     
   0.0000000000000000     
   0.0000000000000000     
   0.0000000000000000     
  -4.1969176921068566E-002
   5.2831119863522173E-002
  0.20803328180338701     
   4.7293968855779918E-002
  -6.7322985258123955E-002
  0.17731234142097205     
  0.45269036652131062     
  0.12360388851961177     
  -1.0771934792400590E-002
   2.8859890991571251E-002
  0.12721300525668180     
   1.0630665538276442E-002
  -2.0920782071002678E-002
  -3.3448242275857874E-002
  -2.3821359897337629E-003
  -5.5959013122214719E-002
   0.0000000000000000     
   0.0000000000000000     
   0.0000000000000000     
   0.0000000000000000     
   0.0000000000000000     
   0.0000000000000000     
   0.0000000000000000     
   0.0000000000000000     
   0.0000000000000000     
   0.0000000000000000     
   0.0000000000000000     
   0.0000000000000000     
   0.0000000000000000     
   0.0000000000000000     
   0.0000000000000000     
   0.0000000000000000     
   2.3442041260181717E-002
  -7.6384253554609106E-003
   6.1673099612701204E-002
   8.7242326834278627E-002
  0.16572792965608618     
  -8.8452227606669279E-002
  0.12742603213316731     
  0.52086347287752144     
   3.7692565335671509E-002
  -4.3839359117105355E-002
   5.2127409050619876E-002
  0.19774846337799115     
  -5.3646750048230080E-002
  -5.4938480865693973E-002
   3.6275013960451628E-003
  -1.9138219500393606E-002
   0.0000000000000000     
   0.0000000000000000     
   0.0000000000000000     
   0.0000000000000000     
   0.0000000000000000     
   0.0000000000000000     
   0.0000000000000000     
   0.0000000000000000     
   0.0000000000000000     
   0.0000000000000000     
   0.0000000000000000     
   0.0000000000000000     
   0.0000000000000000     
   0.0000000000000000     
   0.0000000000000000     
   0.0000000000000000     
  -1.7403043218367002E-002
  -5.5566532353742967E-002
  -7.9921492825910379E-002
  -5.9835585436910713E-002
  0.18682917755712114     
   3.6155218768179100E-002
  -2.1158653687366445E-002
   3.2038186262984387E-002
  0.33710154670545095     
  0.10638461935853856     
  -3.4404931968558240E-002
  0.10200945565441719     
  0.10465258484938358     
   1.1693944989959595E-002
  -3.8808634776236015E-002
   6.6079775990665640E-002
   0.0000000000000000     
   0.0000000000000000     
   0.0000000000000000     
   0.0000000000000000     
   0.0000000000000000     
   0.0000000000000000     
   0.0000000000000000     
   0.0000000000000000     
   0.0000000000000000     
   0.0000000000000000     
   0.0000000000000000     
   0.0000000000000000     
   0.0000000000000000     
   0.0000000000000000     
   0.0000000000000000     
   0.0000000000000000     
  -4.2439461350247752E-002
  -1.4574848831068377E-002
   1.8907104007654097E-002
  -1.9600015256248222E-002
  -1.7615565269148092E-002
  0.10847096156261599     
   8.1506989978186908E-002
  -1.8782010878286855E-002
  0.10434457502041794     
  0.40346898580953372     
  0.11052550405972375     
   2.7620225466808866E-003
   2.2442379879379457E-002
   9.8539788792175315E-002
   2.5790678766279846E-002
   7.6873571904160897E-003
   0.0000000000000000     
   0.0000000000000000     
   0.0000000000000000     
   0.0000000000000000     
   0.0000000000000000     
   0.0000000000000000     
   0.0000000000000000     
   0.0000000000000000     
   0.0000000000000000     
   0.0000000000000000     
   0.0000000000000000     
   0.0000000000000000     
   0.0000000000000000     
   0.0000000000000000     
   0.0000000000000000     
   0.0000000000000000     
  -3.2074473089305673E-002
  -5.9198645103040591E-002
  -3.0636197398810176E-002
  -1.1713167198166907E-002
  -1.7669887052543829E-002
   2.4068271717690010E-002
  0.14905005865301393     
   4.6485435089350956E-002
  -5.3335617470128844E-003
  0.11469064620434796     
  0.36928554684325859     
   5.1207145998802543E-002
  -1.4425593963925447E-002
   3.5804655143383553E-002
  0.26300939818878954     
   3.6173399363663358E-002
   0.0000000000000000     
   0.0000000000000000     
   0.0000000000000000     
   0.0000000000000000     
   0.0000000000000000     
   0.0000000000000000     
   0.0000000000000000     
   0.0000000000000000     
   0.0000000000000000     
   0.0000000000000000     
   0.0000000000000000     
   0.0000000000000000     
   0.0000000000000000     
   0.0000000000000000     
   0.0000000000000000     
   0.0000000000000000     
  -1.5701531570000513E-002
  -3.3352927677655693E-002
  -4.8270361393276597E-002
  -1.1576494884466184E-002
   3.0786616905374455E-002
  -5.0688632403707058E-002
   1.1630209366623574E-002
  0.12464572258466790     
  0.10178850546393108     
  -5.8291478460368229E-003
  0.10625746196323431     
  0.34458393439256674     
   1.9967654247025349E-002
  -1.5331572047228965E-002
   3.4252030342956846E-002
  0.21377700881088207     
   0.0000000000000000     
   0.0000000000000000     
   0.0000000000000000     
   0.0000000000000000     
   0.0000000000000000     
   0.0000000000000000     
   0.0000000000000000     
   0.0000000000000000     
   0.0000000000000000     
   0.0000000000000000     
   0.0000000000000000     
   0.0000000000000000     
   0.0000000000000000     
   0.0000000000000000     
   0.0000000000000000     
   0.0000000000000000     
   8.9600663498809116E-002
   3.7980476230625823E-002
  -3.8966122565937608E-002
  -2.0142272675275966E-002
   7.7002704304297634E-002
  -3.1624672311871972E-002
  -3.4565653811600573E-002
   3.3436331430167172E-002
  0.12702727974242753     
   2.1328926090492136E-002
  -1.8051143855054907E-002
   7.1955932169835826E-002
  0.43689030308072258     
   8.9391035309549616E-002
  -2.4182340684302285E-002
  0.13452195188636132     
   0.0000000000000000     
   0.0000000000000000     
   0.0000000000000000     
   0.0000000000000000     
   0.0000000000000000     
   0.0000000000000000     
   0.0000000000000000     
   0.0000000000000000     
   0.0000000000000000     
   0.0000000000000000     
   0.0000000000000000     
   0.0000000000000000     
   0.0000000000000000     
   0.0000000000000000     
   0.0000000000000000     
   0.0000000000000000     
   3.1742744579650373E-002
  0.11122097425727208     
   7.9609449635027023E-003
  -8.3364140772476142E-002
  -5.7258414686783096E-002
  -2.9285252213635878E-002
  -4.2187158269400706E-002
  -3.1924216700786191E-002
   4.3138289285743245E-002
  0.16239013313633416     
  0.11287148800254633     
  -1.5778522507951049E-002
  0.13359204748441633     
  0.52700492465384674     
  0.16071032048974676     
 -0.14546661407414968     
   0.0000000000000000     
   0.0000000000000000     
   0.0000000000000000     
   0.0000000000000000     
   0.0000000000000000     
   0.0000000000000000     
   0.0000000000000000     
   0.0000000000000000     
   0.0000000000000000     
   0.0000000000000000     
   0.0000000000000000     
   0.0000000000000000     
   0.0000000000000000     
   0.0000000000000000     
   0.0000000000000000     
   0.0000000000000000     
  -3.1574143590443790E-002
   1.2785778562581618E-002
  0.16859775535648161     
   1.2290217038333287E-002
   4.8746768196807740E-002
  -1.6952642711225274E-002
  -6.1398165624201454E-003
  -1.0253402266876623E-002
  -1.6276825741116170E-002
   2.6622174471370365E-002
  0.10731422591962633     
   2.6765223073548599E-002
  -2.4814516431674354E-002
   6.7727749946611515E-002
  0.45141180355109761     
  0.27277967938996422     
   0.0000000000000000     
   0.0000000000000000     
   0.0000000000000000     
   0.0000000000000000     
   0.0000000000000000     
   0.0000000000000000     
   0.0000000000000000     
   0.0000000000000000     
   0.0000000000000000     
   0.0000000000000000     
   0.0000000000000000     
   0.0000000000000000     
   0.0000000000000000     
   0.0000000000000000     
   0.0000000000000000     
   0.0000000000000000     
   1.3493720069968289E-002
  -6.3087261323748173E-002
   6.3373619486677843E-002
  0.18925903111189493     
  -2.7461689132077423E-002
   1.2368231649250888E-002
  -6.7084534129011580E-002
  -5.5217167041388265E-002
   4.2227637780903222E-002
   2.5287328844196704E-003
   4.8670426925704405E-003
  0.19392572662199412     
  0.11842297014723245     
   1.0511722649776008E-003
  0.10773764455250225     
  0.59006162927107497     
