  -4.6331235696145130E-003
  -8.9892850789351289E-003
  -4.2410099111007488E-004
   1.1712820685258031E-002
   1.5056644623571782E-002
   1.4063457951577487E-002
  -7.6833108530892716E-002
  -1.1217193210358361E-002
   1.1589610893680741E-002
   3.6111048311951277E-002
   9.5494464220822368E-003
   1.0121836109172472E-002
  -2.0163673348777344E-002
  -5.9758171333749457E-002
   7.0676887403197828E-003
   5.7436089110834282E-004
   0.0000000000000000     
   0.0000000000000000     
   0.0000000000000000     
   0.0000000000000000     
   0.0000000000000000     
   0.0000000000000000     
   0.0000000000000000     
   0.0000000000000000     
   0.0000000000000000     
   0.0000000000000000     
   0.0000000000000000     
   0.0000000000000000     
   0.0000000000000000     
   0.0000000000000000     
   0.0000000000000000     
   0.0000000000000000     
   5.3682344659755918E-003
   4.5745675081428185E-003
  -6.2271253728101491E-003
   3.7665889740142768E-002
  -5.4782722782289886E-003
   4.3884857089637387E-002
  -2.2550912351739574E-002
  -3.4377461874628472E-002
   3.3133083815920082E-002
  -1.7713061752841278E-002
  -1.7734865576829156E-002
   4.4021346973874094E-003
   3.1955639211192375E-003
  -3.5663252902336864E-002
  -1.4705983703460873E-002
   2.0501566164212153E-002
   0.0000000000000000     
   0.0000000000000000     
   0.0000000000000000     
   0.0000000000000000     
   0.0000000000000000     
   0.0000000000000000     
   0.0000000000000000     
   0.0000000000000000     
   0.0000000000000000     
   0.0000000000000000     
   0.0000000000000000     
   0.0000000000000000     
   0.0000000000000000     
   0.0000000000000000     
   0.0000000000000000     
   0.0000000000000000     
  -2.2692048791602210E-002
   1.8515161292769727E-002
   5.0388629299589448E-003
  -6.4468195021857751E-003
  -1.4728951604244814E-002
  -1.6081136509468574E-002
   8.1558701783985693E-002
   1.7919030471613830E-002
   8.9738226806832123E-003
  -1.3936892640898934E-002
   1.5959880092990059E-002
  -3.7778546220876741E-003
   2.0736252840572879E-002
   3.2692295216962628E-003
  -3.0947205153966542E-003
  -7.8573957788388559E-003
   0.0000000000000000     
   0.0000000000000000     
   0.0000000000000000     
   0.0000000000000000     
   0.0000000000000000     
   0.0000000000000000     
   0.0000000000000000     
   0.0000000000000000     
   0.0000000000000000     
   0.0000000000000000     
   0.0000000000000000     
   0.0000000000000000     
   0.0000000000000000     
   0.0000000000000000     
   0.0000000000000000     
   0.0000000000000000     
  -8.3372162385896963E-003
  -1.4992101857400388E-002
  -1.2245985158735782E-002
   5.9959991686421559E-003
  -8.3967573226534260E-003
  -2.4567551756499530E-002
  -3.0686352242029719E-002
   2.9892526757169136E-002
  -1.4544285192170716E-002
   1.8051693288502473E-002
   1.5374491235627589E-002
  -4.5030656098220866E-003
  -1.1072575181915416E-002
   1.9373950159072940E-002
  -3.3209392302091884E-002
  -2.4891985077056242E-002
   0.0000000000000000     
   0.0000000000000000     
   0.0000000000000000     
   0.0000000000000000     
   0.0000000000000000     
   0.0000000000000000     
   0.0000000000000000     
   0.0000000000000000     
   0.0000000000000000     
   0.0000000000000000     
   0.0000000000000000     
   0.0000000000000000     
   0.0000000000000000     
   0.0000000000000000     
   0.0000000000000000     
   0.0000000000000000     
  -3.5974984061946921E-002
   6.4510386687098445E-003
   1.5741704465355773E-002
  -2.5465435563786856E-002
   6.0826418590687447E-003
  -3.6407128251572315E-002
  -5.5479180550975206E-002
   1.3627266507043970E-002
   4.3863690752574430E-002
   1.3690068551524799E-002
  -7.6444040987510162E-002
   1.6175596752452667E-002
  -1.0599031103500344E-002
   9.4269163053400107E-003
   3.6466646932925106E-003
  -6.9873081569300881E-003
   0.0000000000000000     
   0.0000000000000000     
   0.0000000000000000     
   0.0000000000000000     
   0.0000000000000000     
   0.0000000000000000     
   0.0000000000000000     
   0.0000000000000000     
   0.0000000000000000     
   0.0000000000000000     
   0.0000000000000000     
   0.0000000000000000     
   0.0000000000000000     
   0.0000000000000000     
   0.0000000000000000     
   0.0000000000000000     
  -6.1870607965094013E-003
  -2.7419660441040355E-002
   4.6698143921026190E-003
   3.8408459932948939E-002
   7.1909176564086920E-003
   5.8735835213231304E-003
   2.6501442547973682E-003
  -2.2386228557206452E-002
   5.0877992485534032E-003
   8.0587728512667173E-003
   2.3441895965593995E-003
  -2.7733044799892876E-002
  -1.0345026908927723E-003
  -6.2079639866216459E-003
   3.0592164651954690E-002
   3.0529335957893353E-002
   0.0000000000000000     
   0.0000000000000000     
   0.0000000000000000     
   0.0000000000000000     
   0.0000000000000000     
   0.0000000000000000     
   0.0000000000000000     
   0.0000000000000000     
   0.0000000000000000     
   0.0000000000000000     
   0.0000000000000000     
   0.0000000000000000     
   0.0000000000000000     
   0.0000000000000000     
   0.0000000000000000     
   0.0000000000000000     
   2.4376583628843682E-002
  -2.2228956136159444E-003
  -1.6973054381108075E-003
   2.2297850044913595E-002
   8.1157343863546560E-003
  -1.8615217387363797E-002
   1.8811246113814020E-003
   9.3121575510068857E-003
  -4.4164844387888563E-002
   4.6159153169884268E-003
   2.9420027190369555E-002
   5.4077041490536585E-003
   3.5667264507214753E-002
   8.2419866897154078E-003
  -1.5330947824489540E-002
   1.0554916892133561E-003
   0.0000000000000000     
   0.0000000000000000     
   0.0000000000000000     
   0.0000000000000000     
   0.0000000000000000     
   0.0000000000000000     
   0.0000000000000000     
   0.0000000000000000     
   0.0000000000000000     
   0.0000000000000000     
   0.0000000000000000     
   0.0000000000000000     
   0.0000000000000000     
   0.0000000000000000     
   0.0000000000000000     
   0.0000000000000000     
  -7.4297658378099148E-003
   1.3971856467811515E-002
  -1.1875779744327774E-002
  -1.5082761719654936E-002
   2.7449554512923319E-003
   2.8309093738488485E-003
  -1.0437416233910493E-002
   3.0834915595178421E-003
   1.2697157789415881E-003
  -1.1241085442403881E-002
   6.1530908741060158E-003
   1.8539478565458282E-002
  -3.4337711205859099E-004
  -7.2379010778443999E-003
   1.3968003523086695E-002
  -7.5212036517104388E-003
   0.0000000000000000     
   0.0000000000000000     
   0.0000000000000000     
   0.0000000000000000     
   0.0000000000000000     
   0.0000000000000000     
   0.0000000000000000     
   0.0000000000000000     
   0.0000000000000000     
   0.0000000000000000     
   0.0000000000000000     
   0.0000000000000000     
   0.0000000000000000     
   0.0000000000000000     
   0.0000000000000000     
   0.0000000000000000     
   1.7117231166420433E-002
  -1.0811362549770713E-002
   4.0964360588366389E-003
   6.5488934120371276E-003
  -2.5589501198744230E-002
  -2.3596727440153894E-002
   5.2699273804595326E-002
   1.0833520038663086E-002
  -3.7098596898779276E-003
  -3.4544962383718644E-003
  -4.8849245515579023E-003
  -8.2561710690774708E-003
   2.5939415044242381E-002
  -1.0058359529002296E-002
  -2.0763212406628446E-002
   2.2491520337756014E-004
   0.0000000000000000     
   0.0000000000000000     
   0.0000000000000000     
   0.0000000000000000     
   0.0000000000000000     
   0.0000000000000000     
   0.0000000000000000     
   0.0000000000000000     
   0.0000000000000000     
   0.0000000000000000     
   0.0000000000000000     
   0.0000000000000000     
   0.0000000000000000     
   0.0000000000000000     
   0.0000000000000000     
   0.0000000000000000     
  -2.2550415403364388E-002
  -6.4142372488835142E-003
   1.4574489461480968E-002
  -6.1372715679486857E-002
   8.4148767782208141E-003
  -3.1734012806443390E-002
   5.2126885458674839E-002
   2.7424653672773382E-002
  -2.1138863092244182E-002
  -3.4979344758784181E-003
  -4.7041224588927222E-003
  -1.7792429035913770E-003
  -1.2233892418236639E-002
   4.8055171563801728E-002
   1.2083038177251501E-002
  -3.4928199994960302E-002
   0.0000000000000000     
   0.0000000000000000     
   0.0000000000000000     
   0.0000000000000000     
   0.0000000000000000     
   0.0000000000000000     
   0.0000000000000000     
   0.0000000000000000     
   0.0000000000000000     
   0.0000000000000000     
   0.0000000000000000     
   0.0000000000000000     
   0.0000000000000000     
   0.0000000000000000     
   0.0000000000000000     
   0.0000000000000000     
   1.0962028468376973E-003
   1.1234811776944671E-002
  -2.1359381383598955E-002
  -2.9776521188350138E-002
   1.8583328893796016E-002
   8.3309040632725817E-003
 -0.10150741573034651     
  -1.1442675658457993E-003
  -1.0531821432298758E-002
  -2.6579110320691457E-003
  -3.4530074661174182E-003
   3.1406488377835509E-002
  -7.8975571983167982E-003
   2.2624713660471204E-003
   4.0443525056105468E-002
  -5.5745122921495036E-003
   0.0000000000000000     
   0.0000000000000000     
   0.0000000000000000     
   0.0000000000000000     
   0.0000000000000000     
   0.0000000000000000     
   0.0000000000000000     
   0.0000000000000000     
   0.0000000000000000     
   0.0000000000000000     
   0.0000000000000000     
   0.0000000000000000     
   0.0000000000000000     
   0.0000000000000000     
   0.0000000000000000     
   0.0000000000000000     
  -1.4846346350835182E-002
   1.4737834827508837E-002
   1.0982960513941081E-002
   1.1025241231034186E-002
  -4.4588873989064720E-002
   4.9170401688194296E-002
  -8.4836477530414820E-003
  -6.3893747955666005E-002
   4.2913072483149212E-002
  -3.6839561333385121E-003
  -8.1712827333422344E-003
  -7.1600520464763654E-003
   9.9587177979455488E-003
  -1.7068880467718820E-002
  -9.4984878782370559E-003
   4.4118758236529255E-002
   0.0000000000000000     
   0.0000000000000000     
   0.0000000000000000     
   0.0000000000000000     
   0.0000000000000000     
   0.0000000000000000     
   0.0000000000000000     
   0.0000000000000000     
   0.0000000000000000     
   0.0000000000000000     
   0.0000000000000000     
   0.0000000000000000     
   0.0000000000000000     
   0.0000000000000000     
   0.0000000000000000     
   0.0000000000000000     
   4.4839623655416994E-002
  -1.5701939001695345E-003
  -2.5950939243255252E-002
   2.1664671148656695E-002
   2.3414914029393698E-002
  -7.2156504704829936E-004
  -8.1387155693593768E-003
   4.0441848240399666E-003
  -3.1021459288177108E-002
   2.2878711836500403E-002
   4.4727150278892486E-002
  -8.9057716443324865E-003
  -1.7103157518073408E-003
  -7.5172844807641246E-003
   2.6054759952497647E-002
  -1.3947411224463910E-003
   0.0000000000000000     
   0.0000000000000000     
   0.0000000000000000     
   0.0000000000000000     
   0.0000000000000000     
   0.0000000000000000     
   0.0000000000000000     
   0.0000000000000000     
   0.0000000000000000     
   0.0000000000000000     
   0.0000000000000000     
   0.0000000000000000     
   0.0000000000000000     
   0.0000000000000000     
   0.0000000000000000     
   0.0000000000000000     
   2.4706370582118775E-002
   3.5605984225136576E-002
  -2.5908638738552461E-003
  -2.2405146340431767E-002
  -6.2256693392710066E-004
   9.9233356458863664E-005
   1.2817395416746598E-002
  -2.5586820218654955E-002
   1.0407420027360404E-002
  -2.9661539604391614E-002
  -2.5566646391670966E-003
   1.6896779778764373E-002
  -2.0130369211347730E-002
   1.8767387860434631E-003
   4.4845938224345634E-002
   4.2234218160918310E-003
   0.0000000000000000     
   0.0000000000000000     
   0.0000000000000000     
   0.0000000000000000     
   0.0000000000000000     
   0.0000000000000000     
   0.0000000000000000     
   0.0000000000000000     
   0.0000000000000000     
   0.0000000000000000     
   0.0000000000000000     
   0.0000000000000000     
   0.0000000000000000     
   0.0000000000000000     
   0.0000000000000000     
   0.0000000000000000     
 -0.10396898962176583     
   3.4032616940439166E-002
   5.5080249498033279E-002
  -1.4130141877956231E-004
  -1.0997485321741537E-002
  -1.4073536093325583E-002
  0.15659273389557649     
  -2.6752404516271406E-004
   2.7029021714821376E-002
  -3.5125090262234045E-002
  -3.5437768593570076E-002
  -5.3341302660845141E-003
  -1.4109246989497866E-002
   5.5223541026142558E-003
  -4.7776554127369770E-003
   1.9577006729706997E-003
   0.0000000000000000     
   0.0000000000000000     
   0.0000000000000000     
   0.0000000000000000     
   0.0000000000000000     
   0.0000000000000000     
   0.0000000000000000     
   0.0000000000000000     
   0.0000000000000000     
   0.0000000000000000     
   0.0000000000000000     
   0.0000000000000000     
   0.0000000000000000     
   0.0000000000000000     
   0.0000000000000000     
   0.0000000000000000     
  -1.0460836031432406E-002
  -2.3114077386182291E-002
  -6.5108420646190612E-003
   4.3975818789705863E-002
   6.9780467935636164E-004
  -1.5895662849665002E-003
   3.3917432810974778E-003
   1.8249643314264759E-002
  -4.9358936226001843E-003
   5.1289277411997951E-002
   7.1936084645027312E-003
  -5.7473687425017080E-002
   1.1386981683884337E-002
   2.3491324526975943E-002
 -0.13101157405043629     
  -5.4650615315695429E-003
   0.0000000000000000     
   0.0000000000000000     
   0.0000000000000000     
   0.0000000000000000     
   0.0000000000000000     
   0.0000000000000000     
   0.0000000000000000     
   0.0000000000000000     
   0.0000000000000000     
   0.0000000000000000     
   0.0000000000000000     
   0.0000000000000000     
   0.0000000000000000     
   0.0000000000000000     
   0.0000000000000000     
   0.0000000000000000     
   0.0000000000000000     
   0.0000000000000000     
   0.0000000000000000     
   0.0000000000000000     
   0.0000000000000000     
   0.0000000000000000     
   0.0000000000000000     
   0.0000000000000000     
   0.0000000000000000     
   0.0000000000000000     
   0.0000000000000000     
   0.0000000000000000     
   0.0000000000000000     
   0.0000000000000000     
   0.0000000000000000     
   0.0000000000000000     
   1.3156139136444309E-003
   1.7397532262623819E-002
   7.2489786031293447E-003
   1.3560397778452632E-002
   4.8193814862264338E-002
   4.1822850235322069E-002
  -2.1786309647459808E-002
  -5.6425730941737182E-002
   1.3050803300730166E-002
   1.9488442934446994E-002
   5.9751372120299302E-003
   1.0292605083439228E-002
  -4.0042979576277705E-002
  -2.0829041034958893E-002
   4.5341468113927266E-002
  -3.2371108511223146E-003
   0.0000000000000000     
   0.0000000000000000     
   0.0000000000000000     
   0.0000000000000000     
   0.0000000000000000     
   0.0000000000000000     
   0.0000000000000000     
   0.0000000000000000     
   0.0000000000000000     
   0.0000000000000000     
   0.0000000000000000     
   0.0000000000000000     
   0.0000000000000000     
   0.0000000000000000     
   0.0000000000000000     
   0.0000000000000000     
   3.1955725790267344E-003
   2.7627228841877729E-003
  -4.6330885603670414E-003
  -3.0876730377765314E-002
   8.6584440299273067E-003
   7.5409860918690935E-003
   1.2406126371116670E-002
  -9.0834248132475471E-003
   1.1789251608913410E-002
   2.3233736596693120E-002
   1.1638431198274491E-003
   8.5760201267355250E-003
  -3.3925211569284654E-003
  -3.8747305753624707E-002
  -3.5769152144900186E-004
   3.4674063258642349E-002
   0.0000000000000000     
   0.0000000000000000     
   0.0000000000000000     
   0.0000000000000000     
   0.0000000000000000     
   0.0000000000000000     
   0.0000000000000000     
   0.0000000000000000     
   0.0000000000000000     
   0.0000000000000000     
   0.0000000000000000     
   0.0000000000000000     
   0.0000000000000000     
   0.0000000000000000     
   0.0000000000000000     
   0.0000000000000000     
  -2.2590611515795685E-003
   4.8199938999654033E-003
  -1.1567359021091952E-003
   2.5694643714003896E-003
  -7.2400456391622528E-002
   1.4341439882552735E-002
   2.6144457025482078E-002
  -1.0018237105888157E-002
   2.3199931465551021E-002
  -1.5563699726266085E-003
  -7.9754369055314561E-003
   1.9631457383292661E-003
   2.1841731808912600E-002
  -4.4409763424230831E-003
  -1.3817681841749441E-002
  -1.6588133393639275E-003
   0.0000000000000000     
   0.0000000000000000     
   0.0000000000000000     
   0.0000000000000000     
   0.0000000000000000     
   0.0000000000000000     
   0.0000000000000000     
   0.0000000000000000     
   0.0000000000000000     
   0.0000000000000000     
   0.0000000000000000     
   0.0000000000000000     
   0.0000000000000000     
   0.0000000000000000     
   0.0000000000000000     
   0.0000000000000000     
  -6.5339930858337291E-003
   4.9097530913348045E-003
   5.1084847923244976E-003
  -8.7002312263066630E-004
   2.6355341862859451E-002
  -2.9932207435239663E-002
   1.5975464575432613E-002
   3.3032684582141432E-002
   1.0776417794812842E-002
  -3.8676401998092372E-002
   5.3957072387191831E-004
   1.6531505401644983E-002
   1.4670118936811992E-002
   2.0539845907891464E-002
  -2.7218302820726455E-002
  -4.3642726753906402E-002
   0.0000000000000000     
   0.0000000000000000     
   0.0000000000000000     
   0.0000000000000000     
   0.0000000000000000     
   0.0000000000000000     
   0.0000000000000000     
   0.0000000000000000     
   0.0000000000000000     
   0.0000000000000000     
   0.0000000000000000     
   0.0000000000000000     
   0.0000000000000000     
   0.0000000000000000     
   0.0000000000000000     
   0.0000000000000000     
  -2.3219463618845027E-002
   4.4646945856696724E-003
   2.5542401996581747E-002
   2.2677007812535156E-002
  -5.2198559448190717E-003
   1.7374701595061073E-002
  -7.1422168826852780E-003
   8.7736108198090926E-004
   1.0792159623719126E-002
   7.7078473398857266E-003
  -2.5852082552850267E-002
  -2.0963217414433188E-002
  -4.9573816576095331E-003
   2.0885110032547250E-003
  -6.0957075085378886E-003
  -2.1976466513561176E-003
   0.0000000000000000     
   0.0000000000000000     
   0.0000000000000000     
   0.0000000000000000     
   0.0000000000000000     
   0.0000000000000000     
   0.0000000000000000     
   0.0000000000000000     
   0.0000000000000000     
   0.0000000000000000     
   0.0000000000000000     
   0.0000000000000000     
   0.0000000000000000     
   0.0000000000000000     
   0.0000000000000000     
   0.0000000000000000     
   3.6695990987438892E-002
  -3.4969093689368076E-002
  -2.5529665651653859E-002
   3.1568672800519920E-002
   1.9918120419191613E-002
  -9.2524809741917173E-003
   3.7518148695139426E-003
  -1.0226049496646294E-002
  -1.5328130091992387E-002
   2.6713473321616898E-002
   1.4327433905937085E-002
  -4.4995800088743022E-002
  -2.5767605630476289E-003
   1.7237537584159763E-002
   9.6407387024200989E-003
  -2.9893841687743443E-002
   0.0000000000000000     
   0.0000000000000000     
   0.0000000000000000     
   0.0000000000000000     
   0.0000000000000000     
   0.0000000000000000     
   0.0000000000000000     
   0.0000000000000000     
   0.0000000000000000     
   0.0000000000000000     
   0.0000000000000000     
   0.0000000000000000     
   0.0000000000000000     
   0.0000000000000000     
   0.0000000000000000     
   0.0000000000000000     
   2.7667170045611339E-002
  -2.2699103551547233E-002
  -4.7670429377250079E-002
   1.5259764767651349E-002
   3.0251396423567425E-003
  -1.9872389289485703E-002
   6.2101240494568169E-004
   2.7517571830003612E-002
  -1.5454760713086836E-002
   3.0878378160456759E-003
   3.1579565499724738E-002
  -2.0880382124860025E-002
  -1.3179950100233723E-002
  -1.1988379025351088E-002
   6.4509936899003716E-003
  -1.6659986319371066E-002
   0.0000000000000000     
   0.0000000000000000     
   0.0000000000000000     
   0.0000000000000000     
   0.0000000000000000     
   0.0000000000000000     
   0.0000000000000000     
   0.0000000000000000     
   0.0000000000000000     
   0.0000000000000000     
   0.0000000000000000     
   0.0000000000000000     
   0.0000000000000000     
   0.0000000000000000     
   0.0000000000000000     
   0.0000000000000000     
  -1.1255767656542301E-002
   1.9659604405817533E-002
   1.7999514259983324E-002
  -7.4274944701140599E-002
   1.0689000618371395E-002
  -1.0464068617279764E-002
  -2.4177666361010191E-003
   6.7694795361005547E-003
   6.3975203423863860E-003
  -3.4056217770909045E-002
  -1.5782008879786217E-003
   6.1974609558258682E-002
  -1.5820717020906837E-002
  -4.4875605277856119E-003
  -2.2111826336963800E-003
   5.4412058462761967E-002
   0.0000000000000000     
   0.0000000000000000     
   0.0000000000000000     
   0.0000000000000000     
   0.0000000000000000     
   0.0000000000000000     
   0.0000000000000000     
   0.0000000000000000     
   0.0000000000000000     
   0.0000000000000000     
   0.0000000000000000     
   0.0000000000000000     
   0.0000000000000000     
   0.0000000000000000     
   0.0000000000000000     
   0.0000000000000000     
  -3.6647629494274778E-003
   7.2710857287475042E-003
   1.0428772268635313E-002
   1.6939269988239192E-002
 -0.10173608833128416     
   5.9131556119966164E-003
   2.2989065909055501E-002
  -1.6616583559505318E-002
   1.1700941857714716E-003
   8.8481399387938982E-003
   2.8934330684513071E-003
   2.0711890545327655E-002
   1.9122494968292859E-002
  -1.2865302914539554E-002
  -2.2348152953719443E-002
   1.1146223350247566E-003
   0.0000000000000000     
   0.0000000000000000     
   0.0000000000000000     
   0.0000000000000000     
   0.0000000000000000     
   0.0000000000000000     
   0.0000000000000000     
   0.0000000000000000     
   0.0000000000000000     
   0.0000000000000000     
   0.0000000000000000     
   0.0000000000000000     
   0.0000000000000000     
   0.0000000000000000     
   0.0000000000000000     
   0.0000000000000000     
   6.9244211795056040E-003
  -1.5184098808598414E-002
  -1.3331008932064849E-002
   6.3659698024790745E-003
  -4.9550397714849453E-002
  -2.6837405463762631E-002
   1.1595288664778568E-002
   3.2785361548791581E-002
  -1.2076935003511310E-002
  -2.0321114238742305E-003
   1.7963922265069954E-003
  -5.3771884126983137E-003
   1.6028186827862792E-002
   3.8882190059705078E-002
  -1.0023901662897322E-002
  -3.5011145981872722E-002
   0.0000000000000000     
   0.0000000000000000     
   0.0000000000000000     
   0.0000000000000000     
   0.0000000000000000     
   0.0000000000000000     
   0.0000000000000000     
   0.0000000000000000     
   0.0000000000000000     
   0.0000000000000000     
   0.0000000000000000     
   0.0000000000000000     
   0.0000000000000000     
   0.0000000000000000     
   0.0000000000000000     
   0.0000000000000000     
  -1.4594500325473288E-004
  -1.7164770402377878E-003
  -2.3545785267033322E-002
   2.3099641920526111E-003
   2.7289354725206057E-002
   1.2118925142900003E-003
  -3.3733559979167278E-002
  -1.2363606666368659E-002
   1.5988405326068577E-003
   1.7902801849705417E-002
  -6.9192328548274866E-003
   6.6958705872047089E-003
  -3.3940146630677200E-003
  -1.1939244174379603E-002
   1.9581655526787426E-002
   2.8657920807291519E-003
   0.0000000000000000     
   0.0000000000000000     
   0.0000000000000000     
   0.0000000000000000     
   0.0000000000000000     
   0.0000000000000000     
   0.0000000000000000     
   0.0000000000000000     
   0.0000000000000000     
   0.0000000000000000     
   0.0000000000000000     
   0.0000000000000000     
   0.0000000000000000     
   0.0000000000000000     
   0.0000000000000000     
   0.0000000000000000     
   9.9202961708682903E-003
   3.2578638959648598E-003
  -2.2536023360912288E-002
  -5.4596087201171178E-002
  -1.4027851084128507E-002
   3.0807406773895020E-002
  -7.4370651678090974E-004
  -3.9069309072439370E-002
   7.2926039880918925E-004
   4.8894702636026631E-003
   2.4308833881076460E-002
   7.1890835525577458E-003
   5.0046728650997782E-003
  -3.2381905943313846E-002
   2.0191794807072623E-002
   3.0457935770464788E-002
   0.0000000000000000     
   0.0000000000000000     
   0.0000000000000000     
   0.0000000000000000     
   0.0000000000000000     
   0.0000000000000000     
   0.0000000000000000     
   0.0000000000000000     
   0.0000000000000000     
   0.0000000000000000     
   0.0000000000000000     
   0.0000000000000000     
   0.0000000000000000     
   0.0000000000000000     
   0.0000000000000000     
   0.0000000000000000     
   1.5665215915923365E-002
   1.1382544130887139E-002
  -5.4844052605803571E-002
  -1.4798909511134415E-002
  -5.9672881796749989E-002
   1.3010400780209441E-002
   5.9011499112328813E-003
  -3.6212204500573657E-002
  -3.0275855554910996E-002
  -7.1018347681309404E-003
   3.2067649833391554E-002
   3.8522102793547490E-003
   3.3534088704911015E-003
  -8.5368953322392856E-003
  -1.7166309426919674E-002
   2.6473703226625872E-003
   0.0000000000000000     
   0.0000000000000000     
   0.0000000000000000     
   0.0000000000000000     
   0.0000000000000000     
   0.0000000000000000     
   0.0000000000000000     
   0.0000000000000000     
   0.0000000000000000     
   0.0000000000000000     
   0.0000000000000000     
   0.0000000000000000     
   0.0000000000000000     
   0.0000000000000000     
   0.0000000000000000     
   0.0000000000000000     
   2.2064866786625503E-003
   2.4170485830177359E-002
   5.7614546638795408E-003
  -4.7300517504222886E-002
   3.4314849147326187E-002
  -4.8612011967805787E-003
  -1.0052674551388571E-002
  -5.8749020155214899E-003
   3.9943683755520668E-003
  -3.0340606481490156E-002
   1.4836326469189221E-002
   2.7035214615102148E-002
   5.7645696962669137E-003
  -4.8813749410342461E-003
  -6.9640145246653061E-003
  -3.1489408893286677E-002
   0.0000000000000000     
   0.0000000000000000     
   0.0000000000000000     
   0.0000000000000000     
   0.0000000000000000     
   0.0000000000000000     
   0.0000000000000000     
   0.0000000000000000     
   0.0000000000000000     
   0.0000000000000000     
   0.0000000000000000     
   0.0000000000000000     
   0.0000000000000000     
   0.0000000000000000     
   0.0000000000000000     
   0.0000000000000000     
  -3.5259665708525199E-002
  -7.4822808941621402E-003
   7.3983078588411799E-002
  0.11045381944184902     
  -4.3901395572340162E-003
   6.4180959332970624E-003
   1.8317304470655811E-005
   8.7806505913697892E-003
   8.6350144330043337E-003
  -1.2555867526530146E-002
  -7.1437136535346016E-002
   7.1079152434714646E-003
  -3.4854344203919490E-003
   1.1546555081174789E-002
  -1.8509586099351015E-003
   3.1975077654764567E-002
   0.0000000000000000     
   0.0000000000000000     
   0.0000000000000000     
   0.0000000000000000     
   0.0000000000000000     
   0.0000000000000000     
   0.0000000000000000     
   0.0000000000000000     
   0.0000000000000000     
   0.0000000000000000     
   0.0000000000000000     
   0.0000000000000000     
   0.0000000000000000     
   0.0000000000000000     
   0.0000000000000000     
   0.0000000000000000     
   8.4127430239444561E-003
  -4.5265361941981969E-002
   3.5415189765821600E-002
   8.1188330249379909E-002
  -1.1746119765132021E-002
  -4.1511658522034721E-002
   9.5759709934205132E-004
  0.12128828345612072     
  -3.5503766281769239E-002
   3.3443152818296252E-003
  -2.8071210769493905E-002
 -0.11502101731838087     
   8.4892402035326858E-003
   4.6003229300030132E-002
   6.1907546896139646E-003
   9.0013584257229353E-003
