    3.5170577158079480e-01
    1.7782625567641472e-01
    3.6731522955691008e-02
    1.5886620342531971e-01
    1.9188746930028605e-01
    5.2159226449818831e-02
   -6.6314339310403009e-02
    4.4489886273126611e-02
    4.2018379443326821e-02
   -7.9247259498560735e-02
   -1.3340102901321610e-01
   -4.1618492388026347e-02
    1.5983389784126001e-01
    5.0967381883778660e-02
   -2.9384770075607532e-02
    5.3843790127844328e-02
   -1.7184334035959575e-16
    7.1338093678603000e-17
    2.6302481323598456e-18
    1.6691238622283581e-17
   -5.3526587305105303e-17
    4.0122492017835883e-17
   -3.7766489016268781e-17
   -2.5463785825265186e-17
    8.7511494349255740e-17
    1.0692731276763757e-17
   -5.1056587071772191e-17
    8.8159683222927548e-17
   -7.5186733139829606e-18
   -3.7796685554418707e-19
   -3.5347374659138215e-17
    2.1061103244023231e-17
    1.8158278932354094e-01
    3.3859798930014939e-01
    1.6056494197056526e-01
    2.3085484166285652e-02
    7.3142207935545961e-02
    1.7155084389080927e-01
    3.7199247111091530e-02
   -5.6224121271343533e-02
   -6.2113432602296195e-02
    2.8090936280104662e-02
   -3.6944141024945185e-02
   -1.1399813436252078e-01
    2.7746398913945536e-02
    1.6544296919450457e-01
    6.3491999392263507e-02
   -4.6861326207395360e-02
    5.8738498619453325e-17
    6.1339875386934178e-17
   -1.9056063055671891e-16
   -5.6887960506554725e-17
    9.1733581889816666e-17
   -5.2141438498879564e-18
    8.7728022820482665e-17
   -8.9737658165278826e-17
    1.8047379874561966e-16
    1.5167073432705537e-16
    2.6735248574417676e-16
    9.3933509995762167e-17
   -1.8609253841725425e-16
   -2.2578814697376514e-16
    7.5669804415494800e-18
   -5.7391175265299018e-17
    3.8192903610894641e-02
    1.6066711208095591e-01
    3.5680018903425331e-01
    1.9199553669074851e-01
   -7.3326007056582487e-02
    4.8407253315697112e-02
    1.8821260443184085e-01
    5.3799290149959211e-02
   -1.3855983757007245e-01
   -3.5764581345312352e-02
    4.6194021453222427e-02
   -5.9508895339639226e-02
   -4.0885163270820445e-02
    5.0086931214600304e-02
    1.5174355233960718e-01
    3.8595132099389542e-02
   -6.6289177729854374e-16
    1.4183694097839449e-16
    2.9679850734897143e-16
    5.9585336769481287e-17
   -1.4269544902847035e-16
    6.9456898117385116e-17
    1.1017233686237102e-17
    1.4320623538156788e-16
   -2.5879114981301457e-17
   -4.9906439655311998e-17
   -2.2730402999268418e-16
    1.7647055565812795e-16
   -1.3139608478038106e-16
    2.1788931898024010e-16
   -6.7720495459814058e-17
    7.0846164207002156e-17
    1.6436946495104904e-01
    2.7871393614112394e-02
    1.9648767201136849e-01
    4.3272130683224042e-01
   -4.9927509522725760e-02
   -6.6966202340580164e-02
    6.6875630338181780e-02
    1.8066152216655415e-01
   -3.1796811831542877e-02
   -4.8508239489097119e-02
   -6.7060318366032809e-02
    2.8481015363900415e-02
    8.4454848172121094e-02
   -4.3236308456807801e-02
   -3.9989973591500402e-02
    1.5151654351419555e-01
    9.2515124277456351e-17
   -7.1820507356190666e-17
   -2.6153658650795503e-16
   -1.9690682126804027e-16
    2.3106500910187835e-16
    5.2324387789980040e-17
   -2.9346529513689589e-16
    1.6858050143985804e-16
   -2.5636117931325807e-19
    6.2827182713410804e-17
   -2.6974423880456398e-17
   -1.4283763696613853e-16
   -1.6753119511290445e-16
    8.7721562491090929e-18
    2.4186673279060967e-16
   -1.9265277013416917e-16
    1.8522579878405657e-01
    7.9694550021896696e-02
   -7.1906834542976916e-02
   -4.3825290719394734e-02
    4.9022001015402228e-01
    1.8614528228584959e-01
   -1.3073607773362242e-02
    1.6338820517535421e-01
    1.5606044958236626e-01
   -3.8255409645342922e-02
   -3.3949745588624958e-02
    6.6567165046236748e-02
   -1.8154211571986968e-02
   -6.2194636400740168e-02
   -9.5072391626749644e-03
   -3.9963541345523497e-02
   -4.4103009375687263e-17
    2.1795517410460692e-17
    1.6292269703072565e-16
    1.0527597861784596e-16
   -1.7389029439727366e-16
   -2.4162043660333863e-17
    7.7274106205319815e-17
   -8.0542759987231282e-17
   -1.1099968307136305e-17
   -7.6984265431648039e-17
   -1.5863780179502077e-16
   -1.6910368769729327e-17
    1.7512800593341716e-16
    6.2509070572840121e-17
   -6.3863327671465077e-17
    1.1632196294382545e-16
    5.5907790015341886e-02
    1.7217736767709999e-01
    4.4488990775152323e-02
   -6.7704447348777994e-02
    1.8486425664462583e-01
    3.1734872690178234e-01
    1.5311472053087141e-01
    4.6193195846285055e-02
    3.5604003817848173e-02
    1.5515772940627137e-01
    5.2450876052370622e-02
   -4.9802713430342017e-02
   -5.9296562263116949e-02
    4.3945128192465002e-02
   -3.4949177831335984e-02
   -1.3360842639400544e-01
   -1.3904179618686037e-16
    6.2157472100370086e-17
    2.5332310199888041e-17
    6.5916100233528065e-17
   -7.7455153878062647e-17
    1.3719001681710640e-16
    7.3108068364904825e-17
   -6.5686598609787243e-17
    8.4875260679945987e-17
    9.3448818007708193e-18
   -7.2520132578561813e-17
    3.4864326550801006e-17
    7.1424443711394748e-17
    1.3415338981886568e-17
   -1.5904591235557287e-16
    1.2035491321352255e-16
   -7.0506337299572230e-02
    3.5248783122617186e-02
    1.8623215420635403e-01
    7.0939706699072819e-02
   -1.4430420473546521e-02
    1.5329886826650810e-01
    3.6903208709286744e-01
    1.7381756509132651e-01
   -3.7444432888620385e-02
    8.2083979462908685e-02
    1.5279278972710228e-01
    2.4650300341165436e-02
   -8.0967460919482856e-02
   -4.0342369410473658e-02
   -1.4006811854046767e-02
   -6.4610094062444945e-02
   -1.2558956571576544e-16
    3.7006602697552980e-17
    2.6241629233372213e-16
    1.7461259665102093e-16
   -1.5875096239795694e-16
    6.4122748908032030e-17
    3.5458174371446321e-16
   -3.2677610668864085e-16
   -2.2296499389854752e-17
   -1.0939761144606073e-16
    1.2829289340953766e-18
    2.1353689280249259e-16
    1.1041160682811221e-16
    4.2794935929762883e-18
   -4.4521690135123425e-16
    2.5230774780126392e-16
    4.1601112957033386e-02
   -5.5068026120078127e-02
    5.7453719042874565e-02
    1.8415507349837731e-01
    1.5749538450539927e-01
    4.5588843052361369e-02
    1.7391643680971847e-01
    3.4351898950278925e-01
    5.7023743316499322e-02
   -3.7323841701594522e-02
    4.8862765057733452e-02
    1.6959553851253042e-01
   -4.5485900619870755e-02
   -1.4514708836453233e-01
   -6.8069807600965301e-02
    3.9054898472501307e-02
    7.5459344528145371e-16
   -1.7206106291104094e-16
   -1.1208050994100207e-17
   -3.2219442070999171e-17
    5.4459217813043045e-17
   -2.2701253585298307e-16
    3.0181540376106558e-16
   -3.7360705902754080e-16
   -1.1888846066138239e-16
   -4.9227468923081697e-17
    3.4587709531563034e-16
   -2.7211483800990452e-16
    2.1035397958257554e-16
   -1.9655583453548721e-16
   -6.3369450359643420e-17
   -1.1037758499510235e-17
    3.9879940784198611e-02
   -6.5593798657700098e-02
   -1.3405065569056235e-01
   -3.1357262129247471e-02
    1.4990613486567739e-01
    4.0529362109557772e-02
   -3.4560093755221878e-02
    5.2657848464360321e-02
    3.6093291861420340e-01
    1.9379685529166937e-01
    4.3290518280739265e-02
    1.6688312352983017e-01
    1.8164423627677359e-01
    5.0027813210696694e-02
   -7.0428945386296987e-02
    4.5298108049402562e-02
   -4.6961028621104141e-16
    7.2151001502261266e-17
   -3.7040850214727977e-17
   -2.6509483709022028e-17
    4.2977794832678553e-17
    1.1361956701051900e-16
   -2.9439367285719387e-16
    2.6205229568099918e-16
   -4.1137475385216298e-17
   -4.1194990805693735e-17
   -1.8854801572414339e-16
    1.1003516858460325e-16
   -1.9193622869979729e-16
    1.5817470551989772e-16
    1.5957327861603189e-16
   -1.2969271432411689e-16
   -6.4898222325312865e-02
    2.7266775969750329e-02
   -3.2677740683763251e-02
   -5.5510833113999472e-02
   -3.7286861508484065e-02
    1.5259907783295693e-01
    7.8714164187017793e-02
   -4.1809083196937644e-02
    1.9629648160162705e-01
    4.3532571610558557e-01
    1.5894330237728693e-01
    2.4180635866402005e-02
    7.3708872279073093e-02
    1.8407379824449660e-01
   -4.0637335510178160e-02
   -6.6982601606656506e-02
    1.6456825943340908e-16
   -1.4365643824516028e-16
   -2.0399422537154391e-16
   -5.5104659088481624e-17
    1.8684224218219110e-16
    5.5034795521076620e-17
   -2.3738162626956807e-16
    1.7284728980605360e-16
   -4.3598802641043633e-18
    1.6992091471789707e-16
    7.2505539460503311e-17
   -2.1086660529142108e-16
   -4.2056835137491531e-17
   -1.5116828564791065e-17
    1.9116063748343347e-16
   -1.5488854776652943e-16
   -1.3802004625557798e-01
   -3.9326766702855127e-02
    4.7366298872723665e-02
   -6.7686263031380908e-02
   -3.0767363605413257e-02
    5.0019411215594244e-02
    1.5503669534245459e-01
    5.0514736952736540e-02
    4.5709182349051504e-02
    1.6091254290696655e-01
    3.2919295939010257e-01
    1.7694810548005263e-01
   -6.3450325604889973e-02
    4.4973415432152108e-02
    1.8037018980975328e-01
    4.9633164105921945e-02
   -2.2638853830443498e-16
    5.8841600840261966e-17
    2.2883765260863971e-17
    6.9710088455672150e-17
   -5.9210665383067721e-17
    1.0027646219389423e-16
   -3.5196599882001378e-17
   -1.6436351742291285e-17
    9.2315237631382179e-17
    2.3155696956992420e-17
   -1.4183113552939045e-16
    9.2852308779911928e-17
    2.5873555999914502e-17
    3.8450485587701991e-17
   -6.6346026633079184e-17
    3.8637618267339438e-17
   -4.1886758213661258e-02
   -1.1730893191295810e-01
   -5.9282559615974596e-02
    3.0912867877160390e-02
    5.9014009705744809e-02
   -4.9907388477055815e-02
    2.9783984155987146e-02
    1.6899593558071607e-01
    1.6645808732012765e-01
    2.7696463123663844e-02
    1.7715555378835438e-01
    3.5121559276261854e-01
    3.0629777819933601e-02
   -6.0368332280858195e-02
    7.2625363788717395e-02
    1.7397607094965811e-01
   -3.5621655093375121e-16
    1.8081057557718558e-16
   -1.4930815294956876e-16
   -1.1509229849511423e-16
   -2.2955570297370126e-17
   -2.1708880351321630e-17
   -2.1650710215311271e-16
    1.0328898932063115e-16
    2.4239569082732856e-16
    6.1463664457016855e-17
    9.0510507754026263e-17
    6.1667855493609089e-16
   -2.7313243815264269e-16
   -1.3494574555597475e-16
    1.7615708461681477e-17
   -7.3684434235953897e-17
    1.5732905304517930e-01
    2.6761834042332133e-02
   -4.7298584214156079e-02
    7.9933617880910829e-02
   -1.2972758791148762e-02
   -5.5464297662519632e-02
   -8.0527072429208119e-02
   -4.5627540836613939e-02
    1.7501821214532456e-01
    5.6561230441449672e-02
   -6.3583019265724114e-02
    3.1254256030135423e-02
    3.7229872467554986e-01
    1.7599024277512870e-01
    1.5136748739296101e-03
    1.6281167610190123e-01
   -2.0096435952745091e-16
    5.9855562285084927e-17
    3.2548690934108702e-16
    1.4746670665517869e-16
   -3.7898997639810620e-16
   -4.5378697464186070e-17
    2.0091118014027885e-16
   -1.9972210170451749e-17
   -1.2425105810275782e-16
   -1.3910507991154045e-16
   -1.9049923936284735e-16
    4.2603464058872599e-17
    3.8721771623711798e-16
    1.6715622635413529e-16
   -2.7756619780505122e-16
    2.5648652163121204e-16
    4.8214346746001932e-02
    1.6937569177527270e-01
    5.0321889624740469e-02
   -4.5452187023437916e-02
   -6.0698551158961389e-02
    4.6831007510253410e-02
   -4.6282285526742399e-02
   -1.4724082296949570e-01
    5.4189352307969521e-02
    1.8218479969062518e-01
    4.4007300546153150e-02
   -5.7396188171500384e-02
    1.7430800116498846e-01
    3.4721239811752597e-01
    1.6567938305125204e-01
    5.0100304616302639e-02
    6.7744772664828878e-16
   -1.4896832184606492e-16
   -1.1251446271173694e-16
   -6.6083653098397923e-17
    1.3160037685351780e-16
   -1.6589033251526033e-16
    1.3887168905499486e-17
   -1.4340003248646144e-16
   -6.7687535363691670e-17
    5.8228509231098492e-17
    3.4285482328536128e-16
   -2.5547516540945938e-16
    7.9806000547527612e-17
   -2.6111328698097456e-16
    9.8124985860093388e-17
   -7.4083457178132776e-17
   -4.1422566239957791e-02
    6.4002011863664346e-02
    1.4964661785074815e-01
   -3.2954613628776691e-02
   -2.5417853122686740e-03
   -3.6897238332155746e-02
   -1.3212271868469950e-02
   -5.9961924380812139e-02
   -7.0361428782542007e-02
   -3.7079645667979860e-02
    1.8194576702622886e-01
    7.5481099520101264e-02
   -1.2445895381635427e-02
    1.6515830476885357e-01
    4.7792447724277459e-01
    1.8879827583686828e-01
    1.1552067547400880e-16
    4.1608353651039853e-17
    5.8019762545510036e-17
    7.7515588653562512e-18
    1.6964179107438551e-17
   -1.7190493755838010e-17
    1.0907751144929848e-16
   -1.4130100307757052e-17
   -5.2954857799621781e-17
   -2.4661653611187962e-17
   -6.1749961582318749e-17
   -1.1143187588982635e-16
    4.5505635521602919e-17
    3.4833833056621294e-17
    1.1639896757104801e-16
    6.4991193910359205e-18
    5.7308373063983488e-02
   -4.5556786427319494e-02
    3.2078432810843230e-02
    1.5545201225792152e-01
   -3.7392599899585668e-02
   -1.3377416470819453e-01
   -6.5220526805127729e-02
    4.6750862358425564e-02
    4.2453288836514058e-02
   -6.7074510832048073e-02
    5.0330755297445198e-02
    1.7557545640006211e-01
    1.5181085401029884e-01
    4.9722001185601994e-02
    1.9121973981596682e-01
    3.2595214269307132e-01
   -1.8603232625143623e-16
    1.1008799273109955e-16
   -5.9381668634539075e-17
   -3.9281997594150344e-17
   -5.9207934913087577e-17
    3.1319713652886353e-17
   -2.0011570912950754e-16
    1.0480740663706353e-16
    8.8151980369320518e-17
   -1.3458922034694366e-17
   -1.5427919961104494e-16
    1.4173563027357778e-16
    1.3957009146635398e-17
    2.3659408953413742e-17
    7.9179435958312039e-17
    1.7184404861452915e-17
    1.7167448530245742e-17
    4.2027948284320922e-18
   -3.5966789131173233e-17
    6.0194076976065328e-18
   -6.8908376362180041e-19
    2.4379199505192899e-17
   -5.6965151966250868e-18
   -2.8449330841207974e-19
   -1.8197314782385925e-18
    1.4718835900241966e-17
    4.5296096361243912e-19
   -9.4492274635711493e-18
    2.3964937945837038e-18
    1.0314970876125022e-18
   -8.7794792711259604e-20
    4.4714007976637485e-18
    3.7979113678191634e-01
    1.4164476285042632e-01
    5.6272270303565866e-02
    1.9006411693308498e-01
    1.4050986095437737e-01
    1.4382160515500928e-02
   -1.9047585217881333e-02
    5.5081771726997852e-02
    6.4798236596302489e-02
   -2.5600120180306118e-02
   -1.2024546146181569e-01
   -8.0452652073043113e-02
    2.0331529257956565e-01
    3.8012702620595654e-02
   -7.3059694323652655e-02
    9.8959883682351157e-03
    1.2376035426845253e-18
   -1.4720419925380411e-17
   -4.4961954659538179e-18
   -2.7700594655366147e-18
    1.4866237341326414e-17
   -2.3930620790190298e-18
   -8.1457052453092935e-18
   -2.7794299339923430e-18
    5.2936790718929765e-18
    1.4209123517422723e-17
    4.5481574526024890e-18
    3.6174878219039971e-18
   -1.1766246097720238e-17
    4.6180104745388201e-18
   -4.7185148773586543e-18
   -2.3353352336403517e-18
    1.4764520264626302e-01
    3.9349591113790400e-01
    1.6204498491999553e-01
    3.1902269708106126e-02
    6.5935032901228943e-02
    2.1773632499087986e-01
    6.4215119712976859e-03
   -4.3668435014316290e-02
   -6.7715368073858820e-02
    2.4997831979303352e-02
   -7.8119895521432281e-02
   -8.5943162792484956e-02
    3.2020466484951838e-03
    1.8641860113871767e-01
    6.9180053742130376e-02
   -1.2653427305669141e-02
   -7.0353172122353683e-18
   -1.0233481027556922e-17
    3.0047718831616653e-17
    3.5608264024646612e-18
   -8.0822741475066025e-18
   -1.8426795587658100e-17
    4.0042673064595297e-18
   -7.7019301421755441e-18
    1.0988421596285056e-17
    2.0305537047843469e-18
    2.6705806296101246e-18
    2.4413347906992244e-18
    2.4827798081146921e-18
   -4.2873014652283813e-18
   -6.2134265462986762e-18
   -6.6990807548448823e-18
    6.2039920378698356e-02
    1.5698758477592781e-01
    3.5731973431352054e-01
    1.8280940912700591e-01
   -6.3315615819976495e-02
    1.8968892093551810e-02
    1.9023834858342112e-01
    4.7047242884294738e-02
   -1.3910175674228759e-01
   -4.3657994389332051e-02
    6.3751513858337674e-02
   -7.1725169425154306e-02
   -3.3282121252251703e-02
    4.8662238017779712e-02
    1.4976127691312660e-01
    3.7656249503668617e-02
    5.1372894938120080e-18
    7.5997264943419181e-18
   -2.2924921432329888e-18
   -6.5042687367610632e-18
   -8.8522469976239016e-18
   -2.0579051005839088e-18
    4.5125984349343028e-18
    1.8370535375974335e-18
   -5.4099297933275748e-18
   -1.1549389612930129e-18
   -3.9268990128036747e-18
   -3.1624007459745786e-21
    3.9540781671736947e-18
    3.5669137926611114e-18
   -3.4507964707962660e-18
   -5.2917254413116037e-18
    1.8806048925686397e-01
    2.7431580576400522e-02
    1.8137459650937762e-01
    3.3792831666385237e-01
    1.9976633208044780e-02
   -7.9433292423866722e-02
    6.3925991806554838e-02
    1.6306310081852632e-01
   -3.7955953446624363e-02
   -8.9191861134808509e-02
   -3.7128034133888273e-02
    2.5417180103357744e-02
    6.1406039558428813e-02
   -5.8000711001287807e-02
    2.2209556293176395e-02
    1.4216437457363729e-01
   -1.1015318289904428e-18
   -2.4349451828892407e-18
    9.1552801170235878e-18
    3.8021551917446478e-18
   -6.9439152673767595e-18
   -7.6542802227817768e-18
    6.4399425435926115e-18
    5.2282443964753065e-19
   -1.2416015670104874e-18
   -4.7282633168873000e-18
   -9.1153164310263242e-19
   -2.5058298122278291e-18
    4.3058261964622018e-18
    1.6594215760037522e-18
   -2.6383829582020279e-19
    1.8962120474611464e-18
    1.3445124331944344e-01
    6.9616861371274444e-02
   -6.7596426647365274e-02
    1.5505374548896967e-02
    3.2822946396013730e-01
    1.9610660742840541e-01
    3.0097705519051610e-03
    1.7291249934035666e-01
    1.4779151263662871e-01
    1.7122623091289198e-02
   -8.1081431771916609e-02
    7.5504675260954529e-02
    7.2579231807370663e-03
   -4.5630634369545141e-02
   -7.5059350369273567e-02
   -2.3573406639604767e-02
    9.8669847972799586e-18
    2.2254938602507825e-17
   -2.1908816696252487e-17
   -2.7733831495263462e-17
    7.4298480284767401e-18
    2.4382541961088800e-17
    9.7332195540546402e-18
    1.1536638422180740e-17
   -2.0186437621875992e-17
   -2.5733282294497332e-17
   -2.0831987797708318e-18
    6.1058959311181536e-19
    2.3576416457226849e-17
    1.2915419407911942e-17
    3.2947125702377051e-18
    8.6388114557190715e-18
    4.0548203973275949e-04
    2.2466854246225115e-01
    1.8468120471264997e-02
   -8.0229970765337416e-02
    1.9436456026504190e-01
    4.3166907904378959e-01
    1.2565995291179469e-01
    6.1990694953786021e-02
    3.4440681794686345e-02
    1.4004904240280613e-01
    3.8599876279610083e-03
    3.2658487810551438e-03
   -9.8637296341108113e-02
    4.8472547195454206e-02
   -2.9201518431781360e-02
   -9.0470206516098300e-02
   -9.8440079852156913e-18
   -6.7360801946419710e-18
    2.4608802172978039e-17
    4.5811044117403864e-18
    3.0444482831323740e-19
   -1.1871796594038607e-17
   -9.3299787871804169e-19
   -2.9020565827375458e-18
    1.2806855052326063e-17
    4.0184884890509805e-18
   -2.7262067935110907e-18
   -3.2542884122736548e-18
   -2.0001745171908858e-18
    1.6277273577534808e-18
   -2.7363889118890019e-19
   -6.2892969484670482e-18
   -2.3549567970744971e-02
    6.5968283540733781e-03
    1.9090744570184948e-01
    6.2799627858574819e-02
    5.2917278022679608e-03
    1.3206360224691166e-01
    4.0716146156349825e-01
    1.6262805631324537e-01
   -3.5556628596327564e-02
    5.7353832136345415e-02
    2.0264428341515903e-01
    5.4740886211025862e-03
   -5.2574371228432074e-02
   -6.2742534423133656e-02
    7.8580973198059713e-03
   -9.2713332987140240e-02
   -3.7091570484026267e-18
    3.2900537494685406e-18
    9.1739310573964872e-19
   -5.3761656173071124e-18
    3.0762283919357155e-18
    2.4080418151691969e-19
   -6.3178482900289038e-19
    9.1726461766517432e-18
   -3.0116709680690285e-18
    1.1775655391463568e-18
   -3.1360740828911907e-18
    4.7303484935005538e-18
   -8.8614511117461692e-19
    3.8165756476126292e-18
    1.9600180351182941e-18
   -2.1046909309257411e-19
    4.8223081645761598e-02
   -4.1887877859893473e-02
    4.9133551995369978e-02
    1.6238731363684392e-01
    1.6735791628725835e-01
    5.9040570646901325e-02
    1.6567342933696785e-01
    3.5950617946296626e-01
    5.3867308003010393e-02
   -5.9003567251074564e-02
    3.0854625330374391e-02
    1.9114023706043864e-01
   -5.8119323401264800e-02
   -1.5469708100913643e-01
   -5.1654044300785018e-02
    5.2034764752222573e-02
   -1.5485372641548295e-18
   -1.3728626270622110e-17
   -1.8886882627242684e-18
    8.5317418218623964e-18
   -2.5449857805041083e-18
   -4.8460459913115578e-18
    5.0171890596430646e-19
   -8.8688016413259983e-18
    2.9777254235982606e-17
    5.5325278154868331e-18
   -2.0996274624587648e-18
   -2.0986161372944440e-18
    4.6002687777693669e-19
   -6.3088393342372950e-18
   -6.6099192564897206e-18
   -3.5804385584999521e-18
    6.9426423390200748e-02
   -7.0097200077824467e-02
   -1.4098439201204621e-01
   -3.8347224970859115e-02
    1.5650140134447402e-01
    3.5508154977233475e-02
   -3.8493558060452175e-02
    5.3980792656306731e-02
    3.5814822630075277e-01
    1.7585318572927441e-01
    4.9372027490305705e-02
    1.5809668423496914e-01
    1.8984368399098628e-01
    5.2679126252308431e-02
   -6.4159817459465834e-02
    1.5194110572492318e-02
    3.5625702275086582e-18
    7.0148292879197986e-18
   -2.2367217344299317e-17
   -1.0802818854835045e-17
    6.8656365533284299e-18
    5.0694481951467142e-18
    3.5894998542523017e-18
    9.7353179233411071e-18
   -6.3101016424473948e-18
   -1.9394029307391028e-17
   -1.1159972367827144e-18
    1.4268874183248802e-18
    2.8369248580530779e-18
    7.9797978025004778e-18
   -3.7505459253437471e-18
    2.9644782797418129e-19
   -3.5661720468348881e-02
    2.3027767510655238e-02
   -4.4739498178411718e-02
   -9.0886211705856021e-02
    2.3800463272127072e-02
    1.3994802457283345e-01
    5.8608983891909362e-02
   -5.5878108517402811e-02
    1.8238100817891570e-01
    3.3892624746507560e-01
    1.8692077431279763e-01
    3.2561416307494595e-02
    6.0519444091652018e-02
    1.6775711850148836e-01
    1.9695923957676328e-02
   -7.7741633068116517e-02
    6.6944369711566630e-18
    4.9527867389226298e-18
   -7.9545077245169955e-18
    1.3539664593762681e-18
   -1.1829308988253017e-18
    1.2350540193994225e-17
    2.4127201202056877e-18
   -6.5631607330279844e-18
   -9.1199355816026046e-18
   -7.3216007534125064e-18
    5.9652200108669510e-18
    1.2990819181387429e-18
   -4.6116796163920673e-19
   -8.0580527734214897e-18
    9.3392939689176299e-18
    1.2485312600236201e-17
   -1.1676928310783667e-01
   -8.3489300373732811e-02
    6.1948264842058107e-02
   -3.3192012830784330e-02
   -7.2537244856049746e-02
    6.9715227124976086e-03
    2.0659183394126335e-01
    3.2202867170415060e-02
    5.1778245812671563e-02
    1.9519466546582714e-01
    4.0157032918019198e-01
    1.4030856504406072e-01
   -2.2537681919884939e-02
    5.6204869520885360e-02
    1.4526970748803028e-01
    1.2914760047550919e-02
    4.4708117669577509e-18
   -4.8040777435936438e-18
   -2.7694265634670648e-17
   -4.6589422126175554e-18
    1.1625987548062935e-17
    1.9484221175631527e-17
   -9.1331206972798632e-18
    1.1055398340512998e-17
   -5.0472932481681555e-18
   -1.4982723340776207e-17
    2.5732874460230615e-18
    1.2484784702587607e-17
   -4.8013464202299358e-18
   -3.8215860924278999e-18
    1.9910910743680452e-17
    1.3674458140534194e-17
   -7.2261286653881165e-02
   -8.4715502678744725e-02
   -6.5971792927281253e-02
    2.6647003950612858e-02
    6.5927672946893362e-02
   -1.5666094866837517e-02
    7.6726338024079421e-03
    1.8509754227721401e-01
    1.5705739577804367e-01
    2.8788160904364247e-02
    1.5602730164407702e-01
    3.8096205566658164e-01
    5.3638965725085882e-03
   -4.3492038443484295e-02
    6.9005637330978448e-02
    2.1094479041814265e-01
   -4.1933376000358211e-19
    1.1835318708224946e-18
    1.4419195279816622e-18
    1.0989193972158911e-17
   -1.9267683620990336e-17
    1.7557129028151457e-18
   -3.1164134049870898e-18
   -1.0427978973954360e-17
    1.1427700227927137e-17
    1.2704644270067560e-17
    1.6056778916662567e-18
   -2.7889153592886409e-18
   -2.2428462297088944e-19
   -1.0821022618213059e-17
   -3.6062463954027044e-18
    6.8382080402208019e-19
    2.0751619864349649e-01
   -1.4846074043825281e-03
   -3.2708343492002488e-02
    6.6125452269794840e-02
    9.6260609959123496e-03
   -9.4544160381584794e-02
   -5.0915099662722084e-02
   -5.7263815186221222e-02
    1.8840890461857979e-01
    6.5978591638513273e-02
   -2.2924363643112313e-02
   -1.8858474114904391e-03
    4.1121462110479345e-01
    1.6135159882432676e-01
    1.1726745743534477e-03
    1.3077349540264099e-01
   -7.0131351087479039e-18
   -7.8482912534175335e-18
    1.9578124270336224e-18
   -3.2047127441463431e-18
    1.4601133159738518e-17
   -6.4748300278416612e-18
   -6.1480470361589188e-18
    2.5604710837420887e-19
    4.4928369136491423e-18
    8.7705291238344198e-18
   -1.0122089011941976e-18
    3.5850067765272383e-18
   -7.8893173769551970e-18
    1.2405388505660318e-18
   -2.6505432858555858e-18
   -1.0699021760064699e-18
    3.5187371771781009e-02
    1.8643138625305047e-01
    4.8705151084607212e-02
   -6.0543430807787180e-02
   -4.9349409209307582e-02
    4.9672426557795107e-02
   -6.1090581078487992e-02
   -1.5092073288612351e-01
    5.1091005254561415e-02
    1.6604517881406983e-01
    5.4137793742219456e-02
   -4.3983119495051307e-02
    1.6318507980875574e-01
    3.5696454414716988e-01
    1.6955752806969607e-01
    5.9214327532837133e-02
   -2.4288480040929576e-18
    1.3359794169007931e-18
    7.4058156550481292e-18
    3.9982766909970892e-18
   -6.4955160029133360e-19
   -6.5181505385007689e-20
    3.0817339377591283e-18
   -1.8634872690624588e-18
   -6.7256882311853149e-18
   -1.3533549768713556e-18
    3.5086151124212905e-19
   -1.6953597455552486e-18
    2.7882820434976277e-18
    1.7872107910603971e-18
    9.3233705424957172e-18
    2.6681039048938392e-18
   -7.3732055247598557e-02
    7.1663024265395420e-02
    1.4746642855362363e-01
    1.9373240090400781e-02
   -7.3770234440054899e-02
   -2.4290008517350217e-02
    3.6352916392559916e-03
   -4.9462457153082222e-02
   -6.7836739382108893e-02
    1.7944201764727080e-02
    1.4463142979882654e-01
    6.9291294223513614e-02
    1.8228931704594316e-03
    1.6949180750134696e-01
    3.3188230171416933e-01
    1.9858228224946112e-01
    9.8111084083070946e-19
    8.7471571068979914e-18
    1.3746590676264911e-18
   -3.1919090615028134e-18
   -1.1740274239262303e-18
    2.5260468649237186e-18
    4.8835985645211313e-18
    4.9509268254306402e-18
   -4.5644084609057035e-18
    3.2797839113349765e-18
    8.6332674498991059e-19
   -2.3486262181331077e-18
    8.6890063255946410e-19
    5.9264803077572562e-18
    4.0485195210307538e-18
   -1.1752848678257520e-17
    6.7053365219248845e-03
   -6.1209326195377769e-03
    3.8566528390064345e-02
    1.4121758279916696e-01
   -2.7661175762278212e-02
   -9.3150725209642002e-02
   -9.2391415548189929e-02
    4.9018474158791701e-02
    1.5672144684316693e-02
   -8.0807726095014187e-02
    1.2038082724513174e-02
    2.1547055520391029e-01
    1.3282963436144354e-01
    5.7712881678711137e-02
    1.9624367500492071e-01
    4.2523039149400016e-01
