    3.7500010584304472e-01
    1.7107869651458668e-01
    4.1599313092569076e-02
    1.7113525924154255e-01
    1.7106905105654777e-01
    7.9297707568581639e-04
   -5.2870338003060173e-02
    6.8491832857390120e-02
    4.1721224593191913e-02
   -5.2858881739359070e-02
   -1.0525217366204201e-01
   -5.3403996146921352e-02
    1.7113405718151933e-01
    6.8396621352335235e-02
   -5.3497026277204422e-02
   -5.7448987443794693e-04
    0.0000000000000000e+00
    0.0000000000000000e+00
    0.0000000000000000e+00
    0.0000000000000000e+00
    0.0000000000000000e+00
    0.0000000000000000e+00
    0.0000000000000000e+00
    0.0000000000000000e+00
    0.0000000000000000e+00
    0.0000000000000000e+00
    0.0000000000000000e+00
    0.0000000000000000e+00
    0.0000000000000000e+00
    0.0000000000000000e+00
    0.0000000000000000e+00
    0.0000000000000000e+00
    1.7107869651458668e-01
    3.7500014126379549e-01
    1.7113524654809478e-01
    4.1599302460147043e-02
    7.9296269942620231e-04
    1.7106903600651324e-01
    6.8491846589350688e-02
   -5.2870308317683072e-02
   -5.2858895560540110e-02
    4.1721213928931966e-02
   -5.3403995975585185e-02
   -1.0525216660736486e-01
    6.8396634830352410e-02
    1.7113408682809828e-01
   -5.7450768308114745e-04
   -5.3497041697062375e-02
    0.0000000000000000e+00
    0.0000000000000000e+00
    0.0000000000000000e+00
    0.0000000000000000e+00
    0.0000000000000000e+00
    0.0000000000000000e+00
    0.0000000000000000e+00
    0.0000000000000000e+00
    0.0000000000000000e+00
    0.0000000000000000e+00
    0.0000000000000000e+00
    0.0000000000000000e+00
    0.0000000000000000e+00
    0.0000000000000000e+00
    0.0000000000000000e+00
    0.0000000000000000e+00
    4.1599313092569076e-02
    1.7113524654809478e-01
    3.7499985351859777e-01
    1.7107874522112002e-01
   -5.2870331502865936e-02
    6.8491832804208799e-02
    1.7106910282913934e-01
    7.9326079288950357e-04
   -1.0525256159978238e-01
   -5.3403980520989394e-02
    4.1721224527977351e-02
   -5.2858895477031244e-02
   -5.3497006744429636e-02
   -5.7403334811870340e-04
    1.7113406408219789e-01
    6.8396621238057231e-02
    0.0000000000000000e+00
    0.0000000000000000e+00
    0.0000000000000000e+00
    0.0000000000000000e+00
    0.0000000000000000e+00
    0.0000000000000000e+00
    0.0000000000000000e+00
    0.0000000000000000e+00
    0.0000000000000000e+00
    0.0000000000000000e+00
    0.0000000000000000e+00
    0.0000000000000000e+00
    0.0000000000000000e+00
    0.0000000000000000e+00
    0.0000000000000000e+00
    0.0000000000000000e+00
    1.7113525924154249e-01
    4.1599302460147002e-02
    1.7107874522111993e-01
    3.7499989803404982e-01
    6.8491846790269387e-02
   -5.2870326506903202e-02
    7.9322935345896230e-04
    1.7106908411682012e-01
   -5.3403980376667118e-02
   -1.0525254054631238e-01
   -5.2858881838511056e-02
    4.1721213897415121e-02
   -5.7406156111135763e-04
   -5.3497026009938164e-02
    6.8396635067745543e-02
    1.7113406856344132e-01
    0.0000000000000000e+00
    0.0000000000000000e+00
    0.0000000000000000e+00
    0.0000000000000000e+00
    0.0000000000000000e+00
    0.0000000000000000e+00
    0.0000000000000000e+00
    0.0000000000000000e+00
    0.0000000000000000e+00
    0.0000000000000000e+00
    0.0000000000000000e+00
    0.0000000000000000e+00
    0.0000000000000000e+00
    0.0000000000000000e+00
    0.0000000000000000e+00
    0.0000000000000000e+00
    1.7106905105654779e-01
    7.9296269942618648e-04
   -5.2870331502865908e-02
    6.8491846790269428e-02
    3.7500014226152711e-01
    1.7107869628179789e-01
    4.1599300953713794e-02
    1.7113525410958608e-01
    1.7113406406727152e-01
    6.8396635115847468e-02
   -5.3497026204599459e-02
   -5.7450776937774243e-04
    4.1721212094137608e-02
   -5.2858887652328289e-02
   -1.0525216504675997e-01
   -5.3403996311857889e-02
    0.0000000000000000e+00
    0.0000000000000000e+00
    0.0000000000000000e+00
    0.0000000000000000e+00
    0.0000000000000000e+00
    0.0000000000000000e+00
    0.0000000000000000e+00
    0.0000000000000000e+00
    0.0000000000000000e+00
    0.0000000000000000e+00
    0.0000000000000000e+00
    0.0000000000000000e+00
    0.0000000000000000e+00
    0.0000000000000000e+00
    0.0000000000000000e+00
    0.0000000000000000e+00
    7.9297707568584653e-04
    1.7106903600651341e-01
    6.8491832804208730e-02
   -5.2870326506903181e-02
    1.7107869628179803e-01
    3.7500010619176749e-01
    1.7113526305038118e-01
    4.1599313020762980e-02
    6.8396621192589158e-02
    1.7113406852088639e-01
   -5.7448974667159594e-04
   -5.3497041635841618e-02
   -5.2858877870809902e-02
    4.1721223696139002e-02
   -5.3403996152932946e-02
   -1.0525217314720377e-01
    0.0000000000000000e+00
    0.0000000000000000e+00
    0.0000000000000000e+00
    0.0000000000000000e+00
    0.0000000000000000e+00
    0.0000000000000000e+00
    0.0000000000000000e+00
    0.0000000000000000e+00
    0.0000000000000000e+00
    0.0000000000000000e+00
    0.0000000000000000e+00
    0.0000000000000000e+00
    0.0000000000000000e+00
    0.0000000000000000e+00
    0.0000000000000000e+00
    0.0000000000000000e+00
   -5.2870338003060145e-02
    6.8491846589350730e-02
    1.7106910282913931e-01
    7.9322935345896338e-04
    4.1599300953713746e-02
    1.7113526305038115e-01
    3.7499989932104816e-01
    1.7107873357260062e-01
   -5.3497006764367493e-02
   -5.7406163984883381e-04
    1.7113405712956994e-01
    6.8396634874222095e-02
   -1.0525253852438339e-01
   -5.3403992347913348e-02
    4.1721212136645529e-02
   -5.2858877740408011e-02
    0.0000000000000000e+00
    0.0000000000000000e+00
    0.0000000000000000e+00
    0.0000000000000000e+00
    0.0000000000000000e+00
    0.0000000000000000e+00
    0.0000000000000000e+00
    0.0000000000000000e+00
    0.0000000000000000e+00
    0.0000000000000000e+00
    0.0000000000000000e+00
    0.0000000000000000e+00
    0.0000000000000000e+00
    0.0000000000000000e+00
    0.0000000000000000e+00
    0.0000000000000000e+00
    6.8491832857390134e-02
   -5.2870308317683065e-02
    7.9326079288947571e-04
    1.7106908411682012e-01
    1.7113525410958605e-01
    4.1599313020762987e-02
    1.7107873357260053e-01
    3.7499985372276629e-01
   -5.7403331518404428e-04
   -5.3497026014829120e-02
    6.8396621334228844e-02
    1.7113408678753766e-01
   -5.3403992177416433e-02
   -1.0525256126053684e-01
   -5.2858887701206725e-02
    4.1721223766166049e-02
    0.0000000000000000e+00
    0.0000000000000000e+00
    0.0000000000000000e+00
    0.0000000000000000e+00
    0.0000000000000000e+00
    0.0000000000000000e+00
    0.0000000000000000e+00
    0.0000000000000000e+00
    0.0000000000000000e+00
    0.0000000000000000e+00
    0.0000000000000000e+00
    0.0000000000000000e+00
    0.0000000000000000e+00
    0.0000000000000000e+00
    0.0000000000000000e+00
    0.0000000000000000e+00
    4.1721224593191886e-02
   -5.2858895560540117e-02
   -1.0525256159978232e-01
   -5.3403980376667118e-02
    1.7113406406727152e-01
    6.8396621192589144e-02
   -5.3497006764367409e-02
   -5.7403331518406336e-04
    3.7499985351829457e-01
    1.7107874518045674e-01
    4.1599313031374131e-02
    1.7113524656843254e-01
    1.7106910285546603e-01
    7.9326078080999419e-04
   -5.2870331509456608e-02
    6.8491832828289287e-02
    0.0000000000000000e+00
    0.0000000000000000e+00
    0.0000000000000000e+00
    0.0000000000000000e+00
    0.0000000000000000e+00
    0.0000000000000000e+00
    0.0000000000000000e+00
    0.0000000000000000e+00
    0.0000000000000000e+00
    0.0000000000000000e+00
    0.0000000000000000e+00
    0.0000000000000000e+00
    0.0000000000000000e+00
    0.0000000000000000e+00
    0.0000000000000000e+00
    0.0000000000000000e+00
   -5.2858881739359091e-02
    4.1721213928931980e-02
   -5.3403980520989339e-02
   -1.0525254054631240e-01
    6.8396635115847468e-02
    1.7113406852088625e-01
   -5.7406163984883218e-04
   -5.3497026014829155e-02
    1.7107874518045665e-01
    3.7499989793524996e-01
    1.7113525925982101e-01
    4.1599302586027384e-02
    7.9322937676986325e-04
    1.7106908406947502e-01
    6.8491846787327962e-02
   -5.2870326387491416e-02
    0.0000000000000000e+00
    0.0000000000000000e+00
    0.0000000000000000e+00
    0.0000000000000000e+00
    0.0000000000000000e+00
    0.0000000000000000e+00
    0.0000000000000000e+00
    0.0000000000000000e+00
    0.0000000000000000e+00
    0.0000000000000000e+00
    0.0000000000000000e+00
    0.0000000000000000e+00
    0.0000000000000000e+00
    0.0000000000000000e+00
    0.0000000000000000e+00
    0.0000000000000000e+00
   -1.0525217366204208e-01
   -5.3403995975585185e-02
    4.1721224527977246e-02
   -5.2858881838511076e-02
   -5.3497026204599493e-02
   -5.7448974667164234e-04
    1.7113405712957003e-01
    6.8396621334228858e-02
    4.1599313031374111e-02
    1.7113525925982104e-01
    3.7500010574232800e-01
    1.7107869650529955e-01
   -5.2870338042908700e-02
    6.8491832831415120e-02
    1.7106905100879624e-01
    7.9297712088291657e-04
    0.0000000000000000e+00
    0.0000000000000000e+00
    0.0000000000000000e+00
    0.0000000000000000e+00
    0.0000000000000000e+00
    0.0000000000000000e+00
    0.0000000000000000e+00
    0.0000000000000000e+00
    0.0000000000000000e+00
    0.0000000000000000e+00
    0.0000000000000000e+00
    0.0000000000000000e+00
    0.0000000000000000e+00
    0.0000000000000000e+00
    0.0000000000000000e+00
    0.0000000000000000e+00
   -5.3403996146921401e-02
   -1.0525216660736478e-01
   -5.2858895477031272e-02
    4.1721213897415135e-02
   -5.7450776937772292e-04
   -5.3497041635841604e-02
    6.8396634874222054e-02
    1.7113408678753769e-01
    1.7113524656843271e-01
    4.1599302586027349e-02
    1.7107869650529953e-01
    3.7500014124110015e-01
    6.8491846598786446e-02
   -5.2870308271442269e-02
    7.9296271485863466e-04
    1.7106903601594109e-01
    0.0000000000000000e+00
    0.0000000000000000e+00
    0.0000000000000000e+00
    0.0000000000000000e+00
    0.0000000000000000e+00
    0.0000000000000000e+00
    0.0000000000000000e+00
    0.0000000000000000e+00
    0.0000000000000000e+00
    0.0000000000000000e+00
    0.0000000000000000e+00
    0.0000000000000000e+00
    0.0000000000000000e+00
    0.0000000000000000e+00
    0.0000000000000000e+00
    0.0000000000000000e+00
    1.7113405718151933e-01
    6.8396634830352340e-02
   -5.3497006744429608e-02
   -5.7406156111139753e-04
    4.1721212094137566e-02
   -5.2858877870809985e-02
   -1.0525253852438345e-01
   -5.3403992177416468e-02
    1.7106910285546600e-01
    7.9322937676986715e-04
   -5.2870338042908721e-02
    6.8491846598786432e-02
    3.7499989927910737e-01
    1.7107873361999329e-01
    4.1599300859676454e-02
    1.7113526294180340e-01
    0.0000000000000000e+00
    0.0000000000000000e+00
    0.0000000000000000e+00
    0.0000000000000000e+00
    0.0000000000000000e+00
    0.0000000000000000e+00
    0.0000000000000000e+00
    0.0000000000000000e+00
    0.0000000000000000e+00
    0.0000000000000000e+00
    0.0000000000000000e+00
    0.0000000000000000e+00
    0.0000000000000000e+00
    0.0000000000000000e+00
    0.0000000000000000e+00
    0.0000000000000000e+00
    6.8396621352335235e-02
    1.7113408682809830e-01
   -5.7403334811871121e-04
   -5.3497026009938206e-02
   -5.2858887652328296e-02
    4.1721223696139044e-02
   -5.3403992347913321e-02
   -1.0525256126053686e-01
    7.9326078081002032e-04
    1.7106908406947507e-01
    6.8491832831415189e-02
   -5.2870308271442311e-02
    1.7107873361999329e-01
    3.7499985380138973e-01
    1.7113525411486130e-01
    4.1599313116437331e-02
    0.0000000000000000e+00
    0.0000000000000000e+00
    0.0000000000000000e+00
    0.0000000000000000e+00
    0.0000000000000000e+00
    0.0000000000000000e+00
    0.0000000000000000e+00
    0.0000000000000000e+00
    0.0000000000000000e+00
    0.0000000000000000e+00
    0.0000000000000000e+00
    0.0000000000000000e+00
    0.0000000000000000e+00
    0.0000000000000000e+00
    0.0000000000000000e+00
    0.0000000000000000e+00
   -5.3497026277204464e-02
   -5.7450768308119223e-04
    1.7113406408219778e-01
    6.8396635067745570e-02
   -1.0525216504675997e-01
   -5.3403996152932939e-02
    4.1721212136645459e-02
   -5.2858887701206697e-02
   -5.2870331509456581e-02
    6.8491846787327920e-02
    1.7106905100879638e-01
    7.9296271485858783e-04
    4.1599300859676482e-02
    1.7113525411486130e-01
    3.7500014223855593e-01
    1.7107869627803143e-01
    0.0000000000000000e+00
    0.0000000000000000e+00
    0.0000000000000000e+00
    0.0000000000000000e+00
    0.0000000000000000e+00
    0.0000000000000000e+00
    0.0000000000000000e+00
    0.0000000000000000e+00
    0.0000000000000000e+00
    0.0000000000000000e+00
    0.0000000000000000e+00
    0.0000000000000000e+00
    0.0000000000000000e+00
    0.0000000000000000e+00
    0.0000000000000000e+00
    0.0000000000000000e+00
   -5.7448987443790747e-04
   -5.3497041697062320e-02
    6.8396621238057273e-02
    1.7113406856344157e-01
   -5.3403996311857924e-02
   -1.0525217314720367e-01
   -5.2858877740408074e-02
    4.1721223766166063e-02
    6.8491832828289287e-02
   -5.2870326387491409e-02
    7.9297712088289142e-04
    1.7106903601594095e-01
    1.7113526294180348e-01
    4.1599313116437331e-02
    1.7107869627803143e-01
    3.7500010608737600e-01
    0.0000000000000000e+00
    0.0000000000000000e+00
    0.0000000000000000e+00
    0.0000000000000000e+00
    0.0000000000000000e+00
    0.0000000000000000e+00
    0.0000000000000000e+00
    0.0000000000000000e+00
    0.0000000000000000e+00
    0.0000000000000000e+00
    0.0000000000000000e+00
    0.0000000000000000e+00
    0.0000000000000000e+00
    0.0000000000000000e+00
    0.0000000000000000e+00
    0.0000000000000000e+00
    0.0000000000000000e+00
    0.0000000000000000e+00
    0.0000000000000000e+00
    0.0000000000000000e+00
    0.0000000000000000e+00
    0.0000000000000000e+00
    0.0000000000000000e+00
    0.0000000000000000e+00
    0.0000000000000000e+00
    0.0000000000000000e+00
    0.0000000000000000e+00
    0.0000000000000000e+00
    0.0000000000000000e+00
    0.0000000000000000e+00
    0.0000000000000000e+00
    0.0000000000000000e+00
    3.7500010584304472e-01
    1.7107869651458668e-01
    4.1599313092569076e-02
    1.7113525924154255e-01
    1.7106905105654777e-01
    7.9297707568581639e-04
   -5.2870338003060173e-02
    6.8491832857390120e-02
    4.1721224593191913e-02
   -5.2858881739359070e-02
   -1.0525217366204201e-01
   -5.3403996146921352e-02
    1.7113405718151933e-01
    6.8396621352335235e-02
   -5.3497026277204422e-02
   -5.7448987443794693e-04
    0.0000000000000000e+00
    0.0000000000000000e+00
    0.0000000000000000e+00
    0.0000000000000000e+00
    0.0000000000000000e+00
    0.0000000000000000e+00
    0.0000000000000000e+00
    0.0000000000000000e+00
    0.0000000000000000e+00
    0.0000000000000000e+00
    0.0000000000000000e+00
    0.0000000000000000e+00
    0.0000000000000000e+00
    0.0000000000000000e+00
    0.0000000000000000e+00
    0.0000000000000000e+00
    1.7107869651458668e-01
    3.7500014126379549e-01
    1.7113524654809478e-01
    4.1599302460147043e-02
    7.9296269942620231e-04
    1.7106903600651324e-01
    6.8491846589350688e-02
   -5.2870308317683072e-02
   -5.2858895560540110e-02
    4.1721213928931966e-02
   -5.3403995975585185e-02
   -1.0525216660736486e-01
    6.8396634830352410e-02
    1.7113408682809828e-01
   -5.7450768308114745e-04
   -5.3497041697062375e-02
    0.0000000000000000e+00
    0.0000000000000000e+00
    0.0000000000000000e+00
    0.0000000000000000e+00
    0.0000000000000000e+00
    0.0000000000000000e+00
    0.0000000000000000e+00
    0.0000000000000000e+00
    0.0000000000000000e+00
    0.0000000000000000e+00
    0.0000000000000000e+00
    0.0000000000000000e+00
    0.0000000000000000e+00
    0.0000000000000000e+00
    0.0000000000000000e+00
    0.0000000000000000e+00
    4.1599313092569076e-02
    1.7113524654809478e-01
    3.7499985351859777e-01
    1.7107874522112002e-01
   -5.2870331502865936e-02
    6.8491832804208799e-02
    1.7106910282913934e-01
    7.9326079288950357e-04
   -1.0525256159978238e-01
   -5.3403980520989394e-02
    4.1721224527977351e-02
   -5.2858895477031244e-02
   -5.3497006744429636e-02
   -5.7403334811870340e-04
    1.7113406408219789e-01
    6.8396621238057231e-02
    0.0000000000000000e+00
    0.0000000000000000e+00
    0.0000000000000000e+00
    0.0000000000000000e+00
    0.0000000000000000e+00
    0.0000000000000000e+00
    0.0000000000000000e+00
    0.0000000000000000e+00
    0.0000000000000000e+00
    0.0000000000000000e+00
    0.0000000000000000e+00
    0.0000000000000000e+00
    0.0000000000000000e+00
    0.0000000000000000e+00
    0.0000000000000000e+00
    0.0000000000000000e+00
    1.7113525924154249e-01
    4.1599302460147002e-02
    1.7107874522111993e-01
    3.7499989803404982e-01
    6.8491846790269387e-02
   -5.2870326506903202e-02
    7.9322935345896230e-04
    1.7106908411682012e-01
   -5.3403980376667118e-02
   -1.0525254054631238e-01
   -5.2858881838511056e-02
    4.1721213897415121e-02
   -5.7406156111135763e-04
   -5.3497026009938164e-02
    6.8396635067745543e-02
    1.7113406856344132e-01
    0.0000000000000000e+00
    0.0000000000000000e+00
    0.0000000000000000e+00
    0.0000000000000000e+00
    0.0000000000000000e+00
    0.0000000000000000e+00
    0.0000000000000000e+00
    0.0000000000000000e+00
    0.0000000000000000e+00
    0.0000000000000000e+00
    0.0000000000000000e+00
    0.0000000000000000e+00
    0.0000000000000000e+00
    0.0000000000000000e+00
    0.0000000000000000e+00
    0.0000000000000000e+00
    1.7106905105654779e-01
    7.9296269942618648e-04
   -5.2870331502865908e-02
    6.8491846790269428e-02
    3.7500014226152711e-01
    1.7107869628179789e-01
    4.1599300953713794e-02
    1.7113525410958608e-01
    1.7113406406727152e-01
    6.8396635115847468e-02
   -5.3497026204599459e-02
   -5.7450776937774243e-04
    4.1721212094137608e-02
   -5.2858887652328289e-02
   -1.0525216504675997e-01
   -5.3403996311857889e-02
    0.0000000000000000e+00
    0.0000000000000000e+00
    0.0000000000000000e+00
    0.0000000000000000e+00
    0.0000000000000000e+00
    0.0000000000000000e+00
    0.0000000000000000e+00
    0.0000000000000000e+00
    0.0000000000000000e+00
    0.0000000000000000e+00
    0.0000000000000000e+00
    0.0000000000000000e+00
    0.0000000000000000e+00
    0.0000000000000000e+00
    0.0000000000000000e+00
    0.0000000000000000e+00
    7.9297707568584653e-04
    1.7106903600651341e-01
    6.8491832804208730e-02
   -5.2870326506903181e-02
    1.7107869628179803e-01
    3.7500010619176749e-01
    1.7113526305038118e-01
    4.1599313020762980e-02
    6.8396621192589158e-02
    1.7113406852088639e-01
   -5.7448974667159594e-04
   -5.3497041635841618e-02
   -5.2858877870809902e-02
    4.1721223696139002e-02
   -5.3403996152932946e-02
   -1.0525217314720377e-01
    0.0000000000000000e+00
    0.0000000000000000e+00
    0.0000000000000000e+00
    0.0000000000000000e+00
    0.0000000000000000e+00
    0.0000000000000000e+00
    0.0000000000000000e+00
    0.0000000000000000e+00
    0.0000000000000000e+00
    0.0000000000000000e+00
    0.0000000000000000e+00
    0.0000000000000000e+00
    0.0000000000000000e+00
    0.0000000000000000e+00
    0.0000000000000000e+00
    0.0000000000000000e+00
   -5.2870338003060145e-02
    6.8491846589350730e-02
    1.7106910282913931e-01
    7.9322935345896338e-04
    4.1599300953713746e-02
    1.7113526305038115e-01
    3.7499989932104816e-01
    1.7107873357260062e-01
   -5.3497006764367493e-02
   -5.7406163984883381e-04
    1.7113405712956994e-01
    6.8396634874222095e-02
   -1.0525253852438339e-01
   -5.3403992347913348e-02
    4.1721212136645529e-02
   -5.2858877740408011e-02
    0.0000000000000000e+00
    0.0000000000000000e+00
    0.0000000000000000e+00
    0.0000000000000000e+00
    0.0000000000000000e+00
    0.0000000000000000e+00
    0.0000000000000000e+00
    0.0000000000000000e+00
    0.0000000000000000e+00
    0.0000000000000000e+00
    0.0000000000000000e+00
    0.0000000000000000e+00
    0.0000000000000000e+00
    0.0000000000000000e+00
    0.0000000000000000e+00
    0.0000000000000000e+00
    6.8491832857390134e-02
   -5.2870308317683065e-02
    7.9326079288947571e-04
    1.7106908411682012e-01
    1.7113525410958605e-01
    4.1599313020762987e-02
    1.7107873357260053e-01
    3.7499985372276629e-01
   -5.7403331518404428e-04
   -5.3497026014829120e-02
    6.8396621334228844e-02
    1.7113408678753766e-01
   -5.3403992177416433e-02
   -1.0525256126053684e-01
   -5.2858887701206725e-02
    4.1721223766166049e-02
    0.0000000000000000e+00
    0.0000000000000000e+00
    0.0000000000000000e+00
    0.0000000000000000e+00
    0.0000000000000000e+00
    0.0000000000000000e+00
    0.0000000000000000e+00
    0.0000000000000000e+00
    0.0000000000000000e+00
    0.0000000000000000e+00
    0.0000000000000000e+00
    0.0000000000000000e+00
    0.0000000000000000e+00
    0.0000000000000000e+00
    0.0000000000000000e+00
    0.0000000000000000e+00
    4.1721224593191886e-02
   -5.2858895560540117e-02
   -1.0525256159978232e-01
   -5.3403980376667118e-02
    1.7113406406727152e-01
    6.8396621192589144e-02
   -5.3497006764367409e-02
   -5.7403331518406336e-04
    3.7499985351829457e-01
    1.7107874518045674e-01
    4.1599313031374131e-02
    1.7113524656843254e-01
    1.7106910285546603e-01
    7.9326078080999419e-04
   -5.2870331509456608e-02
    6.8491832828289287e-02
    0.0000000000000000e+00
    0.0000000000000000e+00
    0.0000000000000000e+00
    0.0000000000000000e+00
    0.0000000000000000e+00
    0.0000000000000000e+00
    0.0000000000000000e+00
    0.0000000000000000e+00
    0.0000000000000000e+00
    0.0000000000000000e+00
    0.0000000000000000e+00
    0.0000000000000000e+00
    0.0000000000000000e+00
    0.0000000000000000e+00
    0.0000000000000000e+00
    0.0000000000000000e+00
   -5.2858881739359091e-02
    4.1721213928931980e-02
   -5.3403980520989339e-02
   -1.0525254054631240e-01
    6.8396635115847468e-02
    1.7113406852088625e-01
   -5.7406163984883218e-04
   -5.3497026014829155e-02
    1.7107874518045665e-01
    3.7499989793524996e-01
    1.7113525925982101e-01
    4.1599302586027384e-02
    7.9322937676986325e-04
    1.7106908406947502e-01
    6.8491846787327962e-02
   -5.2870326387491416e-02
    0.0000000000000000e+00
    0.0000000000000000e+00
    0.0000000000000000e+00
    0.0000000000000000e+00
    0.0000000000000000e+00
    0.0000000000000000e+00
    0.0000000000000000e+00
    0.0000000000000000e+00
    0.0000000000000000e+00
    0.0000000000000000e+00
    0.0000000000000000e+00
    0.0000000000000000e+00
    0.0000000000000000e+00
    0.0000000000000000e+00
    0.0000000000000000e+00
    0.0000000000000000e+00
   -1.0525217366204208e-01
   -5.3403995975585185e-02
    4.1721224527977246e-02
   -5.2858881838511076e-02
   -5.3497026204599493e-02
   -5.7448974667164234e-04
    1.7113405712957003e-01
    6.8396621334228858e-02
    4.1599313031374111e-02
    1.7113525925982104e-01
    3.7500010574232800e-01
    1.7107869650529955e-01
   -5.2870338042908700e-02
    6.8491832831415120e-02
    1.7106905100879624e-01
    7.9297712088291657e-04
    0.0000000000000000e+00
    0.0000000000000000e+00
    0.0000000000000000e+00
    0.0000000000000000e+00
    0.0000000000000000e+00
    0.0000000000000000e+00
    0.0000000000000000e+00
    0.0000000000000000e+00
    0.0000000000000000e+00
    0.0000000000000000e+00
    0.0000000000000000e+00
    0.0000000000000000e+00
    0.0000000000000000e+00
    0.0000000000000000e+00
    0.0000000000000000e+00
    0.0000000000000000e+00
   -5.3403996146921401e-02
   -1.0525216660736478e-01
   -5.2858895477031272e-02
    4.1721213897415135e-02
   -5.7450776937772292e-04
   -5.3497041635841604e-02
    6.8396634874222054e-02
    1.7113408678753769e-01
    1.7113524656843271e-01
    4.1599302586027349e-02
    1.7107869650529953e-01
    3.7500014124110015e-01
    6.8491846598786446e-02
   -5.2870308271442269e-02
    7.9296271485863466e-04
    1.7106903601594109e-01
    0.0000000000000000e+00
    0.0000000000000000e+00
    0.0000000000000000e+00
    0.0000000000000000e+00
    0.0000000000000000e+00
    0.0000000000000000e+00
    0.0000000000000000e+00
    0.0000000000000000e+00
    0.0000000000000000e+00
    0.0000000000000000e+00
    0.0000000000000000e+00
    0.0000000000000000e+00
    0.0000000000000000e+00
    0.0000000000000000e+00
    0.0000000000000000e+00
    0.0000000000000000e+00
    1.7113405718151933e-01
    6.8396634830352340e-02
   -5.3497006744429608e-02
   -5.7406156111139753e-04
    4.1721212094137566e-02
   -5.2858877870809985e-02
   -1.0525253852438345e-01
   -5.3403992177416468e-02
    1.7106910285546600e-01
    7.9322937676986715e-04
   -5.2870338042908721e-02
    6.8491846598786432e-02
    3.7499989927910737e-01
    1.7107873361999329e-01
    4.1599300859676454e-02
    1.7113526294180340e-01
    0.0000000000000000e+00
    0.0000000000000000e+00
    0.0000000000000000e+00
    0.0000000000000000e+00
    0.0000000000000000e+00
    0.0000000000000000e+00
    0.0000000000000000e+00
    0.0000000000000000e+00
    0.0000000000000000e+00
    0.0000000000000000e+00
    0.0000000000000000e+00
    0.0000000000000000e+00
    0.0000000000000000e+00
    0.0000000000000000e+00
    0.0000000000000000e+00
    0.0000000000000000e+00
    6.8396621352335235e-02
    1.7113408682809830e-01
   -5.7403334811871121e-04
   -5.3497026009938206e-02
   -5.2858887652328296e-02
    4.1721223696139044e-02
   -5.3403992347913321e-02
   -1.0525256126053686e-01
    7.9326078081002032e-04
    1.7106908406947507e-01
    6.8491832831415189e-02
   -5.2870308271442311e-02
    1.7107873361999329e-01
    3.7499985380138973e-01
    1.7113525411486130e-01
    4.1599313116437331e-02
    0.0000000000000000e+00
    0.0000000000000000e+00
    0.0000000000000000e+00
    0.0000000000000000e+00
    0.0000000000000000e+00
    0.0000000000000000e+00
    0.0000000000000000e+00
    0.0000000000000000e+00
    0.0000000000000000e+00
    0.0000000000000000e+00
    0.0000000000000000e+00
    0.0000000000000000e+00
    0.0000000000000000e+00
    0.0000000000000000e+00
    0.0000000000000000e+00
    0.0000000000000000e+00
   -5.3497026277204464e-02
   -5.7450768308119223e-04
    1.7113406408219778e-01
    6.8396635067745570e-02
   -1.0525216504675997e-01
   -5.3403996152932939e-02
    4.1721212136645459e-02
   -5.2858887701206697e-02
   -5.2870331509456581e-02
    6.8491846787327920e-02
    1.7106905100879638e-01
    7.9296271485858783e-04
    4.1599300859676482e-02
    1.7113525411486130e-01
    3.7500014223855593e-01
    1.7107869627803143e-01
    0.0000000000000000e+00
    0.0000000000000000e+00
    0.0000000000000000e+00
    0.0000000000000000e+00
    0.0000000000000000e+00
    0.0000000000000000e+00
    0.0000000000000000e+00
    0.0000000000000000e+00
    0.0000000000000000e+00
    0.0000000000000000e+00
    0.0000000000000000e+00
    0.0000000000000000e+00
    0.0000000000000000e+00
    0.0000000000000000e+00
    0.0000000000000000e+00
    0.0000000000000000e+00
   -5.7448987443790747e-04
   -5.3497041697062320e-02
    6.8396621238057273e-02
    1.7113406856344157e-01
   -5.3403996311857924e-02
   -1.0525217314720367e-01
   -5.2858877740408074e-02
    4.1721223766166063e-02
    6.8491832828289287e-02
   -5.2870326387491409e-02
    7.9297712088289142e-04
    1.7106903601594095e-01
    1.7113526294180348e-01
    4.1599313116437331e-02
    1.7107869627803143e-01
    3.7500010608737600e-01
