    3.7341384146293322e-01
    1.6853114919669612e-01
    2.9395212944086375e-02
    1.7233736908446390e-01
    1.7103946161250014e-01
    2.2280341141421727e-02
   -5.4344453028972652e-02
    5.5552708452676104e-02
    3.0212727269789665e-02
   -4.9169079056899941e-02
   -9.9451969099755053e-02
   -5.4652421004396136e-02
    1.6977307823186757e-01
    5.7386106245546784e-02
   -5.0499381301774102e-02
    2.2168854237792680e-02
   -5.3991923655204454e-17
    2.8548320520617170e-17
    9.5028731538782309e-18
   -3.1695532823712369e-17
   -1.8844705705385615e-17
    2.4148434339343259e-17
    2.4857760813218226e-17
   -1.3349291908562200e-17
    1.9463520532929348e-17
   -1.7287932723491667e-17
   -1.0677647356678230e-17
    3.0929702583278446e-17
    1.1709876515793719e-17
   -1.0561852943189982e-17
   -3.4117339847547458e-17
    2.2553829527270940e-18
    1.7325797157745032e-01
    3.7220415348478408e-01
    1.7256556379534746e-01
    3.1274328898233936e-02
    2.2573820580256164e-02
    1.6993828992435486e-01
    5.6810935889836732e-02
   -5.5901210765685230e-02
   -5.1589680433114585e-02
    3.0295892333378583e-02
   -5.1197236546195124e-02
   -1.0229768981895919e-01
    5.8744545481179612e-02
    1.6775487597120833e-01
    2.0535245675955764e-02
   -5.0731487643982096e-02
   -4.4904408216795314e-17
   -3.0622378478014456e-17
    1.4036162477409116e-17
    6.9590581653734876e-17
    3.1397724758675788e-17
   -6.4392504138394460e-18
    6.9029652852132854e-18
    3.8106912984169605e-17
    5.6228524641505525e-18
   -5.9396920752650119e-18
   -3.4330402636258480e-17
   -3.0840824189463390e-17
    4.0467951846636981e-17
   -2.7772759273988310e-18
   -2.4574734455226392e-17
    1.1547202901410069e-18
    3.1531180729667797e-02
    1.7457830665085849e-01
    3.7432443458153120e-01
    1.6724925335772439e-01
   -5.4248188765360764e-02
    5.9869581604781029e-02
    1.7425956562822797e-01
    1.9607656900738908e-02
   -1.0008885141862814e-01
   -5.5918519168762157e-02
    3.0154660098653495e-02
   -4.6703167627926277e-02
   -5.0079093595001997e-02
    2.0577469462624454e-02
    1.6684485844911331e-01
    5.7054678047686359e-02
   -3.2044243314417520e-17
    6.1647363151866021e-17
   -1.2467299081879770e-17
   -3.1237468580547934e-18
   -8.4427644384784550e-18
   -3.6642163460564802e-17
   -4.1285832225377366e-17
    2.2710284000500730e-17
   -2.7366780571452117e-17
   -9.1172755631506686e-18
    2.2096576338284998e-18
    5.0116337513665944e-17
   -7.3792530850954514e-17
   -1.7349253954909744e-17
   -2.0614478485513044e-17
   -6.6854274849726581e-17
    1.7218565775647282e-01
    3.1323595512067134e-02
    1.6711566435901196e-01
    3.7311158639802955e-01
    5.6132011847982499e-02
   -4.9505159885379207e-02
    1.9471631386104554e-02
    1.7036210677336830e-01
   -5.3900438192105882e-02
   -9.8582482393243423e-02
   -5.0944065888723390e-02
    3.0204811959403850e-02
    1.8488777220031762e-02
   -5.0288426273743914e-02
    5.5691169736338517e-02
    1.7032287554596071e-01
   -2.2161968656693075e-17
    9.6560891699270513e-18
    3.4744547681594513e-18
   -6.8879749980281354e-17
   -5.6029301513671409e-18
    2.4474553189642187e-17
   -6.7817735347294829e-18
   -4.6006390831409552e-17
    1.1431630702491656e-18
   -8.7586015683605003e-18
    1.0642709802493508e-17
    4.4889140697182333e-17
   -6.7533091614762166e-17
   -3.5734036466148847e-17
    3.5229350941191513e-17
   -6.4201614320992901e-18
    1.7292599351092941e-01
    2.0102858894667060e-02
   -5.5876544669165397e-02
    5.8643952765609644e-02
    3.7688879690413135e-01
    1.7001659990794815e-01
    3.0487013176631911e-02
    1.7507224800724899e-01
    1.6843846825648690e-01
    6.0139883942537539e-02
   -5.1252132468718778e-02
    1.9484413947816651e-02
    2.9782438285092951e-02
   -4.9505792166341073e-02
   -1.0270488847773947e-01
   -5.3288892841864291e-02
   -2.0473434648891814e-17
    1.7537420348524561e-18
    2.4177359690671144e-17
    4.0386947859316790e-17
   -1.5150616434755689e-17
    8.6120495045410714e-18
    1.4716574935430523e-17
    1.5772670348795467e-17
    7.0844347229958832e-18
    6.8237601268503906e-18
   -1.3138361755727484e-17
   -1.4034696929462148e-17
    3.0540543108097965e-17
    3.3209585475971581e-18
   -6.1792887044732853e-18
    4.1986593716317714e-18
    1.9643849581807066e-02
    1.6851000598182134e-01
    5.9586928064914557e-02
   -5.0246844864999432e-02
    1.6999209767827816e-01
    3.7181935613443529e-01
    1.7062394119398355e-01
    2.8793267253862460e-02
    5.8425133796456995e-02
    1.7321169083167215e-01
    2.0918170816174118e-02
   -5.3090563685168388e-02
   -5.1526426084607078e-02
    2.8114541922109427e-02
   -5.3783772453254976e-02
   -1.0031384994194807e-01
    1.0128856392977661e-16
   -9.4231033336084970e-17
   -3.0505940361374495e-20
    3.7893401066945544e-17
    8.2070594664624481e-18
   -5.3428197214441428e-17
   -1.3632295743455121e-17
   -3.5114238465845886e-17
    3.7395828449473516e-17
    2.2592733108839844e-17
   -1.6913928264477139e-17
   -1.2226320972658318e-16
    8.4914732543050993e-17
    5.3102026752244967e-17
    5.8949136642619496e-17
    5.7476267892211787e-17
   -5.8610210336342630e-02
    5.7171537451882262e-02
    1.7497183839541580e-01
    1.8880795137994965e-02
    2.8822121915043741e-02
    1.7264275790824207e-01
    3.7504038534068801e-01
    1.6815968882317117e-01
   -4.8237691444725651e-02
    2.0983025091364328e-02
    1.6826569689496712e-01
    5.7931802808390519e-02
   -1.0139546583960986e-01
   -5.2203451487194005e-02
    3.2386901832163098e-02
   -5.1180155539769789e-02
    3.8976620489733508e-17
   -7.7074886343341747e-18
   -5.2807863471061549e-17
   -1.4620801166269202e-17
    1.0494657117023005e-17
    5.8289808267525331e-18
    5.2083410584081744e-17
    2.1646361142700027e-17
   -2.9101730562607830e-17
   -2.5392447448012447e-17
    1.4667386044501292e-17
   -5.9166644280537119e-17
    2.7682213168386447e-17
    1.6047333624535182e-17
   -5.4055774601915158e-18
   -2.1121863512227316e-17
    5.5629604744376358e-02
   -5.4374713139275041e-02
    1.7777876390620850e-02
    1.7149451574156091e-01
    1.7528270404577154e-01
    2.8935806566834039e-02
    1.6983802982981247e-01
    3.8033470084312931e-01
    1.7158644668945667e-02
   -5.2369377997468401e-02
    5.5992511011096521e-02
    1.6739455786012636e-01
   -5.3271111866936408e-02
   -9.5631645046763664e-02
   -4.7835325221513812e-02
    2.8718241164199677e-02
   -1.2821257794600018e-17
   -1.9302201670204158e-17
   -7.6162703350434241e-19
    3.9385471731354142e-17
    9.9759732726155242e-19
    7.9342347378160588e-18
    5.2870613805906964e-17
    7.0489122023113539e-17
   -1.3532362186026233e-17
   -1.0038150023939095e-18
    3.7017431944130644e-18
   -7.8347680835833885e-18
    2.0957991128144225e-17
   -2.7647710969396280e-18
   -3.8645453159802209e-17
   -1.9177775140417248e-17
    2.9443584663486577e-02
   -4.9265897175733965e-02
   -9.8903769875535202e-02
   -5.3760920065879590e-02
    1.7086613020227701e-01
    6.0531931034417397e-02
   -4.9263977665587037e-02
    1.7877170610762695e-02
    3.7733367984966415e-01
    1.6909101780671784e-01
    2.8944397871141732e-02
    1.7430240497569577e-01
    1.7189790222885273e-01
    1.9911894876526608e-02
   -5.3964893481989629e-02
    5.8680947641774839e-02
   -1.6146583973955509e-17
    2.6644412023148778e-17
    4.5095224971243828e-18
    1.0664738782846311e-17
   -5.2299549020128185e-18
   -1.4315197763614536e-17
   -2.7643084358143654e-17
    1.3793017268665646e-17
   -8.1333654878857675e-18
    1.2715803358014827e-17
    2.5004280997535137e-17
    2.3844162554984649e-17
   -4.6807704293821230e-17
   -1.5295008020893390e-18
    2.0167490109888070e-17
   -1.7780814648598792e-17
   -5.1044041591002134e-02
    3.0839527744940930e-02
   -5.5197217878743175e-02
   -9.8475403128289465e-02
    5.5585235667602664e-02
    1.6934900902681096e-01
    1.8811394280999118e-02
   -5.0068313563617205e-02
    1.7016899622446033e-01
    3.7779611029573501e-01
    1.7214270427504158e-01
    2.9666246038540855e-02
    1.8501318288089576e-02
    1.7203431341418735e-01
    5.5305674569368989e-02
   -5.3397475800657748e-02
   -6.8984769323680228e-17
    4.8084089598639096e-17
    1.2227857721706867e-17
   -3.7836852897929995e-17
   -1.9476723538320025e-17
    2.3394725267151846e-17
   -5.6051675840806324e-17
   -4.0375796268158870e-17
    4.0494036144715339e-17
    9.6924846300474478e-18
    2.2097958482961171e-17
    9.5319399622101753e-17
   -9.3897184495205093e-17
   -5.8871075770393091e-17
   -2.8258390098186093e-17
    1.3472153656071715e-18
   -1.0023876157486829e-01
   -5.4304444182580215e-02
    2.9211199327994312e-02
   -4.9820421585404104e-02
   -5.3602030075319704e-02
    1.9135654537498253e-02
    1.6935197240191566e-01
    5.3788637819096929e-02
    3.2022146197426500e-02
    1.7177494358263884e-01
    3.7560807518705169e-01
    1.6829456691754377e-01
   -5.2790004938717452e-02
    5.6830611219380232e-02
    1.7258530413937070e-01
    2.0042886065940690e-02
   -5.6523374326088135e-17
    1.2056280781858837e-17
   -2.6779614481383249e-18
   -1.4949286684410383e-17
   -9.5843847516104061e-18
    7.0820004956170540e-17
    3.9359059127138372e-17
   -2.7316310010979179e-17
    1.8605185478438204e-17
   -1.3922042280461109e-17
   -1.3361828316079770e-17
    2.5761595916120285e-18
    1.2528305155468860e-17
   -3.2970778436674227e-17
   -4.0822808213592485e-17
    8.3902190095923254e-18
   -4.9522232403253229e-02
   -1.0124638971684896e-01
   -4.7432024738131219e-02
    3.1289041121346325e-02
    2.2665383153331758e-02
   -5.5572189325888907e-02
    5.6116758755191856e-02
    1.6775351861380455e-01
    1.7299523874683267e-01
    2.7289132569074115e-02
    1.7002811246605504e-01
    3.7208173414098988e-01
    5.6624839192333666e-02
   -5.5093009851067409e-02
    2.2755474841579491e-02
    1.6926461051827654e-01
    1.1681889832591231e-17
   -1.7038127661729277e-17
    2.6749946751549345e-18
   -5.9088873276854279e-18
    1.5942963482514181e-17
   -9.8310119943373267e-18
   -4.6438037297858878e-17
   -2.2667691008562393e-17
    2.8942569945217449e-18
    2.8356433152383946e-17
    7.3905613812339532e-18
   -2.9546339902510265e-17
   -3.3361170375357311e-18
    5.9642200064066973e-18
    1.5545146076975970e-17
    4.3709003005242266e-18
    1.6421907217736195e-01
    5.7244384499582045e-02
   -4.6470229386634351e-02
    1.8276177838907497e-02
    3.0430536582485478e-02
   -5.0966370327571044e-02
   -1.0077739417966051e-01
   -5.2132549463995738e-02
    1.7434356612484425e-01
    1.7470166811756341e-02
   -5.5883021455519100e-02
    5.8733225414385068e-02
    3.7223929482285401e-01
    1.6823226775324659e-01
    3.3155285614028543e-02
    1.7125205595508636e-01
    3.6878308488174690e-17
    1.0190355038352656e-17
   -3.0642122917218712e-17
    2.9763392430144820e-18
    1.8792663990047416e-17
   -1.6175815973972235e-17
    1.7980520846477821e-17
    2.4461426833223532e-17
   -1.1622044298681530e-17
   -3.5944360469810587e-19
    2.7175610181231362e-18
   -3.7254851253858186e-17
    6.8950514654843535e-18
    3.6561751463906865e-17
    9.5237346372491516e-18
   -5.1882934369609045e-18
    5.5068732907054455e-02
    1.7150312458750766e-01
    1.6913387675435394e-02
   -5.4576975286364370e-02
   -5.2781279894129896e-02
    2.9694972445861119e-02
   -5.2257442714717620e-02
   -9.6927821419419441e-02
    1.6308550579127411e-02
    1.6852223223863344e-01
    5.7440700639326658e-02
   -5.1058573731010116e-02
    1.7002014082880940e-01
    3.7759822069026439e-01
    1.7395520603960504e-01
    2.9990028787881391e-02
   -3.4287810502574708e-17
    2.8770466663245142e-17
   -5.5133310741182137e-18
   -1.4719071592400512e-19
    1.0595600792496022e-17
   -3.7133742053969028e-18
   -6.4172112341404451e-20
    3.8711161700102467e-17
   -1.7913519172020659e-17
   -5.2422022708412535e-18
    7.4184533349396481e-19
    4.5751686792775656e-17
   -2.7252522814653456e-17
   -3.3149380181431753e-17
   -2.5357866326655133e-17
   -1.8214764286998603e-17
   -5.1888289018093905e-02
    2.0804182106433460e-02
    1.6688346929695280e-01
    5.6549866064442768e-02
   -1.0163503490287576e-01
   -5.3105343187307127e-02
    3.1708790749956535e-02
   -4.8321583346618513e-02
   -5.6356895213078004e-02
    5.7738281887898979e-02
    1.7256474907137118e-01
    2.0821821830908471e-02
    3.2175118451395382e-02
    1.7485125183501599e-01
    3.7604059182055594e-01
    1.7228584351687712e-01
    1.7145916418557812e-17
   -1.9861985574531623e-17
    2.0325623035634011e-17
    3.3347232672597997e-17
   -3.2628624476646312e-17
   -1.1668213531592893e-17
    2.6096921975167682e-17
    1.8425737618507894e-17
    9.5091241721780557e-18
    2.1165081893307859e-18
   -3.0508291366548246e-18
   -2.4759674273017206e-17
    6.3255079019579929e-17
    1.2268027018996601e-17
    1.3402876869600454e-17
    2.9447368820103642e-17
    1.9720588248475834e-02
   -5.3327042570212813e-02
    5.9557879607034500e-02
    1.7145682826165809e-01
   -5.3219507927469732e-02
   -1.0384016357079469e-01
   -5.4790517118191759e-02
    3.1800875507099563e-02
    6.0527121833377308e-02
   -4.9679326076263006e-02
    1.8386580795449144e-02
    1.7087233585550166e-01
    1.6987328081067096e-01
    2.9586203300404325e-02
    1.7112868184601893e-01
    3.7416503804323131e-01
    9.5845773799770779e-17
   -8.4950435302370718e-17
    4.4890380768903653e-18
   -7.0686055201153877e-17
    2.1982248770608915e-17
    9.2592682154004484e-18
    2.5838110906399201e-18
   -5.5482062434822490e-17
    1.5292297911811154e-17
    2.9644511786383989e-17
    5.8508328605830967e-18
   -5.9140901806036223e-17
    2.0522347511997355e-17
    3.3329473884007080e-17
    7.9023084576584566e-17
    1.2193963432909824e-16
    9.1350450177386043e-18
    3.4598412760733622e-18
   -3.4385617983626827e-19
   -5.4569294079937198e-18
   -1.7541200813227891e-17
    1.2632185648390610e-18
    8.4744211798896660e-18
   -7.7562118656179985e-18
    2.7256097576056417e-17
    8.2623166532376899e-18
   -1.0808072328285352e-17
    9.3130158990280270e-18
    1.3352008442766269e-17
   -6.9293066257456390e-18
   -1.1761662762225941e-17
   -1.6920962527450860e-19
    3.7615654063125781e-01
    1.6851308606022267e-01
    2.9891857967376884e-02
    1.7210369639205964e-01
    1.7567800147127974e-01
    1.8142378687930210e-02
   -5.3469173827232985e-02
    6.1453931632340440e-02
    2.8720400021132290e-02
   -5.0437100025427437e-02
   -9.8697793510656856e-02
   -5.3755590430032474e-02
    1.6670855479354121e-01
    5.8475892570716281e-02
   -4.9281078780124762e-02
    1.6919761121578496e-02
   -1.1643791781168226e-17
   -2.4085093736571648e-18
    5.7100223556651048e-18
    2.3328661991474854e-18
   -3.2263473057290486e-18
   -1.7529956795985637e-19
   -1.3630558634232308e-17
    1.3111381518095948e-18
    8.3626181006132606e-18
    4.7054095592036993e-18
   -1.2651107136975718e-17
   -1.5152175640070510e-18
   -1.7042393924021357e-19
    5.2987148038982737e-18
    3.3282592302944473e-18
    2.6807843460737719e-18
    1.7119250571397784e-01
    3.7615330117440504e-01
    1.6905857238385924e-01
    2.8183939682164982e-02
    2.2249724646324659e-02
    1.7355661311224513e-01
    5.6187543213385940e-02
   -5.2506506112203574e-02
   -5.5019426755658338e-02
    3.0933220930555540e-02
   -5.1574832672398152e-02
   -1.0059478428604311e-01
    5.6777120318140348e-02
    1.7009739285296219e-01
    2.2395597023077800e-02
   -5.0827048785577797e-02
   -3.1696434434535944e-18
    5.0696870464151746e-18
    6.5117855572119527e-18
    3.7129202798384275e-18
    6.1913824540852378e-18
    2.7512252763973864e-18
   -4.4097509212488150e-18
   -6.3573495111732323e-18
   -1.5071422205936352e-18
   -4.9795502498029143e-18
    2.2709450953497374e-18
   -4.1282276770033363e-18
   -5.5427094379687268e-18
    1.1761878667942445e-18
    5.6403608806417145e-18
    1.6993340392418885e-18
    3.1327819379000942e-02
    1.7139793009961596e-01
    3.7381714334741634e-01
    1.6937351544944826e-01
   -5.6135650461955192e-02
    6.0267315468560609e-02
    1.6999301219890539e-01
    1.7505811043832815e-02
   -1.0088082432233114e-01
   -5.3164699184371209e-02
    3.1384165890744144e-02
   -4.7518660148177280e-02
   -4.9807675836128884e-02
    1.8539668391273034e-02
    1.7027081885035009e-01
    6.1751394434521233e-02
    1.1178384595360006e-17
   -4.0136682297824805e-18
   -1.3464128160643152e-17
    5.7508936281055599e-18
    1.6514602399359023e-17
    1.2922493586374171e-17
   -1.2932407326074074e-20
   -1.6576398043943757e-17
   -2.2762103656128427e-17
    7.2175611413623564e-18
    2.9279891785593814e-17
   -7.9621281070104721e-18
   -3.2493669594997892e-18
   -8.0894531722327408e-18
    7.5267404595135564e-18
    5.1963946731487217e-18
    1.7093749707070582e-01
    2.7944064842026366e-02
    1.6966139957396958e-01
    3.7988587476659164e-01
    5.7388391364662797e-02
   -4.8890674544530964e-02
    1.8621040886918523e-02
    1.6761046438329966e-01
   -5.2789410316560828e-02
   -1.0086672885129648e-01
   -5.1112101814318467e-02
    3.1094889429399485e-02
    1.6658579591627087e-02
   -5.4414466842075036e-02
    5.6477474161715113e-02
    1.7532824725349866e-01
    2.2687756229127932e-17
    1.3871300294126916e-17
   -1.7667978274293160e-18
   -1.8487289489474438e-17
   -1.4887258753589946e-17
   -8.8927684952991965e-18
    8.1055274019164233e-18
    1.0095345541399174e-17
    2.7468528644964485e-18
   -1.5560338222744542e-17
   -1.3795870557328176e-17
    9.8645838955257415e-18
    3.6548018155939741e-18
   -1.8265177022329361e-18
   -9.1000978830944600e-18
   -9.6436366288115518e-18
    1.7155737293806261e-01
    2.1633065753428368e-02
   -5.2336843193002837e-02
    5.4324003587522540e-02
    3.7097468592505423e-01
    1.6853758753121123e-01
    3.4863980086852882e-02
    1.7247793385561674e-01
    1.6982689990693023e-01
    5.6006946451499749e-02
   -5.2320617321458630e-02
    2.0895760414537414e-02
    3.2402458613934947e-02
   -5.0187571180436041e-02
   -1.0408829355319889e-01
   -5.6568294912537745e-02
   -3.0703740027609506e-18
    4.2231296325917245e-18
   -4.8009461619608394e-18
    3.5741950438283931e-18
   -1.0320225706497516e-17
   -9.5475659526066662e-18
    1.1441829052170089e-18
    1.6096048187039130e-17
    2.0261080000379389e-19
   -4.8772571190610851e-18
   -3.3884785075674932e-18
    5.7561950731740939e-20
   -2.8794540078667918e-18
    1.0066941420627770e-17
   -2.4326260402722418e-18
   -5.3435763176191726e-18
    2.0211729969098563e-02
    1.7380406428816744e-01
    5.5356572251167913e-02
   -5.4377808179862167e-02
    1.6954944718618212e-01
    3.7870033656989099e-01
    1.7283978416536522e-01
    3.1205318811175831e-02
    5.7071448853271603e-02
    1.7065711722059534e-01
    2.1030757822537435e-02
   -4.8105846296527879e-02
   -5.1854410359369017e-02
    2.9117652978607321e-02
   -5.5539926993317626e-02
   -9.9824208326236327e-02
   -2.4187275140803505e-17
   -1.1874676629100355e-17
   -8.5545647286031527e-19
    1.2361666291964131e-18
    4.5671568948250721e-18
   -4.4646401323415864e-18
    1.2476621153831478e-17
    1.5154862442381667e-17
   -8.0276213347203836e-18
   -3.8669500835316069e-18
    3.4664198797054640e-18
   -5.8478333197507501e-18
   -1.2606622768279720e-17
    9.5433145044799539e-18
    7.8440068552972139e-18
    1.0981257866210657e-18
   -5.1844376280173986e-02
    5.6846004247693441e-02
    1.7303557310328305e-01
    1.9312344590155798e-02
    3.1862867869313971e-02
    1.7120064179364919e-01
    3.7396977202178483e-01
    1.6843542120574398e-01
   -4.9199129013823666e-02
    1.8456263448371042e-02
    1.7083222137962450e-01
    5.8345172360103094e-02
   -9.8729443063144184e-02
   -5.4089415982113066e-02
    3.2705559966143619e-02
   -5.0018381515425384e-02
   -5.2417578101485166e-18
   -8.1026053387006800e-18
   -4.6800723061547873e-18
    1.7743990299584474e-18
    3.2728992295256957e-19
   -5.6563717502794206e-18
   -4.6038554732075534e-18
    8.4453597715079280e-18
   -7.0598862109035465e-18
    6.8925293055323460e-20
    3.7758380835134934e-18
   -7.0667599579501110e-18
   -1.4866193695590933e-18
    3.9176866334198153e-18
    6.3913133660475321e-18
   -1.2639208041879021e-18
    5.7197272431518321e-02
   -5.1152864894110431e-02
    1.8973453030781899e-02
    1.6933478195714508e-01
    1.7194741826511267e-01
    2.9312194176092026e-02
    1.6718928735590882e-01
    3.7156657992408021e-01
    2.2643909934650503e-02
   -5.1431421599977559e-02
    5.5076437450257712e-02
    1.6932564122369417e-01
   -5.1211678096872049e-02
   -1.0028837333263083e-01
   -5.2550237839424196e-02
    2.9835271046175386e-02
   -5.4659236287636654e-19
    1.6019043587823488e-18
   -4.2965936124878041e-18
   -3.7674341503120367e-18
    1.5037402559121445e-17
    4.1101439419936558e-18
   -1.1488365463107452e-17
   -8.5705747797233984e-18
    5.9644692236606455e-18
   -5.1083504453094240e-19
    2.7353101885094626e-18
   -3.2176679801594290e-19
   -3.2640484674647974e-18
   -2.9150320784631964e-18
    7.3781978115714169e-18
    4.5697646052727310e-18
    2.9097748880918772e-02
   -4.7611362378647937e-02
   -9.8220755605507498e-02
   -5.3461078703032981e-02
    1.6422751812325453e-01
    5.5448620664102131e-02
   -5.1046977116131341e-02
    2.1187114934273908e-02
    3.7278037928481494e-01
    1.7116203270358604e-01
    2.9089187618878642e-02
    1.7315011357495444e-01
    1.7327918141646265e-01
    2.2553552658034295e-02
   -5.5461268493080515e-02
    5.4585197292522980e-02
    9.4537505716044483e-18
   -1.3958783674250852e-17
   -4.0587661851894548e-19
    4.0306683544057849e-18
    2.7519456844245907e-17
    9.6713581635697276e-18
   -1.9233752782239008e-18
   -2.6183471447245223e-17
   -3.3927476040655127e-17
    2.2723549405418530e-17
    3.6645765071049281e-17
   -1.3586119133617510e-17
   -1.0497621961481460e-18
   -1.3776258284522489e-17
    4.7162788257197809e-18
    5.7064806691545402e-18
   -5.1468433028032001e-02
    2.8974294030895596e-02
   -5.0511593805406693e-02
   -9.5349023396711405e-02
    5.6239940253575316e-02
    1.7192987301969576e-01
    2.0013403996137831e-02
   -5.3822651454480876e-02
    1.6997230158771609e-01
    3.7571285535297005e-01
    1.7054221347812734e-01
    2.7969032865413402e-02
    1.9817780740746138e-02
    1.6779066763945075e-01
    5.4929730860566572e-02
   -5.0865146308804267e-02
    5.1788734392286650e-18
   -3.9242005349618529e-20
   -5.7080131799323006e-18
   -1.1957495391614248e-18
   -5.1152162116170133e-18
    2.8638092342891477e-18
    3.6779466102614853e-18
    2.4056353812676428e-18
   -2.1618506902738542e-18
    2.6629828237844396e-18
    7.8581406385461825e-18
    1.2133665520718107e-18
   -6.9395858142851430e-21
   -9.9194197466916558e-19
   -4.1647325534539686e-18
   -1.2714316269848213e-19
   -9.8966378821240347e-02
   -5.5138633864215039e-02
    3.1970160160205374e-02
   -5.1480686829417754e-02
   -4.7297311853050333e-02
    1.6834219286469505e-02
    1.7155543609937013e-01
    5.7844827195567813e-02
    2.9542072741701127e-02
    1.6996364664803654e-01
    3.7720638516056720e-01
    1.6515919591286587e-01
   -5.3589061649734059e-02
    5.9249987643885241e-02
    1.7540063952742443e-01
    1.4588484304589058e-02
   -6.7447179599815736e-18
   -1.7431849782834263e-17
   -4.8879974486727677e-18
    4.2965618335922149e-18
    5.7469416968529500e-18
   -5.8578115157403769e-18
   -1.2187672840032822e-17
    2.6623437016328301e-18
    5.6256915668017887e-19
    2.7856975924255234e-18
    1.2406069333624661e-18
   -1.2099509287751043e-17
    2.8269554278996727e-18
    9.7912903810138807e-18
    8.0703363815565634e-18
    1.2137965765980112e-18
   -5.3840150232878060e-02
   -9.9126851649357278e-02
   -5.3040508298012080e-02
    2.8357238592668383e-02
    2.2134559240401593e-02
   -5.0580361065324334e-02
    5.5297474557246352e-02
    1.7286607426050526e-01
    1.6989945078041030e-01
    2.9815525566279200e-02
    1.6971487082291800e-01
    3.7576025771241905e-01
    5.6145175735602938e-02
   -5.1031989520468592e-02
    2.3235966717888041e-02
    1.6871088708910587e-01
   -6.9498387854066125e-18
    2.2118022445165702e-18
   -9.4691718049115059e-18
   -6.5867955662668091e-18
    8.6324241783736852e-18
   -1.3545534555797263e-18
    2.4248736199280366e-18
    5.8996601600788194e-18
   -1.6793276821207186e-17
   -1.7873276592385072e-18
    1.7282251397361068e-17
    1.6112519217729507e-18
   -2.9154215848845231e-17
    5.2417405936859792e-18
    9.2070489845259968e-18
   -5.5890711003580856e-19
    1.6857721648291174e-01
    5.6280132065336053e-02
   -5.0022821422490850e-02
    1.7356102297900886e-02
    3.0438529014632287e-02
   -5.5373783626042429e-02
   -1.0103917548939201e-01
   -5.1125954609411953e-02
    1.7278016876804375e-01
    2.2160116863373609e-02
   -5.3243095878890388e-02
    5.6904347723411700e-02
    3.7785489527920008e-01
    1.7227358538230877e-01
    3.2710438916486270e-02
    1.7051748000212472e-01
   -1.3697983489444935e-18
   -1.6287699556627958e-18
   -1.9224491713447554e-19
   -9.7159940906857175e-18
   -2.3141473973080736e-18
   -1.5565429873184313e-18
    3.2847773829065311e-18
   -3.1796107837504996e-18
    6.4323318265463117e-18
    3.2985174149655462e-18
    1.2636896092557472e-18
    7.9061442353637785e-18
    1.9518975038403105e-18
    3.6545571725908484e-18
    2.1986544933239864e-19
    1.3213274736632663e-18
    5.7879339188034909e-02
    1.6947164748627414e-01
    1.9276955905596162e-02
   -5.2832363789121074e-02
   -4.9623676756482271e-02
    2.8575417104901087e-02
   -5.3888671213175886e-02
   -9.9493543620915337e-02
    2.0828515218019827e-02
    1.6993028348988629e-01
    5.7558189481140540e-02
   -5.4297212903686207e-02
    1.7029319011082816e-01
    3.7122860067986641e-01
    1.7207874907408338e-01
    3.1169429618474305e-02
    1.5348274844571785e-17
    2.7410031409789038e-17
    4.8318629949945928e-18
   -4.9863669157511805e-18
   -3.5153269886706186e-17
   -6.8503784291385823e-18
    7.9949131413851445e-18
    6.7259852708190918e-18
    4.1903582809343591e-17
   -3.0177923767323454e-18
   -2.6621391664668067e-17
    2.0750484725933091e-17
    1.5787905260140277e-17
   -4.2394096106850720e-18
   -3.3453514365749499e-17
   -7.4392136521673397e-18
   -5.0682862828829570e-02
    2.0965539076988032e-02
    1.7008327447737340e-01
    5.5876211602626166e-02
   -1.0317705516497737e-01
   -5.5461286204532757e-02
    3.2997644128658264e-02
   -4.9507637269156628e-02
   -5.3193732604264812e-02
    5.6186173926126383e-02
    1.7132776795903043e-01
    1.9795170783296432e-02
    3.1117217664046754e-02
    1.7298009241816434e-01
    3.7099336280586759e-01
    1.6958976063297496e-01
   -2.3019496266336669e-17
   -2.2707693525659503e-18
    2.0897426810292174e-17
    2.0508825259231365e-17
   -1.2604345174633096e-17
   -6.9892399286383404e-20
   -1.5355659542900058e-18
    8.8681655145083386e-19
    1.9049493972987141e-17
    1.1535081117859062e-17
   -1.2603343568971916e-17
   -7.4470687687346334e-18
    2.2793458154885929e-18
    2.5132618900409226e-18
   -5.9561555642368234e-18
    1.2132119307551434e-17
    1.8577974967114913e-02
   -5.2950442288094576e-02
    5.7016602217026993e-02
    1.7062852687976521e-01
   -5.6356737329307703e-02
   -9.9140425108112273e-02
   -4.8551938581051397e-02
    3.1044002383210860e-02
    5.4603118823212227e-02
   -5.0710556097914014e-02
    2.0595224109123844e-02
    1.7167460354847175e-01
    1.7229924839880412e-01
    3.1121143256979799e-02
    1.6875197948047449e-01
    3.7723902936381354e-01
