2
32 32 
    3.7341384146293322e-01   -9.0494677298105978e-05
    1.6853114919669612e-01    7.9970203860880537e-05
    2.9395212944086375e-02   -1.2545978876556739e-04
    1.7233736908446390e-01    7.9321687464137125e-05
    1.7103946161250014e-01    1.7547910595274761e-04
    2.2280341141421727e-02   -4.5762724036475245e-05
   -5.4344453028972652e-02   -1.2391161988244855e-04
    5.5552708452676104e-02    2.3409882722804704e-04
    3.0212727269789665e-02   -1.4264359639738722e-06
   -4.9169079056899941e-02    3.9711030249849026e-05
   -9.9451969099755053e-02    1.6187494727409635e-04
   -5.4652421004396136e-02    1.1463151116542697e-05
    1.6977307823186757e-01   -5.7137279790611847e-05
    5.7386106245546784e-02    2.7581345935975913e-04
   -5.0499381301774102e-02    1.8950441938508889e-04
    2.2168854237792680e-02   -2.1400607342428015e-04
   -5.3991923655204454e-17   -5.1720383591679652e-19
    2.8548320520617170e-17    4.7043965029597223e-19
    9.5028731538782309e-18   -7.1106185830441787e-20
   -3.1695532823712369e-17   -2.6914952907999241e-18
   -1.8844705705385615e-17   -5.8530382066627215e-19
    2.4148434339343259e-17   -1.3581869974534865e-18
    2.4857760813218226e-17   -5.8234108793497490e-18
   -1.3349291908562200e-17   -6.8294595186128496e-19
    1.9463520532929348e-17   -1.8012149667503115e-19
   -1.7287932723491667e-17    2.1918233725458719e-18
   -1.0677647356678230e-17    1.5941769319783134e-19
    3.0929702583278446e-17    8.4734714932979778e-19
    1.1709876515793719e-17   -6.8773107782753734e-18
   -1.0561852943189982e-17   -1.2294951015184906e-19
   -3.4117339847547458e-17    4.5592660673328101e-18
    2.2553829527270940e-18   -4.2041456163222490e-18
    1.7325797157745032e-01   -4.0890346729928646e-04
    3.7220415348478408e-01   -8.0785295984870585e-05
    1.7256556379534746e-01    1.4935286927638612e-04
    3.1274328898233936e-02    2.3892293882046378e-05
    2.2573820580256164e-02   -2.4492908803960931e-04
    1.6993828992435486e-01    2.1637845512110994e-04
    5.6810935889836732e-02    3.9560504306739876e-04
   -5.5901210765685230e-02    1.1107251105557507e-04
   -5.1589680433114585e-02   -2.5068611690311221e-05
    3.0295892333378583e-02    4.2302956519369545e-05
   -5.1197236546195124e-02   -3.1909546304938522e-04
   -1.0229768981895919e-01   -3.8631568604658925e-05
    5.8744545481179612e-02    2.1720730429031650e-05
    1.6775487597120833e-01   -4.5351743206728697e-05
    2.0535245675955764e-02   -1.2575627034175149e-04
   -5.0731487643982096e-02    2.6997052075292946e-04
   -4.4904408216795314e-17   -7.7248035152939111e-18
   -3.0622378478014456e-17    3.8865828571395962e-18
    1.4036162477409116e-17    6.7468140702954387e-18
    6.9590581653734876e-17   -3.6119695028152635e-18
    3.1397724758675788e-17    1.9718960222470114e-18
   -6.4392504138394460e-18   -5.6207543680098264e-18
    6.9029652852132854e-18   -2.8660173747710375e-18
    3.8106912984169605e-17    1.5001890146233410e-18
    5.6228524641505525e-18    8.2951568540974929e-18
   -5.9396920752650119e-18   -1.4571237582041963e-18
   -3.4330402636258480e-17   -3.6654987322909136e-18
   -3.0840824189463390e-17   -4.8397502022350275e-19
    4.0467951846636981e-17   -4.4122871940162212e-19
   -2.7772759273988310e-18    9.2568705949638694e-18
   -2.4574734455226392e-17    3.1077929641582651e-20
    1.1547202901410069e-18   -3.3859333935780244e-18
    3.1531180729667797e-02    8.0212548624483988e-05
    1.7457830665085849e-01    1.7240878006101264e-04
    3.7432443458153120e-01   -9.0827873624174226e-05
    1.6724925335772439e-01   -1.3275643794580816e-04
   -5.4248188765360764e-02   -1.1420179586884122e-04
    5.9869581604781029e-02    4.6625452991059697e-05
    1.7425956562822797e-01    8.9413823281270718e-05
    1.9607656900738908e-02   -1.1978806778848755e-04
   -1.0008885141862814e-01   -1.1156986526670953e-04
   -5.5918519168762157e-02   -1.5623781014045625e-04
    3.0154660098653495e-02    4.4320116812009120e-04
   -4.6703167627926277e-02    7.2354887905851469e-05
   -5.0079093595001997e-02    2.1605677588776485e-04
    2.0577469462624454e-02   -1.0668587531065935e-04
    1.6684485844911331e-01   -1.1348117671477456e-04
    5.7054678047686359e-02   -1.5893544017672926e-04
   -3.2044243314417520e-17    2.2637279312005269e-19
    6.1647363151866021e-17    5.1854851355234626e-18
   -1.2467299081879770e-17   -7.5409193539661418e-19
   -3.1237468580547934e-18   -3.2213954176163756e-18
   -8.4427644384784550e-18   -1.3179100880650195e-18
   -3.6642163460564802e-17   -2.7163357666164642e-18
   -4.1285832225377366e-17   -1.2201907000062786e-17
    2.2710284000500730e-17   -2.1218752945581889e-18
   -2.7366780571452117e-17   -1.0864571231793413e-18
   -9.1172755631506686e-18    1.0345597700060706e-18
    2.2096576338284998e-18    1.7498341458619130e-18
    5.0116337513665944e-17    6.7334172885406820e-18
   -7.3792530850954514e-17   -9.1130840635128768e-18
   -1.7349253954909744e-17   -6.1605694240392644e-19
   -2.0614478485513044e-17    2.3903233814577932e-18
   -6.6854274849726581e-17   -5.9768137599424626e-18
    1.7218565775647282e-01    4.2469908575820914e-04
    3.1323595512067134e-02   -7.9935141144152003e-05
    1.6711566435901196e-01   -1.4462850198820621e-04
    3.7311158639802955e-01    4.3076844192490740e-06
    5.6132011847982499e-02    4.5918820272345399e-05
   -4.9505159885379207e-02   -2.2487378000696687e-04
    1.9471631386104554e-02    8.4272150295470628e-06
    1.7036210677336830e-01    1.2421499602671397e-04
   -5.3900438192105882e-02   -5.0730440468600379e-05
   -9.8582482393243423e-02   -1.5993645874168335e-04
   -5.0944065888723390e-02    3.4902326728279980e-04
    3.0204811959403850e-02   -7.0923335128373957e-05
    1.8488777220031762e-02    1.4017746123255853e-04
   -5.0288426273743914e-02    4.7952846774438516e-05
    5.5691169736338517e-02   -3.6572778386909326e-05
    1.7032287554596071e-01   -2.5436536705323329e-04
   -2.2161968656693075e-17   -2.6641504940110496e-18
    9.6560891699270513e-18    7.9558958615830401e-19
    3.4744547681594513e-18    3.3631832293247126e-18
   -6.8879749980281354e-17   -1.9668331213211984e-18
   -5.6029301513671409e-18   -1.6670947817592991e-18
    2.4474553189642187e-17    4.7920578802542147e-18
   -6.7817735347294829e-18    8.7248126607037415e-18
   -4.6006390831409552e-17    3.3614115197933447e-18
    1.1431630702491656e-18   -3.0471867222962752e-18
   -8.7586015683605003e-18   -1.7883508118789876e-18
    1.0642709802493508e-17   -4.4804371129361299e-19
    4.4889140697182333e-17    2.4081639063104680e-18
   -6.7533091614762166e-17    5.7967744807817837e-18
   -3.5734036466148847e-17   -2.9839205901822081e-18
    3.5229350941191513e-17   -2.7943623095682034e-18
   -6.4201614320992901e-18    1.0037223757667435e-18
    1.7292599351092941e-01    3.6187851017355861e-04
    2.0102858894667060e-02   -3.9255358252588283e-05
   -5.5876544669165397e-02   -2.2939630470163516e-04
    5.8643952765609644e-02    1.1482526337281275e-04
    3.7688879690413135e-01    1.0693699262309169e-04
    1.7001659990794815e-01   -1.7112335002617045e-04
    3.0487013176631911e-02    4.6719752028953878e-05
    1.7507224800724899e-01    1.8409740235667075e-04
    1.6843846825648690e-01   -2.1815674907216853e-04
    6.0139883942537539e-02    1.6269509295494000e-04
   -5.1252132468718778e-02    3.6461057287099638e-04
    1.9484413947816651e-02   -1.2889851939119893e-04
    2.9782438285092951e-02   -1.0609863042827278e-04
   -4.9505792166341073e-02    1.7334228625293918e-04
   -1.0270488847773947e-01   -1.4428306060944437e-05
   -5.3288892841864291e-02   -2.2267977981499349e-04
   -2.0473434648891814e-17    1.5772399675630354e-18
    1.7537420348524561e-18    2.7172767144721149e-19
    2.4177359690671144e-17    8.9739726095467082e-20
    4.0386947859316790e-17   -2.1181103336210189e-18
   -1.5150616434755689e-17    1.2698759145774464e-19
    8.6120495045410714e-18   -3.6525875481199891e-18
    1.4716574935430523e-17   -2.8301708249761409e-18
    1.5772670348795467e-17   -1.3992551953058560e-18
    7.0844347229958832e-18    3.2371094709942481e-18
    6.8237601268503906e-18    8.3940261934106085e-19
   -1.3138361755727484e-17    9.1024105547770723e-19
   -1.4034696929462148e-17   -1.2028262271087237e-18
    3.0540543108097965e-17   -2.6187348683819888e-18
    3.3209585475971581e-18   -8.7435622239479631e-19
   -6.1792887044732853e-18    4.3921562193241212e-18
    4.1986593716317714e-18   -8.0388149758071523e-21
    1.9643849581807066e-02    3.9492057164656011e-04
    1.6851000598182134e-01   -4.8330659165780323e-04
    5.9586928064914557e-02    3.9387928211736899e-04
   -5.0246844864999432e-02    4.0918753772369623e-04
    1.6999209767827816e-01   -3.7890824945038473e-04
    3.7181935613443529e-01    9.2333331726597280e-05
    1.7062394119398355e-01    7.5426393583997336e-04
    2.8793267253862460e-02   -4.4362737786159156e-04
    5.8425133796456995e-02   -3.1440010382690752e-04
    1.7321169083167215e-01    2.2745346158054578e-04
    2.0918170816174118e-02    2.2379393886195413e-05
   -5.3090563685168388e-02    7.2989169647215941e-05
   -5.1526426084607078e-02    1.7834714277738050e-04
    2.8114541922109427e-02   -6.1447365583748473e-04
   -5.3783772453254976e-02   -1.1656727588347543e-04
   -1.0031384994194807e-01    4.4502565249126191e-04
    1.0128856392977661e-16    1.2537572487700011e-18
   -9.4231033336084970e-17   -6.4618330275188463e-18
   -3.0505940361374495e-20   -1.4854147317542038e-18
    3.7893401066945544e-17    4.8079739844774712e-18
    8.2070594664624481e-18    5.6124918182402121e-18
   -5.3428197214441428e-17    2.6184617739054177e-19
   -1.3632295743455121e-17   -3.7717535357191031e-18
   -3.5114238465845886e-17   -2.8317519234131849e-18
    3.7395828449473516e-17    2.0349976889001374e-18
    2.2592733108839844e-17    1.3355790645204300e-19
   -1.6913928264477139e-17   -2.8269020346583925e-18
   -1.2226320972658318e-16   -1.1673458510115286e-17
    8.4914732543050993e-17    9.7353644122366553e-18
    5.3102026752244967e-17    2.2543784225027398e-18
    5.8949136642619496e-17    3.6536926800693467e-18
    5.7476267892211787e-17    7.1402920987815151e-18
   -5.8610210336342630e-02   -5.9358319538220763e-05
    5.7171537451882262e-02   -1.8797723894482926e-04
    1.7497183839541580e-01    1.8942093338625453e-04
    1.8880795137994965e-02    6.9575092892905428e-05
    2.8822121915043741e-02    3.6572658655790406e-05
    1.7264275790824207e-01    1.0874299865604566e-04
    3.7504038534068801e-01    6.7128425605887706e-06
    1.6815968882317117e-01   -2.1407921338004984e-04
   -4.8237691444725651e-02   -8.5623358654578967e-05
    2.0983025091364328e-02    1.9844100764824561e-04
    1.6826569689496712e-01   -2.3767595822044517e-04
    5.7931802808390519e-02    2.1386041056308166e-05
   -1.0139546583960986e-01   -5.1169079112596659e-05
   -5.2203451487194005e-02   -1.6041574506791434e-04
    3.2386901832163098e-02    1.7090968723868903e-06
   -5.1180155539769789e-02    1.6937981808806251e-04
    3.8976620489733508e-17    2.8254344802696474e-17
   -7.7074886343341747e-18    2.1384436432834808e-17
   -5.2807863471061549e-17   -2.0366855338616332e-17
   -1.4620801166269202e-17   -1.3905259766199331e-18
    1.0494657117023005e-17   -3.6684406155021286e-18
    5.8289808267525331e-18    2.1822424441785101e-18
    5.2083410584081744e-17   -1.8579327264278300e-17
    2.1646361142700027e-17   -1.3653338140564428e-17
   -2.9101730562607830e-17   -1.2083417889947545e-17
   -2.5392447448012447e-17    1.7438147757298409e-18
    1.4667386044501292e-17    1.5325586539980934e-17
   -5.9166644280537119e-17    1.0629658207320430e-17
    2.7682213168386447e-17   -2.9420871169655721e-17
    1.6047333624535182e-17   -1.5411672514976088e-17
   -5.4055774601915158e-18   -1.3920886758934241e-18
   -2.1121863512227316e-17   -6.7085448764477458e-18
    5.5629604744376358e-02   -1.0161006117645062e-04
   -5.4374713139275041e-02   -1.4482219087723168e-04
    1.7777876390620850e-02    4.3595236559036557e-04
    1.7149451574156091e-01    7.0339543433127322e-06
    1.7528270404577154e-01    3.9409950746400920e-04
    2.8935806566834039e-02   -2.6339131950172248e-05
    1.6983802982981247e-01   -1.5895175340627368e-04
    3.8033470084312931e-01    1.0635564972648162e-05
    1.7158644668945667e-02    1.7155159995900634e-04
   -5.2369377997468401e-02   -2.2840345622173549e-05
    5.5992511011096521e-02   -4.7212404116153190e-04
    1.6739455786012636e-01   -2.4727466065608574e-04
   -5.3271111866936408e-02   -1.4646340768569217e-04
   -9.5631645046763664e-02   -9.4394119498176279e-05
   -4.7835325221513812e-02    4.4271766309121418e-04
    2.8718241164199677e-02    2.6994515226241877e-04
   -1.2821257794600018e-17   -1.0207596709306176e-18
   -1.9302201670204158e-17   -4.6318930891397091e-19
   -7.6162703350434241e-19    2.5166344412309071e-18
    3.9385471731354142e-17    4.3350307424254875e-19
    9.9759732726155242e-19    3.3141361998910547e-19
    7.9342347378160588e-18    6.7394584628224890e-18
    5.2870613805906964e-17    1.3117249206201391e-17
    7.0489122023113539e-17    1.1089668182844764e-17
   -1.3532362186026233e-17   -1.8391395957131955e-18
   -1.0038150023939095e-18   -1.0648780209993070e-18
    3.7017431944130644e-18    2.0059167403097418e-18
   -7.8347680835833885e-18    4.3675544982788224e-19
    2.0957991128144225e-17    7.2468758676735708e-19
   -2.7647710969396280e-18   -3.3267036458188499e-18
   -3.8645453159802209e-17   -3.6828755954552798e-18
   -1.9177775140417248e-17   -1.7880919788019156e-18
    2.9443584663486577e-02   -9.5898852351440441e-05
   -4.9265897175733965e-02    1.1189716025466944e-04
   -9.8903769875535202e-02   -1.5190783486109050e-04
   -5.3760920065879590e-02   -2.4569766158816469e-04
    1.7086613020227701e-01   -2.2606685387797205e-04
    6.0531931034417397e-02   -1.6337444404580120e-04
   -4.9263977665587037e-02    2.2661333755303860e-04
    1.7877170610762695e-02    9.2596839522819012e-05
    3.7733367984966415e-01    6.7676068547784792e-05
    1.6909101780671784e-01   -1.6152342111657502e-04
    2.8944397871141732e-02    3.5232331067570351e-04
    1.7430240497569577e-01    1.5347420305642862e-04
    1.7189790222885273e-01    2.0710205182239210e-04
    1.9911894876526608e-02    1.3286264763348935e-05
   -5.3964893481989629e-02   -2.4732757624970479e-04
    5.8680947641774839e-02   -1.5956863140242710e-04
   -1.6146583973955509e-17    4.9521574010615164e-18
    2.6644412023148778e-17    1.1372527697310819e-18
    4.5095224971243828e-18   -3.1640405687366883e-18
    1.0664738782846311e-17   -9.0010914711920170e-19
   -5.2299549020128185e-18   -3.3186025777455870e-19
   -1.4315197763614536e-17   -2.8740832339936059e-18
   -2.7643084358143654e-17   -8.5820829936694442e-18
    1.3793017268665646e-17   -4.4541532929424868e-18
   -8.1333654878857675e-18    2.2155877693144367e-18
    1.2715803358014827e-17    3.1283457295866619e-18
    2.5004280997535137e-17    1.5376626709905026e-18
    2.3844162554984649e-17    3.3390516502491623e-19
   -4.6807704293821230e-17   -4.6538392967802933e-18
   -1.5295008020893390e-18   -4.8226058426515937e-19
    2.0167490109888070e-17    1.5602115947598882e-18
   -1.7780814648598792e-17   -2.0956759757338413e-18
   -5.1044041591002134e-02    3.2762352427685552e-04
    3.0839527744940930e-02   -2.9984958639896843e-04
   -5.5197217878743175e-02   -1.1020324433309374e-04
   -9.8475403128289465e-02    1.9873675378617329e-04
    5.5585235667602664e-02   -5.9711850273529263e-05
    1.6934900902681096e-01   -8.1143914812908320e-05
    1.8811394280999118e-02   -6.6631110909053066e-05
   -5.0068313563617205e-02   -1.0753987325323443e-04
    1.7016899622446033e-01   -2.2655272929056341e-04
    3.7779611029573501e-01    1.4999338903923449e-05
    1.7214270427504158e-01    2.1892856900643129e-04
    2.9666246038540855e-02   -8.7947177992961113e-05
    1.8501318288089576e-02    1.8263449423925807e-04
    1.7203431341418735e-01   -5.0077646609193044e-05
    5.5305674569368989e-02   -1.0729938517574716e-04
   -5.3397475800657748e-02   -3.1792131284142159e-04
   -6.8984769323680228e-17   -7.4877426560019778e-18
    4.8084089598639096e-17   -1.5248215014989173e-18
    1.2227857721706867e-17    4.9589032369088743e-18
   -3.7836852897929995e-17    1.2201123100469490e-18
   -1.9476723538320025e-17   -1.9177963211213117e-18
    2.3394725267151846e-17    3.9001285890561081e-18
   -5.6051675840806324e-17    3.9898621781892879e-18
   -4.0375796268158870e-17    7.1001116194714074e-18
    4.0494036144715339e-17    1.9367162795018591e-18
    9.6924846300474478e-18    9.7036804639314603e-19
    2.2097958482961171e-17   -7.2350164647453525e-18
    9.5319399622101753e-17   -4.7323649197924212e-19
   -9.3897184495205093e-17    8.4145657916454795e-18
   -5.8871075770393091e-17    4.7302052076636577e-18
   -2.8258390098186093e-17   -5.1873727981361881e-18
    1.3472153656071715e-18    5.3207548911332158e-19
   -1.0023876157486829e-01   -5.4261290983867493e-04
   -5.4304444182580215e-02    1.9010338361379248e-04
    2.9211199327994312e-02   -1.8454206728372375e-04
   -4.9820421585404104e-02   -1.6330007522368672e-04
   -5.3602030075319704e-02    5.0712291181389212e-04
    1.9135654537498253e-02   -7.5857857018691584e-05
    1.6935197240191566e-01   -6.1419062771370775e-04
    5.3788637819096929e-02    3.4262092144022124e-04
    3.2022146197426500e-02    4.1653696745878296e-04
    1.7177494358263884e-01    3.4781714653855337e-04
    3.7560807518705169e-01   -5.1457712036851591e-05
    1.6829456691754377e-01   -2.5285939564070120e-05
   -5.2790004938717452e-02   -2.1599844824705993e-04
    5.6830611219380232e-02    2.1973832598950536e-04
    1.7258530413937070e-01    1.7914488686401675e-04
    2.0042886065940690e-02   -3.4479401847830671e-04
   -5.6523374326088135e-17    3.3784578611884751e-18
    1.2056280781858837e-17    1.2627067011548128e-18
   -2.6779614481383249e-18   -3.0327763970573220e-18
   -1.4949286684410383e-17    2.9212064385619283e-19
   -9.5843847516104061e-18    1.4760041072840668e-19
    7.0820004956170540e-17    8.4998475878347057e-19
    3.9359059127138372e-17    2.2706475999721875e-19
   -2.7316310010979179e-17    7.0842173027226797e-18
    1.8605185478438204e-17   -3.6737069913466292e-18
   -1.3922042280461109e-17    2.7615351491462322e-18
   -1.3361828316079770e-17   -4.2463620377190522e-18
    2.5761595916120285e-18    3.0033703351118058e-18
    1.2528305155468860e-17   -8.6696678091841917e-18
   -3.2970778436674227e-17    1.0465378556361624e-18
   -4.0822808213592485e-17    6.8576896012216344e-21
    8.3902190095923254e-18   -1.7893032918208960e-18
   -4.9522232403253229e-02   -3.9784499697753781e-04
   -1.0124638971684896e-01    1.1196468963628858e-05
   -4.7432024738131219e-02    3.5379347231614689e-04
    3.1289041121346325e-02   -6.3559330829344967e-06
    2.2665383153331758e-02   -8.7826938684613094e-05
   -5.5572189325888907e-02    4.4602700247421860e-05
    5.6116758755191856e-02    1.3656366768513304e-04
    1.6775351861380455e-01   -6.2190529501519033e-05
    1.7299523874683267e-01    3.2550819855194828e-04
    2.7289132569074115e-02    8.9646887587956206e-05
    1.7002811246605504e-01   -3.6600035239382474e-04
    3.7208173414098988e-01    3.0880530338996774e-05
    5.6624839192333666e-02   -2.6469741947740327e-05
   -5.5093009851067409e-02   -5.9794280606955424e-06
    2.2755474841579491e-02    1.1191230001824524e-04
    1.6926461051827654e-01    1.1116892819716182e-04
    1.1681889832591231e-17   -2.5407120958920575e-17
   -1.7038127661729277e-17   -1.7770444745089367e-17
    2.6749946751549345e-18    1.0360995685843885e-17
   -5.9088873276854279e-18    2.2676234564790641e-18
    1.5942963482514181e-17    8.0235857279653367e-18
   -9.8310119943373267e-18   -3.6997455047065311e-18
   -4.6438037297858878e-17   -1.3913304518739945e-18
   -2.2667691008562393e-17    6.3259621430850333e-18
    2.8942569945217449e-18    1.1744089816429432e-17
    2.8356433152383946e-17   -1.3178661503322403e-18
    7.3905613812339532e-18   -1.4168180123500062e-17
   -2.9546339902510265e-17   -8.0032590381292047e-18
   -3.3361170375357311e-18    2.1758174934165265e-17
    5.9642200064066973e-18    1.4465934597765475e-17
    1.5545146076975970e-17    2.6708216136561579e-18
    4.3709003005242266e-18    7.1046528054800605e-18
    1.6421907217736195e-01   -2.5522461510301856e-04
    5.7244384499582045e-02    1.5561257590717797e-04
   -4.6470229386634351e-02   -2.3203352536264620e-05
    1.8276177838907497e-02    3.5041177580055458e-06
    3.0430536582485478e-02    1.9158563391171856e-04
   -5.0966370327571044e-02    1.0136550365036690e-04
   -1.0077739417966051e-01   -1.6476406011939636e-04
   -5.2132549463995738e-02   -1.1364179592794117e-05
    1.7434356612484425e-01    1.4335477861277782e-04
    1.7470166811756341e-02   -1.0186853819868918e-04
   -5.5883021455519100e-02   -2.0681519294890209e-04
    5.8733225414385068e-02    4.2566340379442153e-05
    3.7223929482285401e-01   -1.2186213092687224e-04
    1.6823226775324659e-01    8.3655103370889781e-05
    3.3155285614028543e-02    6.4525453309300642e-05
    1.7125205595508636e-01    1.6829316738451279e-04
    3.6878308488174690e-17    3.0271687754104634e-17
    1.0190355038352656e-17    8.1908499647389065e-18
   -3.0642122917218712e-17   -1.3309299900499765e-17
    2.9763392430144820e-18   -7.3510909005813894e-19
    1.8792663990047416e-17   -4.4854674302216694e-18
   -1.6175815973972235e-17   -1.2247018222795288e-18
    1.7980520846477821e-17   -7.6253499245301772e-18
    2.4461426833223532e-17   -8.3899316534574890e-18
   -1.1622044298681530e-17   -1.0511006808945334e-17
   -3.5944360469810587e-19    2.0925339215072296e-18
    2.7175610181231362e-18    1.3727311043644779e-17
   -3.7254851253858186e-17    8.3971945673892739e-18
    6.8950514654843535e-18   -2.8887328709738031e-17
    3.6561751463906865e-17   -1.2668736874634476e-17
    9.5237346372491516e-18    2.7230129279711198e-18
   -5.1882934369609045e-18   -6.9776578509774943e-18
    5.5068732907054455e-02   -2.0798348863462174e-04
    1.7150312458750766e-01    2.1273144855372102e-04
    1.6913387675435394e-02   -9.7799394539700366e-05
   -5.4576975286364370e-02   -3.0040214284164012e-04
   -5.2781279894129896e-02    2.3234490989818604e-04
    2.9694972445861119e-02   -1.5681554547200658e-04
   -5.2257442714717620e-02   -4.0893724563380719e-05
   -9.6927821419419441e-02    1.5370437151957794e-04
    1.6308550579127411e-02    2.2772402054166923e-04
    1.6852223223863344e-01   -4.4333872405346344e-04
    5.7440700639326658e-02   -1.7212176687676043e-04
   -5.1058573731010116e-02   -2.5396746767673015e-04
    1.7002014082880940e-01    2.3550519892237222e-05
    3.7759822069026439e-01    8.1983556576825770e-05
    1.7395520603960504e-01    1.9538510241585050e-04
    2.9990028787881391e-02    2.5076779236337684e-04
   -3.4287810502574708e-17    4.9424368381584765e-18
    2.8770466663245142e-17    2.1286807436647916e-18
   -5.5133310741182137e-18   -2.1983972768655340e-18
   -1.4719071592400512e-19   -4.0245001272551975e-18
    1.0595600792496022e-17   -5.5774184058206052e-19
   -3.7133742053969028e-18    2.8778336392287073e-19
   -6.4172112341404451e-20    9.6488869414247880e-18
    3.8711161700102467e-17   -5.7152483465354885e-19
   -1.7913519172020659e-17   -6.0447854560568289e-18
   -5.2422022708412535e-18   -4.1021439642220526e-18
    7.4184533349396481e-19    1.9374715989381127e-18
    4.5751686792775656e-17    4.1002595031205421e-18
   -2.7252522814653456e-17   -3.0181456201403680e-18
   -3.3149380181431753e-17   -4.6126015127630974e-18
   -2.5357866326655133e-17   -2.2286153268996695e-18
   -1.8214764286998603e-17   -1.2599542400322129e-20
   -5.1888289018093905e-02    3.6080072041397396e-04
    2.0804182106433460e-02    3.1398263497172296e-04
    1.6688346929695280e-01   -3.0496803840374820e-04
    5.6549866064442768e-02   -3.1976017634323904e-04
   -1.0163503490287576e-01    2.1356128710152484e-04
   -5.3105343187307127e-02   -1.9060839498279437e-04
    3.1708790749956535e-02   -9.8613479592091842e-05
   -4.8321583346618513e-02    1.4763035008189703e-04
   -5.6356895213078004e-02   -2.3963106248831560e-04
    5.7738281887898979e-02   -3.3184685345291794e-04
    1.7256474907137118e-01    3.5554054968357432e-04
    2.0821821830908471e-02    1.6882933887034938e-04
    3.2175118451395382e-02    2.0549421482661312e-05
    1.7485125183501599e-01    7.4643609188916351e-06
    3.7604059182055594e-01    7.8942618831525801e-06
    1.7228584351687712e-01   -6.9683778141674783e-05
    1.7145916418557812e-17   -1.6356283371830503e-18
   -1.9861985574531623e-17   -5.2842504557329971e-18
    2.0325623035634011e-17    3.9332160350387207e-19
    3.3347232672597997e-17    2.2384300437000179e-18
   -3.2628624476646312e-17    1.8956690839112227e-19
   -1.1668213531592893e-17   -1.5281998768096838e-18
    2.6096921975167682e-17   -9.6286153855940358e-19
    1.8425737618507894e-17    3.3466487228823302e-18
    9.5091241721780557e-18   -3.4907601825515318e-18
    2.1165081893307859e-18    8.4392744552878005e-19
   -3.0508291366548246e-18   -2.6100654213784525e-18
   -2.4759674273017206e-17   -1.6856577104875204e-18
    6.3255079019579929e-17   -5.0549680060670336e-19
    1.2268027018996601e-17    2.3773008156900412e-18
    1.3402876869600454e-17    8.8735560100623987e-18
    2.9447368820103642e-17    8.8007899879120614e-19
    1.9720588248475834e-02    3.9429862865223369e-04
   -5.3327042570212813e-02   -1.0215857339227700e-05
    5.9557879607034500e-02    8.4473150876579909e-05
    1.7145682826165809e-01    1.1955474610331779e-04
   -5.3219507927469732e-02   -6.7292565319773678e-05
   -1.0384016357079469e-01    6.2356521164381776e-05
   -5.4790517118191759e-02   -3.6165483731806946e-06
    3.1800875507099563e-02   -2.1047035864820910e-04
    6.0527121833377308e-02   -2.6126707225590425e-04
   -4.9679326076263006e-02   -5.8290249562097258e-05
    1.8386580795449144e-02   -2.9807779453248222e-06
    1.7087233585550166e-01    1.1347794871404020e-04
    1.6987328081067096e-01   -2.1519835376690688e-04
    2.9586203300404325e-02   -1.4245513589597502e-04
    1.7112868184601893e-01   -1.1261468553661673e-04
    3.7416503804323131e-01    1.1067517318018300e-05
    9.5845773799770779e-17   -1.0856973486684705e-18
   -8.4950435302370718e-17   -4.8257948313515120e-18
    4.4890380768903653e-18    5.2606828569520525e-18
   -7.0686055201153877e-17    6.6163775397169263e-18
    2.1982248770608915e-17    2.9981753296349557e-18
    9.2592682154004484e-18   -1.7542078445735487e-18
    2.5838110906399201e-18    7.3828664598294397e-18
   -5.5482062434822490e-17    2.6407463693960481e-18
    1.5292297911811154e-17    5.6479091796313327e-18
    2.9644511786383989e-17   -6.6870532845925167e-19
    5.8508328605830967e-18   -1.4507983196910033e-18
   -5.9140901806036223e-17   -1.0988234477196802e-17
    2.0522347511997355e-17    1.5949503571743926e-17
    3.3329473884007080e-17    1.0036730228172649e-18
    7.9023084576584566e-17   -2.5432615211079515e-18
    1.2193963432909824e-16    7.8535894252506075e-18
    9.1350450177386043e-18   -3.6150127868913661e-19
    3.4598412760733622e-18   -1.3088093169627463e-19
   -3.4385617983626827e-19   -3.3327833800731551e-19
   -5.4569294079937198e-18   -3.9004171588016851e-19
   -1.7541200813227891e-17    4.3077982298953944e-19
    1.2632185648390610e-18    3.9858573045731197e-19
    8.4744211798896660e-18    1.1039192892234032e-19
   -7.7562118656179985e-18    5.0386145265890590e-20
    2.7256097576056417e-17   -8.8343685309951081e-19
    8.2623166532376899e-18    1.1101995714579997e-19
   -1.0808072328285352e-17    6.2570459789672852e-19
    9.3130158990280270e-18   -3.7120789806306261e-19
    1.3352008442766269e-17   -2.9428277986371820e-19
   -6.9293066257456390e-18    4.1310276890985965e-20
   -1.1761662762225941e-17    3.2174519809662230e-19
   -1.6920962527450860e-19    1.3171603731001586e-19
    3.7615654063125781e-01   -4.4826688755914004e-05
    1.6851308606022267e-01   -1.4172059970166701e-04
    2.9891857967376884e-02    1.6179828846026252e-05
    1.7210369639205964e-01    1.9629538607002773e-05
    1.7567800147127974e-01   -8.0436099161856840e-05
    1.8142378687930210e-02   -9.0460240979526980e-05
   -5.3469173827232985e-02    1.4917797089928763e-04
    6.1453931632340440e-02   -8.5723046254569296e-06
    2.8720400021132290e-02    1.7991132944523165e-05
   -5.0437100025427437e-02    1.2551057680224362e-04
   -9.8697793510656856e-02   -2.0355444345287717e-04
   -5.3755590430032474e-02   -1.3799414438759276e-04
    1.6670855479354121e-01    1.6876745614592643e-04
    5.8475892570716281e-02    9.3615142280235137e-05
   -4.9281078780124762e-02   -9.0683616070815699e-05
    1.6919761121578496e-02    9.1055204400082378e-05
   -1.1643791781168226e-17    4.7162094424762782e-19
   -2.4085093736571648e-18   -3.1864523182409337e-20
    5.7100223556651048e-18   -6.0056174954154528e-19
    2.3328661991474854e-18   -6.4260260303267398e-19
   -3.2263473057290486e-18    4.7150170524617929e-19
   -1.7529956795985637e-19   -7.6395743817808056e-19
   -1.3630558634232308e-17   -8.5124567667908372e-20
    1.3111381518095948e-18    9.2968847797675049e-20
    8.3626181006132606e-18   -1.8773692436026822e-19
    4.7054095592036993e-18   -2.1684298276228472e-19
   -1.2651107136975718e-17    1.1087695629572995e-18
   -1.5152175640070510e-18   -5.3493499696006766e-20
   -1.7042393924021357e-19    2.8615746840449932e-19
    5.2987148038982737e-18   -2.2073783875997485e-19
    3.3282592302944473e-18    1.1198190919810150e-19
    2.6807843460737719e-18    2.3895714805992779e-19
    1.7119250571397784e-01   -1.7485867171848846e-04
    3.7615330117440504e-01    3.3059856579979714e-06
    1.6905857238385924e-01    3.4647279879997654e-04
    2.8183939682164982e-02   -4.9453902791086424e-05
    2.2249724646324659e-02    5.9127442060294977e-05
    1.7355661311224513e-01   -1.1610962092066309e-04
    5.6187543213385940e-02    3.0014447174901228e-05
   -5.2506506112203574e-02   -9.4472861397061468e-05
   -5.5019426755658338e-02    3.3636770673539922e-04
    3.0933220930555540e-02    1.0442077819302500e-04
   -5.1574832672398152e-02   -2.1134121020894287e-04
   -1.0059478428604311e-01   -6.8758701166085067e-05
    5.6777120318140348e-02   -2.0338626725123222e-05
    1.7009739285296219e-01   -5.7020815754813728e-05
    2.2395597023077800e-02    4.2674383782345217e-05
   -5.0827048785577797e-02    2.7615139494279415e-05
   -3.1696434434535944e-18   -7.4648758379660889e-20
    5.0696870464151746e-18   -8.1028170635643267e-19
    6.5117855572119527e-18   -2.6749415105562585e-19
    3.7129202798384275e-18   -6.4072475225204544e-20
    6.1913824540852378e-18    2.0095212806950323e-20
    2.7512252763973864e-18   -6.3214662878337830e-19
   -4.4097509212488150e-18   -5.1004714003928350e-19
   -6.3573495111732323e-18    4.4695487450302782e-19
   -1.5071422205936352e-18    2.2820468841889145e-19
   -4.9795502498029143e-18    5.4466197076844652e-19
    2.2709450953497374e-18    6.1478710185125453e-22
   -4.1282276770033363e-18   -1.1434789997371074e-18
   -5.5427094379687268e-18    3.6236407841942811e-19
    1.1761878667942445e-18    6.5257760055938253e-19
    5.6403608806417145e-18   -1.6082749739884094e-19
    1.6993340392418885e-18   -1.1563395117983042e-19
    3.1327819379000942e-02    6.1238371556255515e-05
    1.7139793009961596e-01    2.7617709064528605e-04
    3.7381714334741634e-01    3.7912589201968648e-04
    1.6937351544944826e-01   -5.6457565891176100e-05
   -5.6135650461955192e-02   -2.9912072961666509e-04
    6.0267315468560609e-02   -6.5668999330566202e-04
    1.6999301219890539e-01   -3.4986287003604219e-05
    1.7505811043832815e-02    2.8583876596579753e-04
   -1.0088082432233114e-01    4.6794121228768573e-04
   -5.3164699184371209e-02   -2.5546744257367600e-04
    3.1384165890744144e-02    3.7265127410680059e-05
   -4.7518660148177280e-02    2.1634908049104621e-04
   -4.9807675836128884e-02    1.3449045053097260e-04
    1.8539668391273034e-02    2.6541511888551322e-04
    1.7027081885035009e-01    1.0692466212968238e-04
    6.1751394434521233e-02   -4.1459974946892462e-04
    1.1178384595360006e-17   -1.5490431232362398e-18
   -4.0136682297824805e-18    4.4110336626697023e-19
   -1.3464128160643152e-17    2.9163377270011679e-18
    5.7508936281055599e-18    7.5174423477561410e-19
    1.6514602399359023e-17   -1.0116145680001283e-18
    1.2922493586374171e-17    1.7004052188771012e-19
   -1.2932407326074074e-20    8.4348268436714140e-20
   -1.6576398043943757e-17    6.6738359138298686e-20
   -2.2762103656128427e-17    1.1406089736059796e-18
    7.2175611413623564e-18    2.6137579190685846e-19
    2.9279891785593814e-17   -1.7064925461269853e-18
   -7.9621281070104721e-18   -6.9848884415924031e-20
   -3.2493669594997892e-18    1.2257890198238674e-19
   -8.0894531722327408e-18   -1.0919017339778540e-19
    7.5267404595135564e-18    3.3340788956683999e-20
    5.1963946731487217e-18    7.1898744843431244e-20
    1.7093749707070582e-01    1.6653657687213736e-04
    2.7944064842026366e-02   -9.9771279033228547e-05
    1.6966139957396958e-01   -3.1016516845873822e-04
    3.7988587476659164e-01   -1.0900167111135006e-05
    5.7388391364662797e-02   -3.1184690810122429e-05
   -4.8890674544530964e-02    1.0443245630507533e-04
    1.8621040886918523e-02   -6.6158984314545560e-05
    1.6761046438329966e-01    7.6249149001837799e-05
   -5.2789410316560828e-02   -1.4840559930399139e-04
   -1.0086672885129648e-01   -1.2615904809075348e-04
   -5.1112101814318467e-02   -4.8690255762484694e-05
    3.1094889429399485e-02    2.6721956028427624e-05
    1.6658579591627087e-02    5.2811774880170967e-05
   -5.4414466842075036e-02    6.4955419504389862e-05
    5.6477474161715113e-02    4.9827473491693345e-05
    1.7532824725349866e-01    2.6806206809053734e-04
    2.2687756229127932e-17   -3.5722820215534626e-19
    1.3871300294126916e-17    3.2022708605498307e-19
   -1.7667978274293160e-18   -1.4134952755821653e-19
   -1.8487289489474438e-17    5.8602579523754482e-20
   -1.4887258753589946e-17    5.7951084941572645e-19
   -8.8927684952991965e-18    1.5070186400610742e-19
    8.1055274019164233e-18    2.3353572290150925e-19
    1.0095345541399174e-17    2.5026774730678070e-19
    2.7468528644964485e-18   -1.0127386285288129e-20
   -1.5560338222744542e-17   -8.8417315336975212e-20
   -1.3795870557328176e-17   -1.3013624779066504e-21
    9.8645838955257415e-18   -4.2336923880938510e-19
    3.6548018155939741e-18   -2.9313980524914567e-19
   -1.8265177022329361e-18    2.1974903240069655e-19
   -9.1000978830944600e-18   -2.4806649866702487e-19
   -9.6436366288115518e-18   -6.2109134740771445e-19
    1.7155737293806261e-01    1.0709434900631875e-04
    2.1633065753428368e-02    4.2037904576257206e-05
   -5.2336843193002837e-02   -5.9311159837125742e-05
    5.4324003587522540e-02    1.2203111398063795e-04
    3.7097468592505423e-01   -1.5366548834268599e-04
    1.6853758753121123e-01   -2.4132612108004685e-04
    3.4863980086852882e-02   -3.5026296390800567e-05
    1.7247793385561674e-01    2.4230676416800017e-04
    1.6982689990693023e-01    6.2143925970312597e-05
    5.6006946451499749e-02    6.4132534050367733e-05
   -5.2320617321458630e-02    9.2783770126270856e-05
    2.0895760414537414e-02   -7.7079701184550809e-05
    3.2402458613934947e-02   -3.3254010949957158e-05
   -5.0187571180436041e-02    2.3872610596648920e-04
   -1.0408829355319889e-01   -7.2616063492097590e-05
   -5.6568294912537745e-02   -3.0580598834524292e-04
   -3.0703740027609506e-18    2.1300934438331917e-19
    4.2231296325917245e-18   -4.7453237087464790e-19
   -4.8009461619608394e-18   -2.8605662084727461e-19
    3.5741950438283931e-18   -2.7719785879076965e-19
   -1.0320225706497516e-17   -3.5209472726514862e-20
   -9.5475659526066662e-18   -6.2593257026450605e-19
    1.1441829052170089e-18   -5.1739815032918772e-20
    1.6096048187039130e-17   -9.1181143014829176e-20
    2.0261080000379389e-19   -1.3299398973576147e-18
   -4.8772571190610851e-18   -1.1323477958839202e-20
   -3.3884785075674932e-18    9.8647110978672673e-20
    5.7561950731740939e-20    2.6676828358372763e-19
   -2.8794540078667918e-18    1.5552245612927209e-19
    1.0066941420627770e-17    9.3607252101997185e-20
   -2.4326260402722418e-18   -1.6897298616858728e-19
   -5.3435763176191726e-18    1.5094950304216043e-19
    2.0211729969098563e-02    3.0255946304898445e-04
    1.7380406428816744e-01    1.9580584854811005e-04
    5.5356572251167913e-02   -7.6061574494601118e-05
   -5.4377808179862167e-02   -1.2791532990833764e-04
    1.6954944718618212e-01    7.2658205444379385e-05
    3.7870033656989099e-01    5.2977160064435689e-05
    1.7283978416536522e-01   -7.2841348829904743e-05
    3.1205318811175831e-02   -2.9118885208813621e-05
    5.7071448853271603e-02   -9.2811670617861511e-05
    1.7065711722059534e-01   -1.4908758038783271e-04
    2.1030757822537435e-02    5.1866166424177781e-04
   -4.8105846296527879e-02    1.4021264049142559e-04
   -5.1854410359369017e-02   -1.3167574632269368e-04
    2.9117652978607321e-02   -4.1170769461683387e-04
   -5.5539926993317626e-02    4.2785556112396914e-05
   -9.9824208326236327e-02    1.3565843030011911e-04
   -2.4187275140803505e-17   -3.7629211753734388e-19
   -1.1874676629100355e-17    3.9654602634828514e-21
   -8.5545647286031527e-19   -7.0430435089278602e-20
    1.2361666291964131e-18   -2.0689466649269772e-19
    4.5671568948250721e-18    3.5198382367299141e-19
   -4.4646401323415864e-18    1.4415447235426535e-20
    1.2476621153831478e-17   -1.8412372457994892e-18
    1.5154862442381667e-17   -4.5911411525286911e-20
   -8.0276213347203836e-18   -4.3607057162613061e-19
   -3.8669500835316069e-18   -2.3315392783651804e-19
    3.4664198797054640e-18    4.8068519277914238e-19
   -5.8478333197507501e-18   -4.8186661997573691e-20
   -1.2606622768279720e-17   -1.7570563694306038e-19
    9.5433145044799539e-18   -3.4178141970244840e-19
    7.8440068552972139e-18    5.4303726396861873e-19
    1.0981257866210657e-18    4.5356527642506332e-19
   -5.1844376280173986e-02    1.9665110362991643e-05
    5.6846004247693441e-02    1.3303842482571452e-04
    1.7303557310328305e-01    9.8261404195387324e-05
    1.9312344590155798e-02   -8.5914118205811978e-05
    3.1862867869313971e-02   -6.3759718001642879e-05
    1.7120064179364919e-01    2.5241792339194971e-05
    3.7396977202178483e-01   -1.9923064731859561e-05
    1.6843542120574398e-01   -1.7070986801395711e-04
   -4.9199129013823666e-02    2.1528730393436535e-04
    1.8456263448371042e-02   -3.4811972087843728e-05
    1.7083222137962450e-01   -1.3652622545818431e-05
    5.8345172360103094e-02    1.6025322262887905e-04
   -9.8729443063144184e-02   -5.5735419857710564e-05
   -5.4089415982113066e-02   -1.2273875628668207e-04
    3.2705559966143619e-02    1.5955502949452365e-05
   -5.0018381515425384e-02    3.6545141424983944e-05
   -5.2417578101485166e-18    2.5547698667588496e-19
   -8.1026053387006800e-18    2.1951898243795324e-18
   -4.6800723061547873e-18    1.1711165285592765e-18
    1.7743990299584474e-18    2.5646418778652849e-19
    3.2728992295256957e-19    7.2545407952481535e-20
   -5.6563717502794206e-18    1.6739928443716206e-19
   -4.6038554732075534e-18   -7.4039619181383940e-19
    8.4453597715079280e-18   -2.3651535148833194e-19
   -7.0598862109035465e-18    3.3851270651282542e-19
    6.8925293055323460e-20   -5.0640722847327529e-19
    3.7758380835134934e-18    4.7269301221836038e-19
   -7.0667599579501110e-18    5.2124037049355052e-19
   -1.4866193695590933e-18   -7.6397599086021885e-19
    3.9176866334198153e-18   -9.4763112650844311e-19
    6.3913133660475321e-18   -6.1730048354646658e-19
   -1.2639208041879021e-18   -2.1821656841647887e-19
    5.7197272431518321e-02   -1.7419322769671660e-04
   -5.1152864894110431e-02   -3.2606040868222183e-04
    1.8973453030781899e-02   -4.2435474974524467e-04
    1.6933478195714508e-01    5.1078939739989313e-06
    1.7194741826511267e-01    5.6537803589744210e-05
    2.9312194176092026e-02    5.0619780977091515e-04
    1.6718928735590882e-01    3.9070432056032458e-06
    3.7156657992408021e-01   -2.1768844330914526e-04
    2.2643909934650503e-02   -4.8410615256991885e-05
   -5.1431421599977559e-02    1.4811139269371758e-04
    5.5076437450257712e-02   -2.1213324530446235e-04
    1.6932564122369417e-01   -2.8617368497514370e-05
   -5.1211678096872049e-02    3.6956230694768704e-05
   -1.0028837333263083e-01   -1.0041572702527541e-04
   -5.2550237839424196e-02   -1.3919999485365568e-04
    2.9835271046175386e-02    4.6564721879612176e-04
   -5.4659236287636654e-19   -6.9405312141830898e-19
    1.6019043587823488e-18   -8.4552584868805106e-19
   -4.2965936124878041e-18    8.5467402566446774e-19
   -3.7674341503120367e-18    5.3895011526518128e-19
    1.5037402559121445e-17   -6.9669807840022022e-19
    4.1101439419936558e-18   -2.4984344593729228e-19
   -1.1488365463107452e-17    4.3778188265468375e-19
   -8.5705747797233984e-18    1.0037775575971011e-19
    5.9644692236606455e-18    1.1339500232056954e-18
   -5.1083504453094240e-19    1.8650926872032370e-19
    2.7353101885094626e-18   -1.2292293197283431e-18
   -3.2176679801594290e-19   -1.5602910978548842e-19
   -3.2640484674647974e-18    2.9487783146744220e-19
   -2.9150320784631964e-18    6.1876247003089403e-19
    7.3781978115714169e-18   -2.1168850020389592e-19
    4.5697646052727310e-18    1.7876537721233202e-19
    2.9097748880918772e-02   -7.6639502908235397e-05
   -4.7611362378647937e-02    2.0255326582694898e-04
   -9.8220755605507498e-02    3.7295573946506552e-04
   -5.3461078703032981e-02   -6.7451056160179265e-05
    1.6422751812325453e-01    8.8015923915492496e-05
    5.5448620664102131e-02   -8.1891780879753416e-05
   -5.1046977116131341e-02    4.2046811556285902e-05
    2.1187114934273908e-02    4.7920706637358567e-05
    3.7278037928481494e-01    8.4774430212113423e-05
    1.7116203270358604e-01   -1.4072444209462098e-04
    2.9089187618878642e-02   -5.5917047058687229e-05
    1.7315011357495444e-01   -3.4770940602699198e-05
    1.7327918141646265e-01    3.3432927974460635e-05
    2.2553552658034295e-02   -7.1067588487280139e-06
   -5.5461268493080515e-02    2.0236904212780297e-04
    5.4585197292522980e-02   -2.0252054297275292e-04
    9.4537505716044483e-18   -1.4122184621548436e-18
   -1.3958783674250852e-17    1.0363754564539853e-18
   -4.0587661851894548e-19    1.5018155711342623e-18
    4.0306683544057849e-18    8.8782194074110493e-19
    2.7519456844245907e-17   -1.7306667553085153e-18
    9.6713581635697276e-18    3.9262557734770430e-19
   -1.9233752782239008e-18    2.1318479136844758e-19
   -2.6183471447245223e-17   -1.9077020462617845e-19
   -3.3927476040655127e-17    3.6453036724122192e-18
    2.2723549405418530e-17    4.5437764813889687e-19
    3.6645765071049281e-17   -2.8836956026102165e-18
   -1.3586119133617510e-17    1.7398594822219162e-19
   -1.0497621961481460e-18   -2.6772426764926586e-19
   -1.3776258284522489e-17   -3.6700040341986347e-19
    4.7162788257197809e-18   -9.3626017796946045e-20
    5.7064806691545402e-18    1.5968194369351543e-19
   -5.1468433028032001e-02    7.7100499851634276e-05
    2.8974294030895596e-02   -2.2199763020570737e-04
   -5.0511593805406693e-02   -4.6449773569964489e-04
   -9.5349023396711405e-02    1.3936892640411229e-04
    5.6239940253575316e-02    1.6163010448247769e-04
    1.7192987301969576e-01    4.0934606889463359e-04
    2.0013403996137831e-02    1.6357713067459859e-04
   -5.3822651454480876e-02   -1.3144758648553603e-04
    1.6997230158771609e-01   -3.6087635769900767e-04
    3.7571285535297005e-01    9.3491657551405296e-05
    1.7054221347812734e-01    5.9627840343698480e-05
    2.7969032865413402e-02   -9.7956915657957289e-05
    1.9817780740746138e-02   -3.8364230678230052e-05
    1.6779066763945075e-01   -2.4195685999190471e-04
    5.4929730860566572e-02   -1.5470889227712344e-05
   -5.0865146308804267e-02    4.6677033414005301e-04
    5.1788734392286650e-18   -4.0022553231804829e-19
   -3.9242005349618529e-20    3.0344874663422258e-19
   -5.7080131799323006e-18    2.6224876122227074e-19
   -1.1957495391614248e-18   -1.7760246071146704e-20
   -5.1152162116170133e-18   -3.6232667248012376e-19
    2.8638092342891477e-18    1.8604789186001558e-19
    3.6779466102614853e-18   -1.6356758941569788e-19
    2.4056353812676428e-18   -2.8763271295691739e-19
   -2.1618506902738542e-18    2.2136791363091248e-20
    2.6629828237844396e-18   -2.1642915462112310e-20
    7.8581406385461825e-18   -7.4229055504788243e-19
    1.2133665520718107e-18   -5.6348879316306179e-19
   -6.9395858142851430e-21    1.7427229149317756e-19
   -9.9194197466916558e-19    3.8873237968827927e-20
   -4.1647325534539686e-18    4.1276827138612509e-19
   -1.2714316269848213e-19   -2.3653609587970026e-20
   -9.8966378821240347e-02    4.9446830543584821e-05
   -5.5138633864215039e-02   -2.3744493976002929e-05
    3.1970160160205374e-02    1.2554934293670339e-04
   -5.1480686829417754e-02   -5.2572816153807898e-05
   -4.7297311853050333e-02   -2.0002299065840145e-04
    1.6834219286469505e-02   -2.5939406544102719e-04
    1.7155543609937013e-01    9.4053151973850793e-06
    5.7844827195567813e-02    4.1334464540778763e-05
    2.9542072741701127e-02    1.8059793433584565e-04
    1.6996364664803654e-01   -9.8693946849811459e-06
    3.7720638516056720e-01   -7.4314177388087787e-05
    1.6515919591286587e-01   -7.6699099479781433e-05
   -5.3589061649734059e-02    1.3433184802289568e-04
    5.9249987643885241e-02    2.8469395760194959e-04
    1.7540063952742443e-01    3.0885828306023929e-05
    1.4588484304589058e-02   -5.9515436004902323e-04
   -6.7447179599815736e-18   -1.1892781387379253e-19
   -1.7431849782834263e-17    3.7200590598591753e-19
   -4.8879974486727677e-18    8.8097546709088103e-19
    4.2965618335922149e-18    2.5129408653514659e-19
    5.7469416968529500e-18   -4.9916593424662725e-19
   -5.8578115157403769e-18   -2.9863594457316933e-19
   -1.2187672840032822e-17    2.0895226734432791e-19
    2.6623437016328301e-18   -1.4902551457620189e-20
    5.6256915668017887e-19    1.9977719642440637e-19
    2.7856975924255234e-18    1.4139946625613924e-19
    1.2406069333624661e-18   -4.8022630319588359e-19
   -1.2099509287751043e-17    7.7354192108459555e-19
    2.8269554278996727e-18   -2.2589004783803720e-19
    9.7912903810138807e-18   -8.7853157809876051e-20
    8.0703363815565634e-18   -1.1746606398747284e-20
    1.2137965765980112e-18    2.5806026411414717e-19
   -5.3840150232878060e-02   -2.9041171583552743e-04
   -9.9126851649357278e-02   -6.0104342725242113e-05
   -5.3040508298012080e-02    1.5677606824238743e-04
    2.8357238592668383e-02   -5.9889654334328313e-05
    2.2134559240401593e-02    1.6819891389959935e-04
   -5.0580361065324334e-02   -2.1527146739996360e-04
    5.5297474557246352e-02   -1.3977315186587951e-04
    1.7286607426050526e-01   -6.0422017731015575e-05
    1.6989945078041030e-01    2.5711086936279563e-04
    2.9815525566279200e-02    1.9866056033595252e-04
    1.6971487082291800e-01   -2.0147564461399652e-04
    3.7576025771241905e-01   -3.6443428921759875e-05
    5.6145175735602938e-02   -9.7123257641258546e-05
   -5.1031989520468592e-02    6.7892632941285409e-05
    2.3235966717888041e-02    1.0818346719670903e-04
    1.6871088708910587e-01   -1.2381718416738734e-04
   -6.9498387854066125e-18   -8.9860443778445752e-20
    2.2118022445165702e-18    9.2943702953024193e-19
   -9.4691718049115059e-18    8.1144541993349961e-19
   -6.5867955662668091e-18    6.7271464716704026e-20
    8.6324241783736852e-18   -1.2170316134831488e-19
   -1.3545534555797263e-18   -2.3038646722048345e-19
    2.4248736199280366e-18    4.7169245463370189e-19
    5.8996601600788194e-18   -9.8817619697907769e-20
   -1.6793276821207186e-17    1.1207717913341120e-18
   -1.7873276592385072e-18   -4.6196236893750177e-19
    1.7282251397361068e-17   -2.2305967461614856e-19
    1.6112519217729507e-18    2.5608016259786099e-19
   -2.9154215848845231e-17    1.5120423308999772e-19
    5.2417405936859792e-18   -5.3669279872440151e-19
    9.2070489845259968e-18   -1.9115759546300251e-19
   -5.5890711003580856e-19   -3.7053668267468534e-20
    1.6857721648291174e-01   -5.7476259024982120e-06
    5.6280132065336053e-02    7.0017251196157019e-05
   -5.0022821422490850e-02    9.1266453023499549e-05
    1.7356102297900886e-02    1.0680601197777298e-06
    3.0438529014632287e-02    1.0638365930303293e-04
   -5.5373783626042429e-02    1.6924829572705270e-04
   -1.0103917548939201e-01   -4.1796867660719088e-05
   -5.1125954609411953e-02   -2.7733943146772508e-04
    1.7278016876804375e-01   -1.8828995265606521e-04
    2.2160116863373609e-02    1.8430732668279370e-04
   -5.3243095878890388e-02   -6.8665344927025873e-05
    5.6904347723411700e-02   -1.3203969195779149e-04
    3.7785489527920008e-01   -4.2010331377859471e-05
    1.7227358538230877e-01   -5.7687082757069574e-05
    3.2710438916486270e-02    1.9282958413995051e-05
    1.7051748000212472e-01    2.0931749159912313e-04
   -1.3697983489444935e-18    1.0013831501558358e-18
   -1.6287699556627958e-18    4.5654799866610106e-18
   -1.9224491713447554e-19    1.0152388279232495e-18
   -9.7159940906857175e-18    9.6320323581218592e-20
   -2.3141473973080736e-18    6.5551367017984157e-19
   -1.5565429873184313e-18    8.5435050092009141e-19
    3.2847773829065311e-18    5.5953887101973526e-19
   -3.1796107837504996e-18   -4.3691643475537575e-19
    6.4323318265463117e-18   -4.8075561937062432e-19
    3.2985174149655462e-18   -6.8292616256253442e-19
    1.2636896092557472e-18    9.5869645613275366e-19
    7.9061442353637785e-18    4.1150053617804356e-19
    1.9518975038403105e-18   -7.9594258017173927e-19
    3.6545571725908484e-18   -1.9112884519073509e-18
    2.1986544933239864e-19   -3.5437151256439898e-19
    1.3213274736632663e-18   -5.7967985411510214e-19
    5.7879339188034909e-02   -4.6478203839838303e-05
    1.6947164748627414e-01   -4.8800858947475477e-04
    1.9276955905596162e-02   -6.7212445644959260e-04
   -5.2832363789121074e-02   -2.5067603916577780e-05
   -4.9623676756482271e-02    1.1324114925125347e-04
    2.8575417104901087e-02    3.0240333826168973e-04
   -5.3888671213175886e-02   -1.4187822359553929e-04
   -9.9493543620915337e-02   -1.7747222109508814e-04
    2.0828515218019827e-02   -2.8092567026586620e-04
    1.6993028348988629e-01    2.3601835204734861e-04
    5.7558189481140540e-02   -2.1803964994898212e-04
   -5.4297212903686207e-02   -7.0332970881536099e-05
    1.7029319011082816e-01   -3.8225410330778532e-05
    3.7122860067986641e-01    2.6077061878482259e-05
    1.7207874907408338e-01   -1.3622232572513848e-04
    3.1169429618474305e-02    3.3957550776180228e-04
    1.5348274844571785e-17    1.0106172970519308e-18
    2.7410031409789038e-17   -7.1851384481436836e-19
    4.8318629949945928e-18   -1.9211741699222443e-18
   -4.9863669157511805e-18   -2.9432205821256213e-19
   -3.5153269886706186e-17    8.7764559242055048e-19
   -6.8503784291385823e-18    3.1370927374395036e-19
    7.9949131413851445e-18   -1.5362758024860902e-19
    6.7259852708190918e-18   -9.5717756234021573e-20
    4.1903582809343591e-17   -3.4356291757426645e-18
   -3.0177923767323454e-18    4.8212503750848440e-19
   -2.6621391664668067e-17    2.1425057036260142e-18
    2.0750484725933091e-17   -3.4343279787888722e-19
    1.5787905260140277e-17   -2.2600807777866452e-19
   -4.2394096106850720e-18   -1.0011530413339814e-19
   -3.3453514365749499e-17   -3.4558217976697479e-19
   -7.4392136521673397e-18   -2.6779308641659835e-19
   -5.0682862828829570e-02    2.5602836943955479e-04
    2.0965539076988032e-02    1.4514913860180526e-04
    1.7008327447737340e-01    8.7292459416457151e-05
    5.5876211602626166e-02    1.2545624097700571e-05
   -1.0317705516497737e-01   -3.0730625899730009e-04
   -5.5461286204532757e-02   -1.5554409494618199e-04
    3.2997644128658264e-02    7.3691723388166340e-05
   -4.9507637269156628e-02    2.6811207832762990e-04
   -5.3193732604264812e-02   -1.5858270180328326e-04
    5.6186173926126383e-02   -2.7516844370730728e-04
    1.7132776795903043e-01    3.0868847260226705e-04
    1.9795170783296432e-02    1.2837445319355294e-04
    3.1117217664046754e-02   -1.0775614570281028e-05
    1.7298009241816434e-01    2.0996978584355673e-05
    3.7099336280586759e-01   -2.7769286314963452e-05
    1.6958976063297496e-01   -3.0120659513864999e-04
   -2.3019496266336669e-17    9.1426292792794801e-19
   -2.2707693525659503e-18   -1.7292598310639313e-18
    2.0897426810292174e-17   -2.4325871810523125e-18
    2.0508825259231365e-17   -7.4484432958150959e-19
   -1.2604345174633096e-17    9.0432151575525169e-19
   -6.9892399286383404e-20   -3.2270562206696188e-19
   -1.5355659542900058e-18    3.1407431959201626e-19
    8.8681655145083386e-19    9.8382723608019308e-20
    1.9049493972987141e-17   -1.8135616589239153e-18
    1.1535081117859062e-17    4.2470518694457782e-20
   -1.2603343568971916e-17    1.0528181300335286e-18
   -7.4470687687346334e-18    1.5392283712488879e-19
    2.2793458154885929e-18    4.5819846301852061e-20
    2.5132618900409226e-18    4.9518613347950882e-19
   -5.9561555642368234e-18    3.2111097501281715e-19
    1.2132119307551434e-17   -5.1286357624029984e-20
    1.8577974967114913e-02    8.3679429845483422e-05
   -5.2950442288094576e-02   -2.0486315282904700e-05
    5.7016602217026993e-02    1.2449371149726482e-04
    1.7062852687976521e-01    2.1828424033972311e-05
   -5.6356737329307703e-02    1.3079491589754194e-04
   -9.9140425108112273e-02    4.7890391626749182e-05
   -4.8551938581051397e-02   -7.7709024687436175e-05
    3.1044002383210860e-02    3.6381259819139283e-06
    5.4603118823212227e-02   -1.4933308954416613e-05
   -5.0710556097914014e-02    7.2072881570457539e-06
    2.0595224109123844e-02    1.4502207213022911e-04
    1.7167460354847175e-01    1.5368222671463007e-05
    1.7229924839880412e-01   -1.1751966978928139e-04
    3.1121143256979799e-02   -1.6348215945367011e-04
    1.6875197948047449e-01    1.4978381133685161e-04
    3.7723902936381354e-01   -1.2211111130711367e-05
