  0.51479139522103223     
  0.11961614558789052     
  -2.1448961424491996E-002
  0.20139529322301794     
  0.18376560769587127     
   2.2596569356407952E-002
 -0.10115339926284481     
  -1.6360899920601787E-002
  -3.9180882551937565E-002
  -9.6151677067408386E-003
  -9.0857651974232245E-003
  -1.0354344700223676E-002
  -2.6506056012930858E-002
   5.0387129115075042E-002
   6.6907535832581758E-002
   3.8681691899988623E-002
   0.0000000000000000     
   0.0000000000000000     
   0.0000000000000000     
   0.0000000000000000     
   0.0000000000000000     
   0.0000000000000000     
   0.0000000000000000     
   0.0000000000000000     
   0.0000000000000000     
   0.0000000000000000     
   0.0000000000000000     
   0.0000000000000000     
   0.0000000000000000     
   0.0000000000000000     
   0.0000000000000000     
   0.0000000000000000     
  0.13799650378983735     
  0.43114769646199358     
  0.12835644160357515     
  -3.5619313935707365E-002
   4.4089479485770605E-002
  0.18324101430443174     
   6.0415368534621525E-002
  -5.7847198032546995E-002
  -2.9192962502784796E-002
   1.1228605715057174E-002
  -8.2985662903378667E-004
  -3.3266379151554427E-002
  -3.7227283006209919E-003
  -2.0652812426574421E-002
   3.3844241785507267E-003
   1.9625304629827360E-002
   0.0000000000000000     
   0.0000000000000000     
   0.0000000000000000     
   0.0000000000000000     
   0.0000000000000000     
   0.0000000000000000     
   0.0000000000000000     
   0.0000000000000000     
   0.0000000000000000     
   0.0000000000000000     
   0.0000000000000000     
   0.0000000000000000     
   0.0000000000000000     
   0.0000000000000000     
   0.0000000000000000     
   0.0000000000000000     
  -6.9315302951744553E-002
  0.14788044006481610     
  0.36054606744984175     
   9.6654412505873574E-002
  -7.2970701603693316E-002
   3.8268659340564642E-002
  0.24870154766041561     
   3.3230659200538332E-002
  -2.5849926059420561E-002
  -6.6374488962393563E-002
  -1.5389246160915054E-002
  -7.1712023621100351E-002
  0.10175886673166995     
  -6.7300436769653317E-003
   8.0382539045498261E-003
  -2.7895077965218163E-002
   0.0000000000000000     
   0.0000000000000000     
   0.0000000000000000     
   0.0000000000000000     
   0.0000000000000000     
   0.0000000000000000     
   0.0000000000000000     
   0.0000000000000000     
   0.0000000000000000     
   0.0000000000000000     
   0.0000000000000000     
   0.0000000000000000     
   0.0000000000000000     
   0.0000000000000000     
   0.0000000000000000     
   0.0000000000000000     
  0.14659313896841683     
  -2.8332510110701394E-002
  0.18359628562978220     
  0.52671341160787255     
   5.0332733497327024E-002
 -0.10897742753854023     
   4.9636463896386790E-002
  0.20395608645491881     
  -3.1387801351057606E-002
  -4.9914627236408729E-002
  -3.5045886237492663E-002
  -2.6382219565816080E-002
   9.5015527526541035E-002
   6.7547700763313567E-002
   4.0135483863346692E-002
  -3.6569208723558497E-002
   0.0000000000000000     
   0.0000000000000000     
   0.0000000000000000     
   0.0000000000000000     
   0.0000000000000000     
   0.0000000000000000     
   0.0000000000000000     
   0.0000000000000000     
   0.0000000000000000     
   0.0000000000000000     
   0.0000000000000000     
   0.0000000000000000     
   0.0000000000000000     
   0.0000000000000000     
   0.0000000000000000     
   0.0000000000000000     
  0.10979662947042361     
   4.3076338202833013E-002
  -9.4600885749926950E-002
   1.8455790975565309E-002
  0.42475058567624208     
  0.32107857801781431     
  -6.5998484864261547E-002
   8.6888057040953454E-002
  0.15906076128201646     
   5.0044578021688761E-002
  -4.5691891754729187E-002
  0.14632288028403689     
  -3.9636649862734581E-002
 -0.10367093930632451     
 -0.10120519274698976     
  -1.9032418595785184E-002
   0.0000000000000000     
   0.0000000000000000     
   0.0000000000000000     
   0.0000000000000000     
   0.0000000000000000     
   0.0000000000000000     
   0.0000000000000000     
   0.0000000000000000     
   0.0000000000000000     
   0.0000000000000000     
   0.0000000000000000     
   0.0000000000000000     
   0.0000000000000000     
   0.0000000000000000     
   0.0000000000000000     
   0.0000000000000000     
   3.3354569465960215E-002
  0.15354686520315475     
   3.3656981235129953E-002
  -7.7256744502519500E-002
  0.18004628159585645     
  0.34740509793873303     
  0.12227320340481766     
  -2.8495184785244813E-002
   7.2333567387175501E-002
  0.11707024478378628     
   4.5681049070853769E-002
  -1.3276166455854310E-002
  -8.3401191596334023E-002
  -2.9479688928745685E-002
  -3.8648373974647827E-002
   8.0973164369708408E-004
   0.0000000000000000     
   0.0000000000000000     
   0.0000000000000000     
   0.0000000000000000     
   0.0000000000000000     
   0.0000000000000000     
   0.0000000000000000     
   0.0000000000000000     
   0.0000000000000000     
   0.0000000000000000     
   0.0000000000000000     
   0.0000000000000000     
   0.0000000000000000     
   0.0000000000000000     
   0.0000000000000000     
   0.0000000000000000     
  -8.0366727937503712E-002
   3.5240854264619141E-002
  0.14050323654014005     
   3.2376279784814166E-002
  -3.6881699208018960E-002
  0.10681455401933074     
  0.47377088259800365     
   8.6684368725670910E-002
   5.6149748745786239E-003
   3.7798196378397569E-002
  0.12094783743768106     
   2.3067102293560043E-002
  -1.3098393246642283E-002
  -5.8449636403944530E-002
  -2.2214810845255995E-002
  -2.7393651260675198E-002
   0.0000000000000000     
   0.0000000000000000     
   0.0000000000000000     
   0.0000000000000000     
   0.0000000000000000     
   0.0000000000000000     
   0.0000000000000000     
   0.0000000000000000     
   0.0000000000000000     
   0.0000000000000000     
   0.0000000000000000     
   0.0000000000000000     
   0.0000000000000000     
   0.0000000000000000     
   0.0000000000000000     
   0.0000000000000000     
   2.1327281728228831E-002
  -8.0032934129242200E-002
  -1.6567678064037954E-002
  0.13527756335437577     
  0.13554196376477290     
  -6.4048563086365293E-002
  0.12154377259624169     
  0.38891252805433085     
   5.2286050179032872E-002
  -5.5358557229833912E-003
   3.4761663882239169E-002
  0.14979048024844846     
  -2.0827950549816756E-002
   1.5697738779314109E-002
  -2.1263480785515092E-002
  -5.4708174353373410E-003
   0.0000000000000000     
   0.0000000000000000     
   0.0000000000000000     
   0.0000000000000000     
   0.0000000000000000     
   0.0000000000000000     
   0.0000000000000000     
   0.0000000000000000     
   0.0000000000000000     
   0.0000000000000000     
   0.0000000000000000     
   0.0000000000000000     
   0.0000000000000000     
   0.0000000000000000     
   0.0000000000000000     
   0.0000000000000000     
  -3.0120114725739288E-002
  -6.1931139718387684E-003
  -3.0916591691859010E-003
  -4.8010496735109140E-002
  0.13936369993812522     
   9.3736445891577189E-002
  -2.5700360698722002E-002
   3.5745426075182440E-002
  0.46754377619281928     
   8.0021708809614484E-002
  -3.2955974236525507E-002
  0.10129331628908027     
  0.12849045793398906     
   1.2604904253524427E-002
  -8.3099217383761581E-002
   1.6330845972328287E-002
   0.0000000000000000     
   0.0000000000000000     
   0.0000000000000000     
   0.0000000000000000     
   0.0000000000000000     
   0.0000000000000000     
   0.0000000000000000     
   0.0000000000000000     
   0.0000000000000000     
   0.0000000000000000     
   0.0000000000000000     
   0.0000000000000000     
   0.0000000000000000     
   0.0000000000000000     
   0.0000000000000000     
   0.0000000000000000     
   3.5410019330666047E-003
  -3.8929576484493675E-002
   4.4309671400278659E-002
  -2.7012176296117539E-002
   2.8130121131507802E-002
   9.4267976593732386E-002
   2.9787770768972821E-002
   1.5916239378815224E-002
  0.14101239864818021     
  0.45199457043178792     
  0.10865117951929519     
  -9.9677909380090815E-002
   8.7309029795859625E-002
  0.27936854361949814     
   5.9828670348189193E-002
  -4.6142811442430230E-002
   0.0000000000000000     
   0.0000000000000000     
   0.0000000000000000     
   0.0000000000000000     
   0.0000000000000000     
   0.0000000000000000     
   0.0000000000000000     
   0.0000000000000000     
   0.0000000000000000     
   0.0000000000000000     
   0.0000000000000000     
   0.0000000000000000     
   0.0000000000000000     
   0.0000000000000000     
   0.0000000000000000     
   0.0000000000000000     
  -8.0386773259050279E-003
  -1.3072024721673216E-002
  -1.6828779628155141E-002
   6.2245927159961000E-004
  -6.9675036151378763E-003
  -2.3280089298581049E-002
  0.13840624145908761     
   3.8127459904591682E-002
  -7.4621253101297622E-002
  0.11682834531263638     
  0.42448444594065693     
  0.19306777506510500     
  -9.6810288140031939E-002
   8.1503210860843084E-002
  0.17425295687493486     
   2.0965832539216328E-002
   0.0000000000000000     
   0.0000000000000000     
   0.0000000000000000     
   0.0000000000000000     
   0.0000000000000000     
   0.0000000000000000     
   0.0000000000000000     
   0.0000000000000000     
   0.0000000000000000     
   0.0000000000000000     
   0.0000000000000000     
   0.0000000000000000     
   0.0000000000000000     
   0.0000000000000000     
   0.0000000000000000     
   0.0000000000000000     
   1.9130826213078903E-003
   4.1005335204494673E-003
   1.2349570752455111E-002
  -5.2623259572462597E-002
  0.16318723708253810     
  -6.5326028496695082E-002
   6.7279117700055527E-002
  0.15267144943405458     
  0.15914522314093760     
  -7.6904271908075514E-002
  0.15524838599659149     
  0.39925612168776409     
  -1.4839510013051579E-003
  -6.2808237881584711E-002
   3.2102476338020040E-002
  0.14790980479913818     
   0.0000000000000000     
   0.0000000000000000     
   0.0000000000000000     
   0.0000000000000000     
   0.0000000000000000     
   0.0000000000000000     
   0.0000000000000000     
   0.0000000000000000     
   0.0000000000000000     
   0.0000000000000000     
   0.0000000000000000     
   0.0000000000000000     
   0.0000000000000000     
   0.0000000000000000     
   0.0000000000000000     
   0.0000000000000000     
  -4.2498616891304573E-003
   3.6265654608579320E-002
   7.8700029509254713E-002
  -8.7908562980775998E-002
  -1.1334465687920722E-003
   4.6431871177982184E-002
  -3.7286807341612022E-005
 -0.15581587324573465     
  0.13153564621810435     
   1.4332708266472636E-004
 -0.18051211391296559     
   9.7873069820753056E-002
  0.39990446143310737     
  0.11816586236325878     
  -1.3568450527748082E-002
  0.13372600860248915     
   0.0000000000000000     
   0.0000000000000000     
   0.0000000000000000     
   0.0000000000000000     
   0.0000000000000000     
   0.0000000000000000     
   0.0000000000000000     
   0.0000000000000000     
   0.0000000000000000     
   0.0000000000000000     
   0.0000000000000000     
   0.0000000000000000     
   0.0000000000000000     
   0.0000000000000000     
   0.0000000000000000     
   0.0000000000000000     
  -2.2829310664111858E-003
  -8.6389897175280280E-003
   9.1397349757108962E-002
   5.0233176475273048E-002
  -4.8398265609790041E-002
  -4.7386163310879796E-002
  -3.4660514813290355E-002
  -4.0124560967632283E-002
   1.0681616506107310E-002
  0.15206650976785735     
   1.1761794321943131E-002
 -0.10096894978170459     
  0.14438581391999211     
  0.47991292046707923     
  0.11335999526836758     
   1.3798162280028506E-003
   0.0000000000000000     
   0.0000000000000000     
   0.0000000000000000     
   0.0000000000000000     
   0.0000000000000000     
   0.0000000000000000     
   0.0000000000000000     
   0.0000000000000000     
   0.0000000000000000     
   0.0000000000000000     
   0.0000000000000000     
   0.0000000000000000     
   0.0000000000000000     
   0.0000000000000000     
   0.0000000000000000     
   0.0000000000000000     
   3.5240322377455918E-002
   1.1666450237260841E-002
  -1.8849737003476235E-002
  -1.0786309081531964E-002
  -6.5333974112396442E-002
  -2.8326922401712765E-002
  -4.1635813628514871E-003
   4.9729322006057696E-004
  -2.7721825032672637E-002
   1.9060356466955686E-002
  0.15700292723339845     
   8.4961747416112413E-002
  -4.6401702431088246E-003
  0.13117641567709040     
  0.40257896089348721     
  0.12149570990567923     
   0.0000000000000000     
   0.0000000000000000     
   0.0000000000000000     
   0.0000000000000000     
   0.0000000000000000     
   0.0000000000000000     
   0.0000000000000000     
   0.0000000000000000     
   0.0000000000000000     
   0.0000000000000000     
   0.0000000000000000     
   0.0000000000000000     
   0.0000000000000000     
   0.0000000000000000     
   0.0000000000000000     
   0.0000000000000000     
   4.9927410191287040E-003
   1.3732980140671314E-002
  -5.2572249266095040E-003
  -3.6246034747170953E-002
  -3.2162569490934052E-002
   1.5567020604102262E-003
  -5.4194319472923323E-002
  -3.7815474744511475E-002
   3.3992432724186408E-002
  -6.5501757534495345E-002
   5.6054549553118740E-002
  0.18548453941187798     
  0.17458865485176139     
   5.0957551578128179E-003
  0.21512695025622586     
  0.50628707794524641     
   0.0000000000000000     
   0.0000000000000000     
   0.0000000000000000     
   0.0000000000000000     
   0.0000000000000000     
   0.0000000000000000     
   0.0000000000000000     
   0.0000000000000000     
   0.0000000000000000     
   0.0000000000000000     
   0.0000000000000000     
   0.0000000000000000     
   0.0000000000000000     
   0.0000000000000000     
   0.0000000000000000     
   0.0000000000000000     
   0.0000000000000000     
   0.0000000000000000     
   0.0000000000000000     
   0.0000000000000000     
   0.0000000000000000     
   0.0000000000000000     
   0.0000000000000000     
   0.0000000000000000     
   0.0000000000000000     
   0.0000000000000000     
   0.0000000000000000     
   0.0000000000000000     
   0.0000000000000000     
   0.0000000000000000     
   0.0000000000000000     
   0.0000000000000000     
  0.39574787942600653     
   8.5691968642803845E-002
   1.7997851312352837E-002
  0.13859968619619875     
  0.11039048219710704     
  -3.2568061935963483E-002
  -8.0374486008098101E-002
   4.7297060634787745E-002
  -5.3185387732707118E-002
  -2.5317847674932118E-002
   4.9618073400610592E-002
  -9.2141275288134691E-002
   8.4159994380515989E-003
   6.6477495863714398E-003
   3.8524305643954496E-002
  0.25151218273392623     
   0.0000000000000000     
   0.0000000000000000     
   0.0000000000000000     
   0.0000000000000000     
   0.0000000000000000     
   0.0000000000000000     
   0.0000000000000000     
   0.0000000000000000     
   0.0000000000000000     
   0.0000000000000000     
   0.0000000000000000     
   0.0000000000000000     
   0.0000000000000000     
   0.0000000000000000     
   0.0000000000000000     
   0.0000000000000000     
  0.10861476788172256     
  0.43896607122946768     
  0.14082245333555232     
   2.9407273014171394E-002
   6.1456316391956547E-002
  0.13818560897241411     
   9.9735461078539478E-003
  -6.5806688935344443E-002
  -7.8929616647885267E-003
  -2.3170164250494472E-002
  -5.0419675411695355E-002
  -2.7017159336361809E-002
   3.2900715438520564E-002
  -9.0553556854128508E-003
   1.8529464226971805E-003
   5.1596880102595163E-003
   0.0000000000000000     
   0.0000000000000000     
   0.0000000000000000     
   0.0000000000000000     
   0.0000000000000000     
   0.0000000000000000     
   0.0000000000000000     
   0.0000000000000000     
   0.0000000000000000     
   0.0000000000000000     
   0.0000000000000000     
   0.0000000000000000     
   0.0000000000000000     
   0.0000000000000000     
   0.0000000000000000     
   0.0000000000000000     
  -4.6789179436124316E-003
  0.13708600956771985     
  0.51116900933966269     
   9.1030736749517158E-002
 -0.12302936213871406     
   5.3143553051812089E-004
  0.18229747555638073     
   4.1126074379147587E-002
  -2.2157674524945707E-002
  -4.4847263104413032E-002
  -1.9674454732932660E-002
  -4.2702482337985188E-002
   5.1859173726109480E-002
   1.5099920573857332E-002
  -1.8525428690682091E-002
   1.7505304932760014E-002
   0.0000000000000000     
   0.0000000000000000     
   0.0000000000000000     
   0.0000000000000000     
   0.0000000000000000     
   0.0000000000000000     
   0.0000000000000000     
   0.0000000000000000     
   0.0000000000000000     
   0.0000000000000000     
   0.0000000000000000     
   0.0000000000000000     
   0.0000000000000000     
   0.0000000000000000     
   0.0000000000000000     
   0.0000000000000000     
  0.15494677286440567     
   4.8367240717842421E-005
  0.15861185809081896     
  0.38625721308342825     
   2.4228120963642331E-002
  -9.3008108314423077E-002
  -4.0384950651341529E-003
  0.12861770774583531     
  -4.2887512023384214E-002
  -5.0327255699418143E-002
  -2.3441660158224333E-002
  -4.2949146927728728E-002
   1.0845518993555403E-002
   3.9710463710485290E-002
   2.3467134786051492E-002
  0.11353485926766445     
   0.0000000000000000     
   0.0000000000000000     
   0.0000000000000000     
   0.0000000000000000     
   0.0000000000000000     
   0.0000000000000000     
   0.0000000000000000     
   0.0000000000000000     
   0.0000000000000000     
   0.0000000000000000     
   0.0000000000000000     
   0.0000000000000000     
   0.0000000000000000     
   0.0000000000000000     
   0.0000000000000000     
   0.0000000000000000     
  0.20325963955059351     
   1.1040015388492036E-002
 -0.10157347597756333     
  -5.9858767259451788E-004
  0.42097396904561096     
  0.22036580638773720     
  -6.6999259158865608E-003
   9.4922878465487540E-002
  0.10926505008450883     
   7.8196336402393693E-002
   1.4113731072582229E-002
   8.8340019533420661E-003
  -5.1836159197326918E-002
  -2.8288190179089113E-002
  -3.5268156842701584E-002
  -6.1736861344160954E-002
   0.0000000000000000     
   0.0000000000000000     
   0.0000000000000000     
   0.0000000000000000     
   0.0000000000000000     
   0.0000000000000000     
   0.0000000000000000     
   0.0000000000000000     
   0.0000000000000000     
   0.0000000000000000     
   0.0000000000000000     
   0.0000000000000000     
   0.0000000000000000     
   0.0000000000000000     
   0.0000000000000000     
   0.0000000000000000     
  0.12238037167747351     
  0.17593179728203309     
  -1.5980351053665413E-002
 -0.10132471061716156     
  0.24274832963751827     
  0.51608737821920048     
   8.3316526428249396E-002
  -5.7631908012525962E-002
   6.5484391116571408E-002
  0.23351271614671862     
   7.8131709738366084E-002
  -4.7344395982450070E-002
  -9.9611782484444453E-002
  -4.0596656200719596E-003
  -4.0193669957799674E-002
  -9.2215546148182351E-002
   0.0000000000000000     
   0.0000000000000000     
   0.0000000000000000     
   0.0000000000000000     
   0.0000000000000000     
   0.0000000000000000     
   0.0000000000000000     
   0.0000000000000000     
   0.0000000000000000     
   0.0000000000000000     
   0.0000000000000000     
   0.0000000000000000     
   0.0000000000000000     
   0.0000000000000000     
   0.0000000000000000     
   0.0000000000000000     
  -8.8180374834396502E-002
  0.10097801786590001     
  0.17002764425976996     
   2.7057814121208966E-002
 -0.18777839257185885     
   7.3816631097262317E-002
  0.39090414809781709     
  0.17429899215039213     
  -1.7126682778290037E-002
   4.7587224498041196E-002
  0.20563587270413630     
   2.8623409960723298E-002
  -2.8338877116153630E-002
  -2.1699391181967884E-002
  -1.7697931980677567E-002
  -2.0440654578004896E-002
   0.0000000000000000     
   0.0000000000000000     
   0.0000000000000000     
   0.0000000000000000     
   0.0000000000000000     
   0.0000000000000000     
   0.0000000000000000     
   0.0000000000000000     
   0.0000000000000000     
   0.0000000000000000     
   0.0000000000000000     
   0.0000000000000000     
   0.0000000000000000     
   0.0000000000000000     
   0.0000000000000000     
   0.0000000000000000     
  0.15258972421446398     
  -7.3731611285691806E-002
   3.2518456664244494E-002
  0.19406057080087719     
  0.15477281950558225     
  -6.2236288720328700E-002
   5.8092023974649090E-002
  0.45752464068269172     
   1.8505752521634687E-002
  -2.9991892582282308E-002
   6.4587718712269624E-003
  0.12722932927391564     
  -1.6102441369885853E-002
  -1.7733922816874734E-002
  -1.1107239414882579E-002
  -4.4140263884320519E-002
   0.0000000000000000     
   0.0000000000000000     
   0.0000000000000000     
   0.0000000000000000     
   0.0000000000000000     
   0.0000000000000000     
   0.0000000000000000     
   0.0000000000000000     
   0.0000000000000000     
   0.0000000000000000     
   0.0000000000000000     
   0.0000000000000000     
   0.0000000000000000     
   0.0000000000000000     
   0.0000000000000000     
   0.0000000000000000     
 -0.16048697626762892     
  -4.8030614455190142E-002
  -2.5408164480728294E-002
 -0.10761879916268702     
  0.11284221875702173     
  0.12931935724841095     
   1.7927761893792582E-002
   3.8128072577136726E-002
  0.40432892097449102     
  0.17159883882126326     
  -5.7907419995141131E-002
  0.15752752969122177     
  0.21422291085521084     
   8.3107326073637300E-002
  -9.1436984967889212E-002
  -8.0767494352861943E-002
   0.0000000000000000     
   0.0000000000000000     
   0.0000000000000000     
   0.0000000000000000     
   0.0000000000000000     
   0.0000000000000000     
   0.0000000000000000     
   0.0000000000000000     
   0.0000000000000000     
   0.0000000000000000     
   0.0000000000000000     
   0.0000000000000000     
   0.0000000000000000     
   0.0000000000000000     
   0.0000000000000000     
   0.0000000000000000     
   4.4598254297724370E-002
  -2.3031630829009896E-002
  -1.4065490767579429E-002
  -1.7152035533890074E-002
   2.8466413142006295E-002
  0.12458355356850637     
   2.4363461520299879E-002
  -3.1912987786475777E-002
  0.13531681957023609     
  0.41326553017385664     
   8.0812427117995786E-002
   3.5515785761767392E-003
   7.9494967726237820E-002
  0.16009130679485717     
   1.7697541388360851E-002
 -0.24294532903109883     
   0.0000000000000000     
   0.0000000000000000     
   0.0000000000000000     
   0.0000000000000000     
   0.0000000000000000     
   0.0000000000000000     
   0.0000000000000000     
   0.0000000000000000     
   0.0000000000000000     
   0.0000000000000000     
   0.0000000000000000     
   0.0000000000000000     
   0.0000000000000000     
   0.0000000000000000     
   0.0000000000000000     
   0.0000000000000000     
  -3.7711256097159251E-002
  -4.8661207244075737E-002
  -3.1301755093985487E-002
  -2.8861118848667287E-002
  -4.3896936586224296E-002
   6.3499720203583271E-002
  0.16418519100916593     
   2.1770310186508178E-002
  -4.7769339553555043E-002
  0.15842494487808026     
  0.43107588900183963     
  0.12166990961683387     
  -5.9739707739741355E-002
   3.3620196121541164E-002
  0.10457820026073951     
  -2.1595845352011565E-002
   0.0000000000000000     
   0.0000000000000000     
   0.0000000000000000     
   0.0000000000000000     
   0.0000000000000000     
   0.0000000000000000     
   0.0000000000000000     
   0.0000000000000000     
   0.0000000000000000     
   0.0000000000000000     
   0.0000000000000000     
   0.0000000000000000     
   0.0000000000000000     
   0.0000000000000000     
   0.0000000000000000     
   0.0000000000000000     
   6.1439427619615567E-004
  -6.5877833658564727E-002
  -3.6431844645977798E-004
   2.2978768937819340E-002
  0.19994208353156151     
  -6.2996411141544001E-002
   2.0903139599114461E-002
  0.19993541483203359     
   9.9981972457430179E-002
  -6.6615993504944640E-002
   9.7616873200422144E-002
  0.42570588114323032     
   5.1184053334113133E-002
  -7.7727922379707562E-002
   1.4993284347165530E-002
  0.27293463628113890     
   0.0000000000000000     
   0.0000000000000000     
   0.0000000000000000     
   0.0000000000000000     
   0.0000000000000000     
   0.0000000000000000     
   0.0000000000000000     
   0.0000000000000000     
   0.0000000000000000     
   0.0000000000000000     
   0.0000000000000000     
   0.0000000000000000     
   0.0000000000000000     
   0.0000000000000000     
   0.0000000000000000     
   0.0000000000000000     
  -4.4288821168458711E-002
   9.6687234243016715E-002
   8.2637007099912396E-002
   1.3508163198473951E-002
 -0.16751725480721272     
  -4.2340815708827258E-002
  -1.9606711126388614E-002
  -4.1626858834706251E-002
  0.15556064286989646     
   4.8625539151360316E-002
  -2.8473769479727230E-002
   6.6783823841057952E-002
  0.46894058924207865     
  0.13765132818034009     
  -3.2790978383530532E-002
   2.3476665382878886E-002
   0.0000000000000000     
   0.0000000000000000     
   0.0000000000000000     
   0.0000000000000000     
   0.0000000000000000     
   0.0000000000000000     
   0.0000000000000000     
   0.0000000000000000     
   0.0000000000000000     
   0.0000000000000000     
   0.0000000000000000     
   0.0000000000000000     
   0.0000000000000000     
   0.0000000000000000     
   0.0000000000000000     
   0.0000000000000000     
   1.6569602938725728E-002
  -3.3609013353260275E-002
   3.2575308687654833E-002
   5.2814912468291862E-002
   4.8233654830460812E-002
  -3.1874812887552638E-002
  -1.8373799985561892E-002
   7.2592189335164130E-003
   1.6561936579318027E-002
  0.13287016117709655     
   6.4803305328536560E-004
  -6.2152045601037424E-002
  0.19942880457516335     
  0.39955284636525668     
  0.10875812752881775     
   3.4499487145004004E-002
   0.0000000000000000     
   0.0000000000000000     
   0.0000000000000000     
   0.0000000000000000     
   0.0000000000000000     
   0.0000000000000000     
   0.0000000000000000     
   0.0000000000000000     
   0.0000000000000000     
   0.0000000000000000     
   0.0000000000000000     
   0.0000000000000000     
   0.0000000000000000     
   0.0000000000000000     
   0.0000000000000000     
   0.0000000000000000     
   5.9466790321615989E-002
   2.6152909023124931E-002
  -2.8996806443445249E-002
  -5.0643051744334380E-002
  -6.3983016972396972E-002
   9.3027563766755778E-002
  -4.2498649935655951E-003
  -2.4809309015297765E-002
  -6.3733925685259707E-002
   5.4178844479249193E-002
  0.17937120770087520     
   8.0012952760509931E-003
  -4.9121866442674918E-002
  0.13009890230755375     
  0.52317800795923908     
  0.17406858216148530     
   0.0000000000000000     
   0.0000000000000000     
   0.0000000000000000     
   0.0000000000000000     
   0.0000000000000000     
   0.0000000000000000     
   0.0000000000000000     
   0.0000000000000000     
   0.0000000000000000     
   0.0000000000000000     
   0.0000000000000000     
   0.0000000000000000     
   0.0000000000000000     
   0.0000000000000000     
   0.0000000000000000     
   0.0000000000000000     
   2.1482022148209240E-002
   2.8067656800193502E-002
   1.9701647953086834E-002
  -8.0525330830014136E-003
  -4.6660426895181566E-003
  -3.7779259448679589E-002
  -3.7945154844856589E-002
  -6.7302809798570166E-003
   9.4684963747036031E-003
  -4.7246598874099342E-002
   1.2012944577652687E-002
  0.14232058475674311     
  0.13056984509717984     
  -1.1308167270138034E-002
  0.11631638978124582     
  0.41632202601612078     
