   1     0.00000000     0.52566922     0.00000000
   2     0.00000000    -0.12373213     0.00000000
   3     0.00000000     0.03424238     0.00000000
   4     0.00000000    -0.12373213     0.00000000
   5     0.00000000    -0.12034816     0.00000000
   6     0.00000000     0.03316432     0.00000000
   7     0.00000000    -0.04260229     0.00000000
   8     0.00000000     0.02851091     0.00000000
   9     0.00000000     0.04432392     0.00000000
  10     0.00000000    -0.04363588     0.00000000
  11     0.00000000     0.02497172     0.00000000
  12     0.00000000    -0.04363588     0.00000000
  13     0.00000000    -0.12034816     0.00000000
  14     0.00000000     0.02851091     0.00000000
  15     0.00000000    -0.04260229     0.00000000
  16     0.00000000     0.03316432     0.00000000


   1     0.00000000     0.52459242     0.00000000
   2     0.00000000    -0.11861062     0.00000000
   3     0.00000000     0.03605327     0.00000000
   4     0.00000000    -0.11861062     0.00000000
   5     0.00000000    -0.12153178     0.00000000
   6     0.00000000     0.03546084     0.00000000
   7     0.00000000    -0.03933567     0.00000000
   8     0.00000000     0.02948546     0.00000000
   9     0.00000000     0.03532809     0.00000000
  10     0.00000000    -0.04504135     0.00000000
  11     0.00000000     0.02474320     0.00000000
  12     0.00000000    -0.04504135     0.00000000
  13     0.00000000    -0.12153178     0.00000000
  14     0.00000000     0.02948546     0.00000000
  15     0.00000000    -0.03933567     0.00000000
  16     0.00000000     0.03546084     0.00000000


   1     0.00000000     0.52662527     0.00000000
   2     0.00000000    -0.11993003     0.00000000
   3     0.00000000     0.03491886     0.00000000
   4     0.00000000    -0.11993003     0.00000000
   5     0.00000000    -0.11791287     0.00000000
   6     0.00000000     0.03396652     0.00000000
   7     0.00000000    -0.05327088     0.00000000
   8     0.00000000     0.02514421     0.00000000
   9     0.00000000     0.03571193     0.00000000
  10     0.00000000    -0.04511357     0.00000000
  11     0.00000000     0.01940940     0.00000000
  12     0.00000000    -0.04511357     0.00000000
  13     0.00000000    -0.11791287     0.00000000
  14     0.00000000     0.02514421     0.00000000
  15     0.00000000    -0.05327088     0.00000000
  16     0.00000000     0.03396652     0.00000000


   1     0.00000000     0.52644468     0.00000000
   2     0.00000000    -0.12108417     0.00000000
   3     0.00000000     0.03729870     0.00000000
   4     0.00000000    -0.12108417     0.00000000
   5     0.00000000    -0.11879318     0.00000000
   6     0.00000000     0.03654329     0.00000000
   7     0.00000000    -0.04493656     0.00000000
   8     0.00000000     0.03193492     0.00000000
   9     0.00000000     0.04473270     0.00000000
  10     0.00000000    -0.04052327     0.00000000
  11     0.00000000     0.02455851     0.00000000
  12     0.00000000    -0.04052327     0.00000000
  13     0.00000000    -0.11879318     0.00000000
  14     0.00000000     0.03193492     0.00000000
  15     0.00000000    -0.04493656     0.00000000
  16     0.00000000     0.03654329     0.00000000


   1     0.00000000     0.52362538     0.00000000
   2     0.00000000    -0.11526581     0.00000000
   3     0.00000000     0.04067695     0.00000000
   4     0.00000000    -0.11526581     0.00000000
   5     0.00000000    -0.11911079     0.00000000
   6     0.00000000     0.03068100     0.00000000
   7     0.00000000    -0.03891100     0.00000000
   8     0.00000000     0.03006319     0.00000000
   9     0.00000000     0.02993913     0.00000000
  10     0.00000000    -0.04018030     0.00000000
  11     0.00000000     0.02075670     0.00000000
  12     0.00000000    -0.04018030     0.00000000
  13     0.00000000    -0.11911079     0.00000000
  14     0.00000000     0.03006319     0.00000000
  15     0.00000000    -0.03891100     0.00000000
  16     0.00000000     0.03068100     0.00000000


   1     0.00000000     0.52213138     0.00000000
   2     0.00000000    -0.11834923     0.00000000
   3     0.00000000     0.03710569     0.00000000
   4     0.00000000    -0.11834923     0.00000000
   5     0.00000000    -0.12482770     0.00000000
   6     0.00000000     0.03399912     0.00000000
   7     0.00000000    -0.04501951     0.00000000
   8     0.00000000     0.03092188     0.00000000
   9     0.00000000     0.03894748     0.00000000
  10     0.00000000    -0.04183452     0.00000000
  11     0.00000000     0.02077491     0.00000000
  12     0.00000000    -0.04183452     0.00000000
  13     0.00000000    -0.12482770     0.00000000
  14     0.00000000     0.03092188     0.00000000
  15     0.00000000    -0.04501951     0.00000000
  16     0.00000000     0.03399912     0.00000000


   1     0.00000000     0.52547008     0.00000000
   2     0.00000000    -0.11878957     0.00000000
   3     0.00000000     0.03429448     0.00000000
   4     0.00000000    -0.11878957     0.00000000
   5     0.00000000    -0.12388623     0.00000000
   6     0.00000000     0.03161856     0.00000000
   7     0.00000000    -0.04352028     0.00000000
   8     0.00000000     0.03321782     0.00000000
   9     0.00000000     0.03451487     0.00000000
  10     0.00000000    -0.04758864     0.00000000
  11     0.00000000     0.03028682     0.00000000
  12     0.00000000    -0.04758864     0.00000000
  13     0.00000000    -0.12388623     0.00000000
  14     0.00000000     0.03321782     0.00000000
  15     0.00000000    -0.04352028     0.00000000
  16     0.00000000     0.03161856     0.00000000


   1     0.00000000     0.52552511     0.00000000
   2     0.00000000    -0.12300015     0.00000000
   3     0.00000000     0.03763398     0.00000000
   4     0.00000000    -0.12300015     0.00000000
   5     0.00000000    -0.11737764     0.00000000
   6     0.00000000     0.03044849     0.00000000
   7     0.00000000    -0.03668427     0.00000000
   8     0.00000000     0.03649397     0.00000000
   9     0.00000000     0.03721624     0.00000000
  10     0.00000000    -0.04797049     0.00000000
  11     0.00000000     0.01913864     0.00000000
  12     0.00000000    -0.04797049     0.00000000
  13     0.00000000    -0.11737764     0.00000000
  14     0.00000000     0.03649397     0.00000000
  15     0.00000000    -0.03668427     0.00000000
  16     0.00000000     0.03044849     0.00000000


   1     0.00000000     0.52676000     0.00000000
   2     0.00000000    -0.11779104     0.00000000
   3     0.00000000     0.03467613     0.00000000
   4     0.00000000    -0.11779104     0.00000000
   5     0.00000000    -0.12137131     0.00000000
   6     0.00000000     0.03004270     0.00000000
   7     0.00000000    -0.04803887     0.00000000
   8     0.00000000     0.02982106     0.00000000
   9     0.00000000     0.03576359     0.00000000
  10     0.00000000    -0.04231577     0.00000000
  11     0.00000000     0.04781812     0.00000000
  12     0.00000000    -0.04231577     0.00000000
  13     0.00000000    -0.12137131     0.00000000
  14     0.00000000     0.02982106     0.00000000
  15     0.00000000    -0.04803887     0.00000000
  16     0.00000000     0.03004270     0.00000000


   1     0.00000000     0.52487003     0.00000000
   2     0.00000000    -0.12035265     0.00000000
   3     0.00000000     0.03987687     0.00000000
   4     0.00000000    -0.12035265     0.00000000
   5     0.00000000    -0.11847462     0.00000000
   6     0.00000000     0.02749422     0.00000000
   7     0.00000000    -0.04657269     0.00000000
   8     0.00000000     0.03041121     0.00000000
   9     0.00000000     0.03752967     0.00000000
  10     0.00000000    -0.04281711     0.00000000
  11     0.00000000     0.01941462     0.00000000
  12     0.00000000    -0.04281711     0.00000000
  13     0.00000000    -0.11847462     0.00000000
  14     0.00000000     0.03041121     0.00000000
  15     0.00000000    -0.04657269     0.00000000
  16     0.00000000     0.02749422     0.00000000


