   1     0.00000000     0.01128550
   2     0.00000000     0.07097348
   3     0.00000000     0.13661474
   4     0.00000000     0.15388598
   5     0.00000000     0.18698069
   6     0.00000000     0.14760306
   7     0.00000000     0.15546310
   8     0.00000000     0.15679968
   9     0.00000000     0.13612919
  10     0.00000000     0.17418853
  11     0.00000000     0.15641839
  12     0.00000000     0.18301442
  13     0.00000000     0.13594740
  14     0.00000000     0.11476146
  15     0.00000000     0.05246824
  16     0.00000000     0.01853210
  17     0.00000000     0.00805846
  18     0.00000000     0.04449648
  19     0.00000000     0.16114210
  20     0.00000000     0.13934210
  21     0.00000000     0.17977207
  22     0.00000000     0.15146106
  23     0.00000000     0.14267605
  24     0.00000000     0.14612257
  25     0.00000000     0.14471367
  26     0.00000000     0.14550361
  27     0.00000000     0.15578871
  28     0.00000000     0.17529962
  29     0.00000000     0.15169006
  30     0.00000000     0.13781552
  31     0.00000000     0.07183636
  32     0.00000000     0.02348949
  33     0.00000000     0.01507860
  34     0.00000000     0.05763658
  35     0.00000000     0.12599569
  36     0.00000000     0.15623479
  37     0.00000000     0.14824385
  38     0.00000000     0.14741659
  39     0.00000000     0.15564074
  40     0.00000000     0.14068474
  41     0.00000000     0.13275943
  42     0.00000000     0.16090382
  43     0.00000000     0.15134810
  44     0.00000000     0.19513874
  45     0.00000000     0.12667853
  46     0.00000000     0.12656707
  47     0.00000000     0.05158329
  48     0.00000000     0.01317924
  49     0.00000000     0.01450279
  50     0.00000000     0.04554500
  51     0.00000000     0.11274305
  52     0.00000000     0.13516596
  53     0.00000000     0.17707757
  54     0.00000000     0.15370606
  55     0.00000000     0.14965725
  56     0.00000000     0.12711769
  57     0.00000000     0.12482911
  58     0.00000000     0.15386460
  59     0.00000000     0.16677881
  60     0.00000000     0.18589159
  61     0.00000000     0.15099687
  62     0.00000000     0.13222887
  63     0.00000000     0.07552873
  64     0.00000000     0.02523073
