           1           3 ( -1.0000000000000000     ,  0.0000000000000000     )
           1           2 ( -1.0000000000000000     ,  0.0000000000000000     )
           1          10 ( -1.0000000000000000     ,  0.0000000000000000     )
           1           4 ( -1.0000000000000000     ,  0.0000000000000000     )
           2           3 ( -1.0000000000000000     ,  0.0000000000000000     )
           2           1 ( -1.0000000000000000     ,  0.0000000000000000     )
           2          11 ( -1.0000000000000000     ,  0.0000000000000000     )
           2           5 ( -1.0000000000000000     ,  0.0000000000000000     )
           3           1 ( -1.0000000000000000     ,  0.0000000000000000     )
           3           2 ( -1.0000000000000000     ,  0.0000000000000000     )
           3          12 ( -1.0000000000000000     ,  0.0000000000000000     )
           3           6 ( -1.0000000000000000     ,  0.0000000000000000     )
           4           6 ( -1.0000000000000000     ,  0.0000000000000000     )
           4           5 ( -1.0000000000000000     ,  0.0000000000000000     )
           4           7 ( -1.0000000000000000     ,  0.0000000000000000     )
           4           1 ( -1.0000000000000000     ,  0.0000000000000000     )
           5           6 ( -1.0000000000000000     ,  0.0000000000000000     )
           5           4 ( -1.0000000000000000     ,  0.0000000000000000     )
           5           8 ( -1.0000000000000000     ,  0.0000000000000000     )
           5           2 ( -1.0000000000000000     ,  0.0000000000000000     )
           6           4 ( -1.0000000000000000     ,  0.0000000000000000     )
           6           5 ( -1.0000000000000000     ,  0.0000000000000000     )
           6           9 ( -1.0000000000000000     ,  0.0000000000000000     )
           6           3 ( -1.0000000000000000     ,  0.0000000000000000     )
           7           9 ( -1.0000000000000000     ,  0.0000000000000000     )
           7           8 ( -1.0000000000000000     ,  0.0000000000000000     )
           7          10 ( -1.0000000000000000     ,  0.0000000000000000     )
           7           4 ( -1.0000000000000000     ,  0.0000000000000000     )
           8           9 ( -1.0000000000000000     ,  0.0000000000000000     )
           8           7 ( -1.0000000000000000     ,  0.0000000000000000     )
           8          11 ( -1.0000000000000000     ,  0.0000000000000000     )
           8           5 ( -1.0000000000000000     ,  0.0000000000000000     )
           9           7 ( -1.0000000000000000     ,  0.0000000000000000     )
           9           8 ( -1.0000000000000000     ,  0.0000000000000000     )
           9          12 ( -1.0000000000000000     ,  0.0000000000000000     )
           9           6 ( -1.0000000000000000     ,  0.0000000000000000     )
          10          12 ( -1.0000000000000000     ,  0.0000000000000000     )
          10          11 ( -1.0000000000000000     ,  0.0000000000000000     )
          10           1 ( -1.0000000000000000     ,  0.0000000000000000     )
          10           7 ( -1.0000000000000000     ,  0.0000000000000000     )
          11          12 ( -1.0000000000000000     ,  0.0000000000000000     )
          11          10 ( -1.0000000000000000     ,  0.0000000000000000     )
          11           2 ( -1.0000000000000000     ,  0.0000000000000000     )
          11           8 ( -1.0000000000000000     ,  0.0000000000000000     )
          12          10 ( -1.0000000000000000     ,  0.0000000000000000     )
          12          11 ( -1.0000000000000000     ,  0.0000000000000000     )
          12           3 ( -1.0000000000000000     ,  0.0000000000000000     )
          12           9 ( -1.0000000000000000     ,  0.0000000000000000     )
           1           5 (-0.20000000000000001     ,  0.0000000000000000     )
           1          11 (-0.20000000000000001     ,  0.0000000000000000     )
           1           6 (-0.20000000000000001     ,  0.0000000000000000     )
           1          12 (-0.20000000000000001     ,  0.0000000000000000     )
           2           6 (-0.20000000000000001     ,  0.0000000000000000     )
           2          12 (-0.20000000000000001     ,  0.0000000000000000     )
           2           4 (-0.20000000000000001     ,  0.0000000000000000     )
           2          10 (-0.20000000000000001     ,  0.0000000000000000     )
           3           4 (-0.20000000000000001     ,  0.0000000000000000     )
           3          10 (-0.20000000000000001     ,  0.0000000000000000     )
           3           5 (-0.20000000000000001     ,  0.0000000000000000     )
           3          11 (-0.20000000000000001     ,  0.0000000000000000     )
           4           8 (-0.20000000000000001     ,  0.0000000000000000     )
           4           2 (-0.20000000000000001     ,  0.0000000000000000     )
           4           9 (-0.20000000000000001     ,  0.0000000000000000     )
           4           3 (-0.20000000000000001     ,  0.0000000000000000     )
           5           9 (-0.20000000000000001     ,  0.0000000000000000     )
           5           3 (-0.20000000000000001     ,  0.0000000000000000     )
           5           7 (-0.20000000000000001     ,  0.0000000000000000     )
           5           1 (-0.20000000000000001     ,  0.0000000000000000     )
           6           7 (-0.20000000000000001     ,  0.0000000000000000     )
           6           1 (-0.20000000000000001     ,  0.0000000000000000     )
           6           8 (-0.20000000000000001     ,  0.0000000000000000     )
           6           2 (-0.20000000000000001     ,  0.0000000000000000     )
           7          11 (-0.20000000000000001     ,  0.0000000000000000     )
           7           5 (-0.20000000000000001     ,  0.0000000000000000     )
           7          12 (-0.20000000000000001     ,  0.0000000000000000     )
           7           6 (-0.20000000000000001     ,  0.0000000000000000     )
           8          12 (-0.20000000000000001     ,  0.0000000000000000     )
           8           6 (-0.20000000000000001     ,  0.0000000000000000     )
           8          10 (-0.20000000000000001     ,  0.0000000000000000     )
           8           4 (-0.20000000000000001     ,  0.0000000000000000     )
           9          10 (-0.20000000000000001     ,  0.0000000000000000     )
           9           4 (-0.20000000000000001     ,  0.0000000000000000     )
           9          11 (-0.20000000000000001     ,  0.0000000000000000     )
           9           5 (-0.20000000000000001     ,  0.0000000000000000     )
          10           2 (-0.20000000000000001     ,  0.0000000000000000     )
          10           8 (-0.20000000000000001     ,  0.0000000000000000     )
          10           3 (-0.20000000000000001     ,  0.0000000000000000     )
          10           9 (-0.20000000000000001     ,  0.0000000000000000     )
          11           3 (-0.20000000000000001     ,  0.0000000000000000     )
          11           9 (-0.20000000000000001     ,  0.0000000000000000     )
          11           1 (-0.20000000000000001     ,  0.0000000000000000     )
          11           7 (-0.20000000000000001     ,  0.0000000000000000     )
          12           1 (-0.20000000000000001     ,  0.0000000000000000     )
          12           7 (-0.20000000000000001     ,  0.0000000000000000     )
          12           2 (-0.20000000000000001     ,  0.0000000000000000     )
          12           8 (-0.20000000000000001     ,  0.0000000000000000     )
