 ( 0.41403908500917008     ,  0.0000000000000000     )
 (  5.9601727680511508E-002, -9.4618618662262885E-002)
 ( 0.44039827231948836     ,  9.4618618662262843E-002)
 (  8.5960914990829862E-002, -7.2858385991025898E-017)
 
 (  5.9601727680511508E-002,  9.4618618662262885E-002)
 ( 0.58596091499082970     ,  0.0000000000000000     )
 ( -8.5960914990829862E-002, -5.2041704279304213E-017)
 ( 0.44039827231948830     , -9.4618618662262843E-002)
 
 ( 0.44039827231948836     , -9.4618618662262843E-002)
 ( -8.5960914990829862E-002,  5.2041704279304213E-017)
 ( 0.58596091499082970     ,  0.0000000000000000     )
 (  5.9601727680511481E-002,  9.4618618662262816E-002)
 
 (  8.5960914990829862E-002,  7.2858385991025898E-017)
 ( 0.44039827231948830     ,  9.4618618662262843E-002)
 (  5.9601727680511481E-002, -9.4618618662262816E-002)
 ( 0.41403908500916992     ,  0.0000000000000000     )
 
