  -1.8757042301043973E-003
  -2.4638352061948162E-003
   6.6197658148874560E-004
   3.9334645557134425E-003
   4.4291483698297954E-002
   9.7692011906796664E-003
  -3.8179704167631383E-002
  -5.1191643742054852E-004
  -8.9152196881177228E-003
   1.4069827109150895E-002
  -3.3264618788186027E-003
  -8.8007617901939821E-003
  -3.2696649352553654E-002
  -1.9533464521803528E-002
   2.0027327851564535E-002
  -1.8992403065850556E-002
   0.0000000000000000     
   0.0000000000000000     
   0.0000000000000000     
   0.0000000000000000     
   0.0000000000000000     
   0.0000000000000000     
   0.0000000000000000     
   0.0000000000000000     
   0.0000000000000000     
   0.0000000000000000     
   0.0000000000000000     
   0.0000000000000000     
   0.0000000000000000     
   0.0000000000000000     
   0.0000000000000000     
   0.0000000000000000     
  -1.7935079623301202E-002
   2.0132364438922527E-003
  -7.7391333985468540E-004
  -7.4301527479290145E-003
  -2.4130476760109276E-002
   3.1278017209636175E-002
   8.6742986316683899E-003
  -3.0626328579477335E-002
   6.4041513406508498E-003
   1.4107997926985250E-002
   1.3779687081054967E-002
   1.2198072147863925E-002
   9.6356551928101640E-004
  -2.4070484572739127E-002
  -7.6819634951608819E-003
   2.3263221529786226E-002
   0.0000000000000000     
   0.0000000000000000     
   0.0000000000000000     
   0.0000000000000000     
   0.0000000000000000     
   0.0000000000000000     
   0.0000000000000000     
   0.0000000000000000     
   0.0000000000000000     
   0.0000000000000000     
   0.0000000000000000     
   0.0000000000000000     
   0.0000000000000000     
   0.0000000000000000     
   0.0000000000000000     
   0.0000000000000000     
  -8.2815583356211486E-003
   8.5865154377823376E-003
   5.2882525691106946E-003
  -4.2618867848589117E-003
  -4.3954635844444596E-002
  -1.6089121166771359E-003
   5.4493208025064979E-002
   1.2408811944568467E-002
   1.0262791232083662E-002
   1.6271670136608862E-002
   1.2408889872153264E-002
   9.5137227459947422E-003
   2.7468580791692766E-002
   3.0697930179918783E-003
  -4.3568571460024547E-002
   2.0835178085545531E-004
   0.0000000000000000     
   0.0000000000000000     
   0.0000000000000000     
   0.0000000000000000     
   0.0000000000000000     
   0.0000000000000000     
   0.0000000000000000     
   0.0000000000000000     
   0.0000000000000000     
   0.0000000000000000     
   0.0000000000000000     
   0.0000000000000000     
   0.0000000000000000     
   0.0000000000000000     
   0.0000000000000000     
   0.0000000000000000     
   7.4757822567898284E-003
  -7.0597060596500547E-003
  -2.8197320467199484E-003
  -2.8842297770646308E-003
   1.0131905429586563E-002
  -2.8341462686778601E-002
   7.8922602109275360E-004
   3.1806875412328010E-002
  -3.1224104933228725E-003
   3.2595766682348955E-003
  -6.7664360880695775E-003
  -4.5192109157934186E-003
  -2.2373977522014378E-003
   2.6840495877515684E-002
   4.0477632478624192E-003
  -2.9508514835477340E-002
   0.0000000000000000     
   0.0000000000000000     
   0.0000000000000000     
   0.0000000000000000     
   0.0000000000000000     
   0.0000000000000000     
   0.0000000000000000     
   0.0000000000000000     
   0.0000000000000000     
   0.0000000000000000     
   0.0000000000000000     
   0.0000000000000000     
   0.0000000000000000     
   0.0000000000000000     
   0.0000000000000000     
   0.0000000000000000     
  -3.0252636056330329E-002
   9.5356408114224758E-003
   2.5746633333500295E-002
  -1.1690286706325367E-002
   1.5240820216624834E-003
  -9.5797141182742945E-003
  -1.7226198766560459E-002
  -1.7837606251229626E-003
   2.7989069883960577E-002
  -1.0172455809075505E-003
  -1.2281640315176657E-002
   3.8455211469262465E-003
  -1.1853301330301612E-003
  -8.4789792439887159E-004
   8.4333720762199953E-003
   3.0412670740779702E-003
   0.0000000000000000     
   0.0000000000000000     
   0.0000000000000000     
   0.0000000000000000     
   0.0000000000000000     
   0.0000000000000000     
   0.0000000000000000     
   0.0000000000000000     
   0.0000000000000000     
   0.0000000000000000     
   0.0000000000000000     
   0.0000000000000000     
   0.0000000000000000     
   0.0000000000000000     
   0.0000000000000000     
   0.0000000000000000     
   3.2852610586450088E-003
  -3.7809209238185891E-002
   5.5734738298085741E-003
   7.0370111326139212E-002
   3.0353483274312672E-003
   4.6476438654941450E-003
   1.9723320585564217E-003
  -3.8267150207394658E-003
  -3.0378643699866840E-003
   2.3724019461638109E-002
  -7.6535125604658746E-003
  -4.9832474471579222E-002
  -6.5345140909668920E-003
  -9.7350848657541608E-003
   3.0097139212441034E-003
   1.1922546532383994E-002
   0.0000000000000000     
   0.0000000000000000     
   0.0000000000000000     
   0.0000000000000000     
   0.0000000000000000     
   0.0000000000000000     
   0.0000000000000000     
   0.0000000000000000     
   0.0000000000000000     
   0.0000000000000000     
   0.0000000000000000     
   0.0000000000000000     
   0.0000000000000000     
   0.0000000000000000     
   0.0000000000000000     
   0.0000000000000000     
   2.3610025469499262E-002
  -6.8123779549512740E-003
  -1.6371815019713905E-002
   5.0283462892772180E-003
  -2.3972831827122677E-003
  -1.0813647782218360E-002
  -2.7657279344628447E-003
   1.2188197398312532E-002
  -2.5101806164416450E-002
   1.9271691189379845E-003
   2.8425800692046265E-002
   2.1782736170667831E-002
   1.2628890919042738E-002
  -1.0676834681928812E-002
  -1.3972437954802852E-002
   3.0067227367887193E-003
   0.0000000000000000     
   0.0000000000000000     
   0.0000000000000000     
   0.0000000000000000     
   0.0000000000000000     
   0.0000000000000000     
   0.0000000000000000     
   0.0000000000000000     
   0.0000000000000000     
   0.0000000000000000     
   0.0000000000000000     
   0.0000000000000000     
   0.0000000000000000     
   0.0000000000000000     
   0.0000000000000000     
   0.0000000000000000     
   8.9582063136569353E-003
   1.0482345187299565E-002
  -1.3862437194995480E-002
  -2.8371784998392574E-002
   1.5422971431899128E-003
   5.2151426146111422E-003
  -2.7612530953736541E-002
   3.3572806724111517E-003
   1.1911099832001299E-003
  -2.0980632847435857E-002
   1.1129141057232620E-002
   3.8865045537402207E-002
  -2.3919162459534564E-003
  -6.8471207999286857E-003
   8.2349679879868097E-003
   5.3292219563470479E-003
   0.0000000000000000     
   0.0000000000000000     
   0.0000000000000000     
   0.0000000000000000     
   0.0000000000000000     
   0.0000000000000000     
   0.0000000000000000     
   0.0000000000000000     
   0.0000000000000000     
   0.0000000000000000     
   0.0000000000000000     
   0.0000000000000000     
   0.0000000000000000     
   0.0000000000000000     
   0.0000000000000000     
   0.0000000000000000     
   1.4904297538644973E-002
   3.9455958243511287E-003
  -1.2169371411415307E-003
  -1.7435688202421466E-002
  -3.2978513808213816E-002
  -1.5040613676845643E-002
   3.8517515847940879E-002
  -2.5317368578982547E-003
  -3.5202980225027907E-003
  -3.6521591317993859E-003
  -6.4433665534565018E-003
  -3.1481982072712250E-003
   3.2032938256198344E-002
   1.3594662578420593E-002
  -3.3502271763150362E-002
   6.6515638688989503E-003
   0.0000000000000000     
   0.0000000000000000     
   0.0000000000000000     
   0.0000000000000000     
   0.0000000000000000     
   0.0000000000000000     
   0.0000000000000000     
   0.0000000000000000     
   0.0000000000000000     
   0.0000000000000000     
   0.0000000000000000     
   0.0000000000000000     
   0.0000000000000000     
   0.0000000000000000     
   0.0000000000000000     
   0.0000000000000000     
  -5.7380907842889050E-003
  -5.1748111974971502E-003
   1.5909917544437220E-002
  -1.5601325761380477E-002
   4.0583083565645705E-003
  -3.3417377130755425E-002
   2.0340067457450456E-002
   3.4126475674238196E-002
  -4.2904374681382220E-003
   7.4515912640888890E-004
  -7.9767441849958908E-005
  -9.1582814615384228E-003
  -9.2674464957165411E-003
   3.0853392464191630E-002
   3.5819686810091740E-002
  -3.7610565958961673E-002
   0.0000000000000000     
   0.0000000000000000     
   0.0000000000000000     
   0.0000000000000000     
   0.0000000000000000     
   0.0000000000000000     
   0.0000000000000000     
   0.0000000000000000     
   0.0000000000000000     
   0.0000000000000000     
   0.0000000000000000     
   0.0000000000000000     
   0.0000000000000000     
   0.0000000000000000     
   0.0000000000000000     
   0.0000000000000000     
   1.2859561518850152E-002
   5.1583015834183689E-003
  -2.9227759782044692E-002
  -2.6909667570132745E-002
   4.7751052087386225E-002
  -2.3720454212332269E-004
  -4.7083990874797997E-002
   9.3252629298504956E-004
  -9.6500461227953110E-003
  -1.0375459847001545E-002
  -3.2475559017830486E-004
   1.4376474737838188E-003
  -2.4593812197658667E-002
   7.0413537331720927E-003
   3.7705880448626203E-002
   2.7078936499302397E-003
   0.0000000000000000     
   0.0000000000000000     
   0.0000000000000000     
   0.0000000000000000     
   0.0000000000000000     
   0.0000000000000000     
   0.0000000000000000     
   0.0000000000000000     
   0.0000000000000000     
   0.0000000000000000     
   0.0000000000000000     
   0.0000000000000000     
   0.0000000000000000     
   0.0000000000000000     
   0.0000000000000000     
   0.0000000000000000     
  -1.3718409261783308E-002
   1.0023102825355145E-003
  -3.0638767170397207E-003
   2.7380384862202234E-002
  -2.1761776675284932E-002
   4.5762643991932195E-002
   7.8193089400983710E-004
  -4.1673306971631602E-002
   5.1901220604414489E-003
   1.2654659161859946E-002
   2.6809922896924208E-003
   4.1943350925294307E-004
  -5.0464336564273252E-003
  -2.0921056210560805E-002
  -6.8129454246662864E-003
   4.2038414031722329E-002
   0.0000000000000000     
   0.0000000000000000     
   0.0000000000000000     
   0.0000000000000000     
   0.0000000000000000     
   0.0000000000000000     
   0.0000000000000000     
   0.0000000000000000     
   0.0000000000000000     
   0.0000000000000000     
   0.0000000000000000     
   0.0000000000000000     
   0.0000000000000000     
   0.0000000000000000     
   0.0000000000000000     
   0.0000000000000000     
   3.2895271381111243E-002
   3.1614668577770720E-003
  -3.6594055200914112E-002
   9.3521834565349401E-003
  -9.0884706518634048E-003
  -1.8956465765029857E-003
  -6.2316563347034537E-003
   7.8728307587313841E-003
  -2.6393275098220731E-002
   5.1810331131530180E-003
   3.6664237063693060E-002
   4.6175293827081893E-003
   7.4283394201228310E-004
  -1.3426761698141795E-002
  -3.4284836740874534E-002
  -2.6707756583105786E-003
   0.0000000000000000     
   0.0000000000000000     
   0.0000000000000000     
   0.0000000000000000     
   0.0000000000000000     
   0.0000000000000000     
   0.0000000000000000     
   0.0000000000000000     
   0.0000000000000000     
   0.0000000000000000     
   0.0000000000000000     
   0.0000000000000000     
   0.0000000000000000     
   0.0000000000000000     
   0.0000000000000000     
   0.0000000000000000     
  -4.0723081950098488E-004
   2.4736903815270151E-002
   6.2175811292183945E-003
  -2.5987789287360136E-002
   5.5811866727095119E-004
   4.8739646998793122E-003
   2.3346158500529455E-003
  -9.0574427911093540E-003
   2.3158818527023906E-003
  -1.7952399907208556E-002
   2.5292697979223649E-002
   2.8038977714681161E-002
  -3.4952570952986898E-003
  -2.5142308870508786E-003
   1.0658945164604198E-002
   4.6798276213768043E-003
   0.0000000000000000     
   0.0000000000000000     
   0.0000000000000000     
   0.0000000000000000     
   0.0000000000000000     
   0.0000000000000000     
   0.0000000000000000     
   0.0000000000000000     
   0.0000000000000000     
   0.0000000000000000     
   0.0000000000000000     
   0.0000000000000000     
   0.0000000000000000     
   0.0000000000000000     
   0.0000000000000000     
   0.0000000000000000     
  -4.7670667085009236E-002
   1.0802290586199210E-002
   3.3945629106883771E-002
  -7.7564592753746431E-004
  -1.2911618606385355E-002
  -2.2921927969207501E-002
   5.9099215510970013E-002
   5.5211736185057734E-003
   2.4587287214179576E-002
  -1.0337768917029779E-002
  -4.4915242869727048E-002
  -7.5054491378065222E-003
   7.7931020344050722E-003
   1.2806682204999965E-002
  -1.4230976579398050E-004
  -4.3306150603145532E-003
   0.0000000000000000     
   0.0000000000000000     
   0.0000000000000000     
   0.0000000000000000     
   0.0000000000000000     
   0.0000000000000000     
   0.0000000000000000     
   0.0000000000000000     
   0.0000000000000000     
   0.0000000000000000     
   0.0000000000000000     
   0.0000000000000000     
   0.0000000000000000     
   0.0000000000000000     
   0.0000000000000000     
   0.0000000000000000     
  -1.5491501314583414E-002
  -2.6833456743733643E-002
   1.0249012101014421E-002
   3.1931181729532979E-002
   3.7178272589075368E-003
  -5.9004648963934510E-003
   1.3900222975619814E-002
   1.5984832179455396E-003
  -8.9030581789473311E-003
   2.5304579090602641E-002
   2.1685990283955734E-003
  -4.0287215113346285E-002
   6.6051344024730513E-004
   8.2304778992474802E-003
  -2.0540383386578338E-002
  -4.7106659430870166E-003
   0.0000000000000000     
   0.0000000000000000     
   0.0000000000000000     
   0.0000000000000000     
   0.0000000000000000     
   0.0000000000000000     
   0.0000000000000000     
   0.0000000000000000     
   0.0000000000000000     
   0.0000000000000000     
   0.0000000000000000     
   0.0000000000000000     
   0.0000000000000000     
   0.0000000000000000     
   0.0000000000000000     
   0.0000000000000000     
   0.0000000000000000     
   0.0000000000000000     
   0.0000000000000000     
   0.0000000000000000     
   0.0000000000000000     
   0.0000000000000000     
   0.0000000000000000     
   0.0000000000000000     
   0.0000000000000000     
   0.0000000000000000     
   0.0000000000000000     
   0.0000000000000000     
   0.0000000000000000     
   0.0000000000000000     
   0.0000000000000000     
   0.0000000000000000     
  -7.0526772854909473E-004
   7.9953018508039323E-003
   7.6590987375268295E-005
  -3.2874240245903711E-003
   4.5578663507283887E-002
   1.8321339572252029E-002
  -8.1683096916894769E-003
  -1.7365744319795262E-003
   9.4955082475209462E-003
   1.6502817838764651E-002
  -1.5857555652755869E-002
   1.6700612278989786E-002
  -2.8759368986577043E-002
  -2.5734310628460289E-003
   1.4714101603403315E-002
   3.7687798211296876E-003
   0.0000000000000000     
   0.0000000000000000     
   0.0000000000000000     
   0.0000000000000000     
   0.0000000000000000     
   0.0000000000000000     
   0.0000000000000000     
   0.0000000000000000     
   0.0000000000000000     
   0.0000000000000000     
   0.0000000000000000     
   0.0000000000000000     
   0.0000000000000000     
   0.0000000000000000     
   0.0000000000000000     
   0.0000000000000000     
   3.1078405600778406E-003
  -1.5672009302141923E-003
   5.4634932102015504E-003
   1.0974882796455410E-002
   5.4548207749132906E-003
   2.9378700287643934E-002
   1.8143451878611706E-003
  -2.5674341324181772E-002
  -1.8734056721189218E-002
   1.3950588709657596E-003
  -3.3886995495545870E-003
  -1.0489825470138520E-002
  -4.9272844559887360E-003
  -3.8093477309125948E-002
  -4.7520312816630604E-003
   3.6663773274558727E-002
   0.0000000000000000     
   0.0000000000000000     
   0.0000000000000000     
   0.0000000000000000     
   0.0000000000000000     
   0.0000000000000000     
   0.0000000000000000     
   0.0000000000000000     
   0.0000000000000000     
   0.0000000000000000     
   0.0000000000000000     
   0.0000000000000000     
   0.0000000000000000     
   0.0000000000000000     
   0.0000000000000000     
   0.0000000000000000     
  -3.7753276302811638E-003
  -2.3291381558031565E-003
   1.0736861205586916E-003
   7.2220142531688623E-003
  -5.8925056730061084E-002
  -2.2805633602591010E-003
   2.0701612711248873E-002
  -6.6584339557880469E-003
   1.5082912617950441E-002
   1.3832971896378290E-002
  -6.5220030121957150E-005
   8.3386304518985634E-003
   1.8336085262899673E-002
  -1.9827813820331333E-003
  -2.2609482807975798E-002
  -1.7330217876113379E-003
   0.0000000000000000     
   0.0000000000000000     
   0.0000000000000000     
   0.0000000000000000     
   0.0000000000000000     
   0.0000000000000000     
   0.0000000000000000     
   0.0000000000000000     
   0.0000000000000000     
   0.0000000000000000     
   0.0000000000000000     
   0.0000000000000000     
   0.0000000000000000     
   0.0000000000000000     
   0.0000000000000000     
   0.0000000000000000     
  -2.8445733965934568E-003
  -4.1212168471187515E-003
  -4.3343619151667324E-003
  -8.6823160533557845E-004
   4.1319541286986824E-002
  -3.4107356286462984E-002
  -4.8668717776251969E-003
   3.4588477263219945E-002
  -2.0805777137483236E-003
  -1.0997243719033812E-002
   7.5219296167778936E-003
  -4.4965575900093565E-003
  -6.1882180080924051E-004
   1.7708980156377219E-002
  -6.1027349997183050E-003
  -2.8717555051061390E-002
   0.0000000000000000     
   0.0000000000000000     
   0.0000000000000000     
   0.0000000000000000     
   0.0000000000000000     
   0.0000000000000000     
   0.0000000000000000     
   0.0000000000000000     
   0.0000000000000000     
   0.0000000000000000     
   0.0000000000000000     
   0.0000000000000000     
   0.0000000000000000     
   0.0000000000000000     
   0.0000000000000000     
   0.0000000000000000     
  -4.0309409696343515E-002
  -1.2222930148481730E-002
   5.2664134946790210E-002
   8.2926595828889602E-003
  -2.8045579827936902E-003
   7.4282942152811143E-003
   1.4570046651304078E-002
  -1.3079221730703449E-002
   4.0385341981297083E-002
   1.9981117152206254E-002
  -2.8944924382853694E-002
  -1.1501161139369574E-002
  -4.1373483160696313E-003
  -3.7007753940284855E-003
  -1.8455553147709282E-002
  -5.8310300594019886E-003
   0.0000000000000000     
   0.0000000000000000     
   0.0000000000000000     
   0.0000000000000000     
   0.0000000000000000     
   0.0000000000000000     
   0.0000000000000000     
   0.0000000000000000     
   0.0000000000000000     
   0.0000000000000000     
   0.0000000000000000     
   0.0000000000000000     
   0.0000000000000000     
   0.0000000000000000     
   0.0000000000000000     
   0.0000000000000000     
   8.1254448100916352E-003
  -9.8895856900028754E-003
  -7.0881599741566773E-003
   3.5546564500922598E-002
  -8.1841671905922807E-003
  -4.3198338490308061E-003
   2.4194336585312121E-003
  -1.0511693161133481E-002
  -1.4433206030371534E-002
   3.2335026618987933E-002
   1.1478719193208744E-002
  -3.7457112162817122E-002
  -4.9984158228591974E-003
  -2.4890091723006432E-002
  -8.2294930870547896E-003
  -1.1911488809340301E-002
   0.0000000000000000     
   0.0000000000000000     
   0.0000000000000000     
   0.0000000000000000     
   0.0000000000000000     
   0.0000000000000000     
   0.0000000000000000     
   0.0000000000000000     
   0.0000000000000000     
   0.0000000000000000     
   0.0000000000000000     
   0.0000000000000000     
   0.0000000000000000     
   0.0000000000000000     
   0.0000000000000000     
   0.0000000000000000     
   2.0358367171877518E-002
  -1.5156893131261944E-003
  -4.6560557645929021E-002
   1.9222688159434010E-004
  -5.4466358504248781E-003
  -6.5331547514074608E-003
  -1.6794064488491502E-003
   3.0134603948710943E-002
  -2.1959403768712603E-002
   2.7254555774783744E-002
   4.1566887035503840E-002
  -9.6444073363648793E-003
   9.9212128657187181E-004
  -4.2511685468833417E-002
   1.2593275500851372E-002
  -3.0456507601424976E-003
   0.0000000000000000     
   0.0000000000000000     
   0.0000000000000000     
   0.0000000000000000     
   0.0000000000000000     
   0.0000000000000000     
   0.0000000000000000     
   0.0000000000000000     
   0.0000000000000000     
   0.0000000000000000     
   0.0000000000000000     
   0.0000000000000000     
   0.0000000000000000     
   0.0000000000000000     
   0.0000000000000000     
   0.0000000000000000     
  -2.1474582867253280E-003
   2.8473998687008999E-002
  -8.1268353594267147E-003
  -3.9064909352431627E-002
   3.1118843290200643E-003
  -7.4967827547763673E-004
  -3.5073783333949386E-003
   4.3786404207116509E-003
   3.3647459942651196E-003
  -4.8361188210875941E-002
   7.3363449759132637E-004
   3.5389436409557842E-002
  -1.2162834041296892E-002
   1.6526763029451590E-002
  -5.4178109762081429E-004
   7.7899715797324579E-003
   0.0000000000000000     
   0.0000000000000000     
   0.0000000000000000     
   0.0000000000000000     
   0.0000000000000000     
   0.0000000000000000     
   0.0000000000000000     
   0.0000000000000000     
   0.0000000000000000     
   0.0000000000000000     
   0.0000000000000000     
   0.0000000000000000     
   0.0000000000000000     
   0.0000000000000000     
   0.0000000000000000     
   0.0000000000000000     
   1.2605089431244946E-002
   1.3814820006361129E-002
   4.5213366830229263E-003
   3.6743106966726459E-003
  -3.5576396391354174E-002
  -2.9819441836271996E-003
   3.3499131298464725E-003
  -5.0008335125204138E-003
   5.9192451140356399E-004
  -1.5854824604164653E-004
   1.3045245093165605E-003
   7.6503404369593171E-003
   2.1794861440370350E-002
   5.1839680659229075E-003
  -1.6267868291538420E-002
   1.7019639128436903E-003
   0.0000000000000000     
   0.0000000000000000     
   0.0000000000000000     
   0.0000000000000000     
   0.0000000000000000     
   0.0000000000000000     
   0.0000000000000000     
   0.0000000000000000     
   0.0000000000000000     
   0.0000000000000000     
   0.0000000000000000     
   0.0000000000000000     
   0.0000000000000000     
   0.0000000000000000     
   0.0000000000000000     
   0.0000000000000000     
   1.6798909551581760E-002
  -7.2193632553363097E-003
  -3.4068649764730174E-003
   1.1692944320032757E-002
  -7.9430677430737261E-004
  -3.8419221233807879E-002
  -3.0660936328174892E-003
   4.8291289123764923E-002
  -2.3931600139598776E-003
  -1.4640380618029494E-003
   2.4603523307644174E-003
  -1.3238807149608622E-003
  -1.5891700314865615E-004
   3.1648292367394699E-002
   4.9342789796621173E-003
  -3.5057386770547996E-002
   0.0000000000000000     
   0.0000000000000000     
   0.0000000000000000     
   0.0000000000000000     
   0.0000000000000000     
   0.0000000000000000     
   0.0000000000000000     
   0.0000000000000000     
   0.0000000000000000     
   0.0000000000000000     
   0.0000000000000000     
   0.0000000000000000     
   0.0000000000000000     
   0.0000000000000000     
   0.0000000000000000     
   0.0000000000000000     
   1.5215414864344821E-003
  -7.3048437828516707E-004
  -1.1977580093149974E-002
  -3.0578052132794347E-003
   3.4968538241151134E-002
   3.4686203903568262E-003
  -2.8456397980138042E-002
   3.2655174531213284E-002
  -2.3702163841631757E-003
   4.1361949316115745E-003
  -4.0431145182519350E-004
  -6.5295571806660057E-003
  -1.6639696392626850E-002
  -6.2113932170551221E-003
   3.4379922388215856E-002
  -4.9531105820124349E-003
   0.0000000000000000     
   0.0000000000000000     
   0.0000000000000000     
   0.0000000000000000     
   0.0000000000000000     
   0.0000000000000000     
   0.0000000000000000     
   0.0000000000000000     
   0.0000000000000000     
   0.0000000000000000     
   0.0000000000000000     
   0.0000000000000000     
   0.0000000000000000     
   0.0000000000000000     
   0.0000000000000000     
   0.0000000000000000     
  -1.0314644354632436E-002
  -7.0151410078561375E-003
   4.1094264562045952E-003
  -4.6391143649807389E-003
  -2.6364682428077334E-002
   3.1924005926164865E-002
   3.5153863599754033E-003
  -6.2747501147288651E-002
  -3.7845935258201914E-003
   5.2942312751018059E-003
  -4.2671803277370872E-003
   5.3995840311370571E-003
   8.1880127733441922E-003
  -2.9183242319812452E-002
   1.7784546699703647E-002
   4.9990750095159922E-002
   0.0000000000000000     
   0.0000000000000000     
   0.0000000000000000     
   0.0000000000000000     
   0.0000000000000000     
   0.0000000000000000     
   0.0000000000000000     
   0.0000000000000000     
   0.0000000000000000     
   0.0000000000000000     
   0.0000000000000000     
   0.0000000000000000     
   0.0000000000000000     
   0.0000000000000000     
   0.0000000000000000     
   0.0000000000000000     
   3.1106887200595908E-002
   1.4283826088608245E-002
  -3.6598315193525299E-002
  -6.5790669383045241E-003
  -1.9412018288898207E-002
   5.8484822022699390E-003
  -4.5542072270113197E-003
   2.2551693740324320E-002
  -2.7070799813887225E-002
  -2.1785837036298349E-003
   3.1857111848171950E-002
   6.9206837234741967E-003
   1.9298583615195348E-003
   3.2910228496600010E-003
  -1.8315690895177705E-002
  -1.7520074506898180E-002
   0.0000000000000000     
   0.0000000000000000     
   0.0000000000000000     
   0.0000000000000000     
   0.0000000000000000     
   0.0000000000000000     
   0.0000000000000000     
   0.0000000000000000     
   0.0000000000000000     
   0.0000000000000000     
   0.0000000000000000     
   0.0000000000000000     
   0.0000000000000000     
   0.0000000000000000     
   0.0000000000000000     
   0.0000000000000000     
  -5.9624364515278860E-003
   2.0565770150891866E-002
   3.2621136655850112E-003
  -3.6971308415131396E-002
   4.2669987513701546E-003
   8.0407325668062409E-003
  -1.3392669170038229E-002
  -5.5437457889613235E-003
   7.4483463099049877E-003
  -2.7604906913499167E-002
   1.5058016949707942E-003
   2.9046930228525163E-002
  -1.1631569427747073E-003
   3.2540146070563338E-004
   4.1162791895594077E-003
  -4.4799078151188491E-003
   0.0000000000000000     
   0.0000000000000000     
   0.0000000000000000     
   0.0000000000000000     
   0.0000000000000000     
   0.0000000000000000     
   0.0000000000000000     
   0.0000000000000000     
   0.0000000000000000     
   0.0000000000000000     
   0.0000000000000000     
   0.0000000000000000     
   0.0000000000000000     
   0.0000000000000000     
   0.0000000000000000     
   0.0000000000000000     
  -2.6396960768399657E-002
   1.1362707484401755E-003
   5.6182787887553487E-002
   2.0645159265947850E-002
   2.2044896854381728E-003
  -3.3012319989593462E-003
  -1.1471542903580465E-002
  -9.8330374802311823E-003
   1.7909640773746793E-002
  -3.8269912226262968E-003
  -4.5183364434743079E-002
  -5.4197678939196204E-003
  -2.9773085827902836E-003
   1.0230559247963321E-003
  -8.1196247529642922E-004
  -5.4490187347852603E-004
   0.0000000000000000     
   0.0000000000000000     
   0.0000000000000000     
   0.0000000000000000     
   0.0000000000000000     
   0.0000000000000000     
   0.0000000000000000     
   0.0000000000000000     
   0.0000000000000000     
   0.0000000000000000     
   0.0000000000000000     
   0.0000000000000000     
   0.0000000000000000     
   0.0000000000000000     
   0.0000000000000000     
   0.0000000000000000     
   8.5352857239380225E-003
  -3.6660292320892074E-002
   1.2057744063647811E-002
   5.3289237745357730E-002
   5.3705431239692639E-004
  -2.5890407210834333E-002
  -1.0010633804857594E-003
   4.2981786252401621E-002
  -6.9665491905074198E-004
   3.7170293094019147E-002
   4.9427535311960440E-003
  -4.9275889852404005E-002
   2.6917016352606916E-003
   1.0058393059503585E-002
   5.2029794122538603E-003
   9.2571562766093508E-004
