  0.43776149937075426     
  0.12060529026699134     
  -1.7299892842056481E-002
  0.11622359645358200     
  0.16267414714403125     
   4.6283954298853493E-002
  -1.5568536856850543E-002
   1.8848936956297697E-002
  -2.1960571197386491E-002
  -2.7418200805769444E-002
  -8.1134431705612020E-003
  -3.5646772724416645E-002
  0.11514112592152828     
   5.6857645387932018E-002
   1.3619276373894498E-003
   9.3595136445559363E-003
   0.0000000000000000     
   0.0000000000000000     
   0.0000000000000000     
   0.0000000000000000     
   0.0000000000000000     
   0.0000000000000000     
   0.0000000000000000     
   0.0000000000000000     
   0.0000000000000000     
   0.0000000000000000     
   0.0000000000000000     
   0.0000000000000000     
   0.0000000000000000     
   0.0000000000000000     
   0.0000000000000000     
   0.0000000000000000     
  0.14556160877455701     
  0.42240042613854839     
  0.15540649294087708     
   3.1314279233818779E-003
   9.3489402594025661E-002
  0.15342027788834775     
  -4.7355657540288695E-003
  -4.8608183054342433E-003
  -3.9077939456114069E-002
  -2.4635490029132668E-002
  -5.0357140451610063E-002
  -2.2157606256481450E-002
   2.1029438507747557E-002
  0.10769071762353073     
   2.2372281223918190E-002
  -4.7144936036037421E-002
   0.0000000000000000     
   0.0000000000000000     
   0.0000000000000000     
   0.0000000000000000     
   0.0000000000000000     
   0.0000000000000000     
   0.0000000000000000     
   0.0000000000000000     
   0.0000000000000000     
   0.0000000000000000     
   0.0000000000000000     
   0.0000000000000000     
   0.0000000000000000     
   0.0000000000000000     
   0.0000000000000000     
   0.0000000000000000     
  -3.7198515025526735E-002
  0.11632249024166788     
  0.42619373911437275     
  0.15870442860833700     
  -2.0167825453493427E-002
   4.7313886939204873E-002
  0.15741904867573103     
   4.7850171922137232E-002
  -1.0416092740105255E-002
  -2.1760990365299965E-002
  -2.5167357274527395E-002
  -2.6504643251508569E-002
  -3.2132585874766473E-002
   3.9419367022573204E-002
  0.15764182136272656     
   2.0400725666910580E-002
   0.0000000000000000     
   0.0000000000000000     
   0.0000000000000000     
   0.0000000000000000     
   0.0000000000000000     
   0.0000000000000000     
   0.0000000000000000     
   0.0000000000000000     
   0.0000000000000000     
   0.0000000000000000     
   0.0000000000000000     
   0.0000000000000000     
   0.0000000000000000     
   0.0000000000000000     
   0.0000000000000000     
   0.0000000000000000     
  0.12766386221046178     
  -3.9376391640321841E-002
  0.13426406425433984     
  0.47549482609591037     
   2.2785688260469082E-002
  -4.4644455086043450E-002
   3.6198906264244872E-002
  0.11537895898079362     
  -3.0383933950995173E-002
  -2.2262389442162946E-002
  -1.0487476306090926E-002
   4.1157498808441625E-003
   1.2226057085582715E-002
  -1.7325434084140372E-002
   2.0139751463984973E-002
  0.12753748149075253     
   0.0000000000000000     
   0.0000000000000000     
   0.0000000000000000     
   0.0000000000000000     
   0.0000000000000000     
   0.0000000000000000     
   0.0000000000000000     
   0.0000000000000000     
   0.0000000000000000     
   0.0000000000000000     
   0.0000000000000000     
   0.0000000000000000     
   0.0000000000000000     
   0.0000000000000000     
   0.0000000000000000     
   0.0000000000000000     
  0.15804066262879543     
   2.9419131253762353E-002
  -1.0291327188631840E-002
   2.1763332526139857E-002
  0.34740922976444799     
  0.10443710977115037     
  -1.0434121512321388E-002
  0.16148731866295854     
  0.14594744783732633     
   8.3429988502756840E-003
  -2.3175431036002118E-002
   1.9798941357178284E-002
  -6.6702380911525198E-003
  -2.6441379488670098E-002
   2.8588718363946808E-003
  -5.8616133695214935E-002
   0.0000000000000000     
   0.0000000000000000     
   0.0000000000000000     
   0.0000000000000000     
   0.0000000000000000     
   0.0000000000000000     
   0.0000000000000000     
   0.0000000000000000     
   0.0000000000000000     
   0.0000000000000000     
   0.0000000000000000     
   0.0000000000000000     
   0.0000000000000000     
   0.0000000000000000     
   0.0000000000000000     
   0.0000000000000000     
   3.3251309999990070E-002
  0.16541283508220034     
   2.0727575522253260E-002
  -2.1559146305516665E-002
  0.11995089228475497     
  0.46457981462897308     
  0.13676829585096625     
  -1.4587195514647622E-002
   1.2594652436600583E-002
  0.12456320452262896     
   1.5113133802018374E-002
  -3.4806797105644056E-002
  -4.6712499616533440E-002
  -4.1172406338516295E-003
  -3.5824506444048457E-002
  -3.0572164768387106E-002
   0.0000000000000000     
   0.0000000000000000     
   0.0000000000000000     
   0.0000000000000000     
   0.0000000000000000     
   0.0000000000000000     
   0.0000000000000000     
   0.0000000000000000     
   0.0000000000000000     
   0.0000000000000000     
   0.0000000000000000     
   0.0000000000000000     
   0.0000000000000000     
   0.0000000000000000     
   0.0000000000000000     
   0.0000000000000000     
  -6.0087028502937324E-002
   5.2010524895344648E-002
  0.10650579174390380     
   3.3431713804689053E-002
   3.9625410019740442E-003
  0.14437568780582086     
  0.39328517013860276     
  0.12235733780077707     
  -3.5242291950185529E-002
   2.2537308397762142E-002
  0.12954929502980289     
   3.5017265437128256E-002
  -2.8556352562589638E-002
  -4.7057535018048754E-002
   3.1129958645381532E-003
  -1.6447975104239232E-002
   0.0000000000000000     
   0.0000000000000000     
   0.0000000000000000     
   0.0000000000000000     
   0.0000000000000000     
   0.0000000000000000     
   0.0000000000000000     
   0.0000000000000000     
   0.0000000000000000     
   0.0000000000000000     
   0.0000000000000000     
   0.0000000000000000     
   0.0000000000000000     
   0.0000000000000000     
   0.0000000000000000     
   0.0000000000000000     
   2.4971569642315481E-002
  -3.2055736875322115E-002
   7.2104710782323845E-003
  0.13319270360810526     
   9.9976943634775411E-002
  -7.1202005556681462E-003
  0.15220673732005724     
  0.39266574408727994     
   1.2902296916098632E-002
  -3.3547580804469568E-002
   6.2809875387030093E-003
  0.14144751520187615     
  -2.0645195952323548E-002
  -3.8314456249706655E-002
  -4.2623259906733803E-002
   5.4628659398314183E-003
   0.0000000000000000     
   0.0000000000000000     
   0.0000000000000000     
   0.0000000000000000     
   0.0000000000000000     
   0.0000000000000000     
   0.0000000000000000     
   0.0000000000000000     
   0.0000000000000000     
   0.0000000000000000     
   0.0000000000000000     
   0.0000000000000000     
   0.0000000000000000     
   0.0000000000000000     
   0.0000000000000000     
   0.0000000000000000     
  -4.8865359653129950E-002
  -4.7926349343073341E-002
  -3.7666763808623195E-002
  -4.1869622664876899E-002
  0.14472070250107133     
   3.5408298868589316E-002
  -4.4084858291180237E-002
   2.0797507996439840E-002
  0.53953220092749132     
  0.12508294001076853     
  -3.0051527245505881E-002
  0.15502199206530440     
  0.13619535623719428     
   2.0553500857513483E-002
  -2.8736978797099688E-002
   1.6951752366724717E-002
   0.0000000000000000     
   0.0000000000000000     
   0.0000000000000000     
   0.0000000000000000     
   0.0000000000000000     
   0.0000000000000000     
   0.0000000000000000     
   0.0000000000000000     
   0.0000000000000000     
   0.0000000000000000     
   0.0000000000000000     
   0.0000000000000000     
   0.0000000000000000     
   0.0000000000000000     
   0.0000000000000000     
   0.0000000000000000     
  -5.7366091417248119E-002
  -2.9189716138541967E-002
  -1.8017393431663253E-002
  -3.6536945482357454E-002
   2.5545369837833443E-002
  0.15171589002481603     
   2.7696099846404910E-002
  -4.5106721598335918E-002
  0.19855833137292184     
  0.43034261421721742     
  0.12078767001587691     
  -5.4579644764198944E-002
   2.9341677441152930E-002
  0.12998071267407305     
   1.2186588078954572E-002
  -4.5466003072076738E-002
   0.0000000000000000     
   0.0000000000000000     
   0.0000000000000000     
   0.0000000000000000     
   0.0000000000000000     
   0.0000000000000000     
   0.0000000000000000     
   0.0000000000000000     
   0.0000000000000000     
   0.0000000000000000     
   0.0000000000000000     
   0.0000000000000000     
   0.0000000000000000     
   0.0000000000000000     
   0.0000000000000000     
   0.0000000000000000     
  -6.6405551794158166E-003
  -3.8261170387267375E-002
  -2.3287509166140592E-002
  -2.6212720691703086E-002
  -3.3707454921377847E-002
   1.7458151333095029E-003
  0.15341988331497541     
   8.6473402161060097E-003
  -5.5907028829701486E-002
  0.13562708526389816     
  0.52952122477669095     
  0.13730703767228158     
  -3.1055230454717871E-002
   3.4778200942043959E-002
  0.13423008079930918     
   1.7689573703479504E-002
   0.0000000000000000     
   0.0000000000000000     
   0.0000000000000000     
   0.0000000000000000     
   0.0000000000000000     
   0.0000000000000000     
   0.0000000000000000     
   0.0000000000000000     
   0.0000000000000000     
   0.0000000000000000     
   0.0000000000000000     
   0.0000000000000000     
   0.0000000000000000     
   0.0000000000000000     
   0.0000000000000000     
   0.0000000000000000     
  -2.1048309056855560E-002
  -1.3189820435978569E-002
  -9.0140182885409138E-003
   2.1555883887880354E-002
   5.1205055257464119E-002
  -4.7164460049300538E-003
   7.7120751805330092E-003
  0.13424549178358056     
  0.15937381525076288     
  -2.9538954963061685E-002
   9.3022012237095442E-002
  0.42784458621460830     
   5.5412635890514971E-003
  -4.5391841102857294E-002
   3.8458871233005128E-002
  0.14464981315811506     
   0.0000000000000000     
   0.0000000000000000     
   0.0000000000000000     
   0.0000000000000000     
   0.0000000000000000     
   0.0000000000000000     
   0.0000000000000000     
   0.0000000000000000     
   0.0000000000000000     
   0.0000000000000000     
   0.0000000000000000     
   0.0000000000000000     
   0.0000000000000000     
   0.0000000000000000     
   0.0000000000000000     
   0.0000000000000000     
  0.12352632736104971     
   3.0097478453044845E-002
  -4.3904078029706840E-002
   2.9200867428590415E-002
  -4.7216802013936306E-002
  -2.2447493863486424E-002
  -2.3880515898734779E-002
  -4.6365083374195301E-002
  0.11314531487796117     
   2.0238411381570742E-002
  -2.8856370713149913E-002
   5.7771158205485399E-003
  0.45716243656114958     
  0.12233549748420294     
  -1.1607423742002238E-002
  0.11153521190428677     
   0.0000000000000000     
   0.0000000000000000     
   0.0000000000000000     
   0.0000000000000000     
   0.0000000000000000     
   0.0000000000000000     
   0.0000000000000000     
   0.0000000000000000     
   0.0000000000000000     
   0.0000000000000000     
   0.0000000000000000     
   0.0000000000000000     
   0.0000000000000000     
   0.0000000000000000     
   0.0000000000000000     
   0.0000000000000000     
   1.1651413101023887E-002
  0.13587278675856990     
   2.1982249015310571E-002
  -2.6771356751487424E-002
  -2.1443174461678455E-002
  -8.5142639942549676E-003
  -1.9321100648710531E-002
  -1.7890531476902137E-002
   1.8684793878816948E-002
   8.7505835764853573E-002
   1.1924421702709517E-002
  -2.5498024507026575E-002
  0.11483923942593470     
  0.40184207055475429     
  0.10862269047928189     
  -5.2629865186637958E-003
   0.0000000000000000     
   0.0000000000000000     
   0.0000000000000000     
   0.0000000000000000     
   0.0000000000000000     
   0.0000000000000000     
   0.0000000000000000     
   0.0000000000000000     
   0.0000000000000000     
   0.0000000000000000     
   0.0000000000000000     
   0.0000000000000000     
   0.0000000000000000     
   0.0000000000000000     
   0.0000000000000000     
   0.0000000000000000     
  -3.9299851597515922E-002
   3.5899975709308252E-002
  0.13291259720633417     
   3.4684104647063875E-002
  -5.9428785273875941E-002
  -5.4205761492657364E-002
  -9.9301027708278318E-003
  -2.4165924421324571E-002
  -2.6174716259880708E-002
   4.9679716083066310E-002
  0.13277123745740591     
   7.1491261686830680E-003
  -1.4311432173501342E-002
  0.16158812270023665     
  0.48415507685571602     
  0.12910324253522093     
   0.0000000000000000     
   0.0000000000000000     
   0.0000000000000000     
   0.0000000000000000     
   0.0000000000000000     
   0.0000000000000000     
   0.0000000000000000     
   0.0000000000000000     
   0.0000000000000000     
   0.0000000000000000     
   0.0000000000000000     
   0.0000000000000000     
   0.0000000000000000     
   0.0000000000000000     
   0.0000000000000000     
   0.0000000000000000     
   5.5823110064000134E-002
  -3.3690007757069838E-002
   2.1449989698143084E-002
  0.11925338475500817     
  -2.2720785234690954E-002
  -2.9658697941326650E-002
  -3.3692571963390081E-002
  -3.6377982973304454E-002
   1.7507302090537750E-002
  -3.2933245786929979E-002
   3.9393908979926909E-002
  0.13443118264070286     
   9.4855936464992283E-002
  -2.3348758318633367E-002
  0.17501664009008766     
  0.36980934055348225     
   0.0000000000000000     
   0.0000000000000000     
   0.0000000000000000     
   0.0000000000000000     
   0.0000000000000000     
   0.0000000000000000     
   0.0000000000000000     
   0.0000000000000000     
   0.0000000000000000     
   0.0000000000000000     
   0.0000000000000000     
   0.0000000000000000     
   0.0000000000000000     
   0.0000000000000000     
   0.0000000000000000     
   0.0000000000000000     
   0.0000000000000000     
   0.0000000000000000     
   0.0000000000000000     
   0.0000000000000000     
   0.0000000000000000     
   0.0000000000000000     
   0.0000000000000000     
   0.0000000000000000     
   0.0000000000000000     
   0.0000000000000000     
   0.0000000000000000     
   0.0000000000000000     
   0.0000000000000000     
   0.0000000000000000     
   0.0000000000000000     
   0.0000000000000000     
  0.41575327226288711     
  0.12885302797377599     
   1.5431455595809057E-002
  0.14601483329995008     
  0.12528764959068170     
   3.6904942803932465E-002
  -2.7453149013280310E-002
   3.1906118919268478E-002
   6.8367126594542048E-004
  -2.8727435425589476E-002
  -5.1735160371840207E-002
  -4.0715990475036642E-002
  0.10590832702998824     
   1.1650442818266566E-002
  -1.7264419362616822E-002
   2.7293348092402629E-002
   0.0000000000000000     
   0.0000000000000000     
   0.0000000000000000     
   0.0000000000000000     
   0.0000000000000000     
   0.0000000000000000     
   0.0000000000000000     
   0.0000000000000000     
   0.0000000000000000     
   0.0000000000000000     
   0.0000000000000000     
   0.0000000000000000     
   0.0000000000000000     
   0.0000000000000000     
   0.0000000000000000     
   0.0000000000000000     
  0.12977582581734268     
  0.46161051505790585     
  0.11905365093087353     
  -5.9513736789377101E-003
   3.0560733897532177E-002
  0.13808736639239955     
   1.7338507739684750E-002
  -4.9271328323839327E-002
  -3.7434477803819213E-002
   1.3103217110092607E-002
  -2.9688372286707555E-002
  -1.2282110825693924E-002
   2.0151686654909309E-002
  0.11349975849498802     
   2.2628708494793853E-002
  -4.6340497274904510E-003
   0.0000000000000000     
   0.0000000000000000     
   0.0000000000000000     
   0.0000000000000000     
   0.0000000000000000     
   0.0000000000000000     
   0.0000000000000000     
   0.0000000000000000     
   0.0000000000000000     
   0.0000000000000000     
   0.0000000000000000     
   0.0000000000000000     
   0.0000000000000000     
   0.0000000000000000     
   0.0000000000000000     
   0.0000000000000000     
   6.9790532346721444E-003
  0.13560194090642616     
  0.46287565018766064     
  0.11868910668051288     
  -6.1065044567047630E-002
  -8.7041385136567093E-003
  0.14017634106000276     
   3.1866274321111207E-002
  -7.0840530796997831E-003
  -2.7248206316403872E-002
   7.2392156536041866E-003
  -2.2155421088986878E-002
  -6.1781911017115484E-002
   3.6701709887149034E-002
  0.12894319338013854     
   2.1989513475334461E-002
   0.0000000000000000     
   0.0000000000000000     
   0.0000000000000000     
   0.0000000000000000     
   0.0000000000000000     
   0.0000000000000000     
   0.0000000000000000     
   0.0000000000000000     
   0.0000000000000000     
   0.0000000000000000     
   0.0000000000000000     
   0.0000000000000000     
   0.0000000000000000     
   0.0000000000000000     
   0.0000000000000000     
   0.0000000000000000     
  0.11723025532151581     
  -1.4449302689318832E-002
  0.12380874984082661     
  0.37158857042296806     
   1.4075669613352137E-002
  -4.4560291117049997E-002
   3.2749039503407983E-002
  0.14274969642681573     
  -3.0112045584821241E-002
  -7.8596553840844768E-002
  -1.5878221610471054E-002
  -1.8472631440193525E-003
   1.5048732301197579E-002
  -1.8479929225327329E-002
   4.3092656032221663E-002
  0.13161905996449128     
   0.0000000000000000     
   0.0000000000000000     
   0.0000000000000000     
   0.0000000000000000     
   0.0000000000000000     
   0.0000000000000000     
   0.0000000000000000     
   0.0000000000000000     
   0.0000000000000000     
   0.0000000000000000     
   0.0000000000000000     
   0.0000000000000000     
   0.0000000000000000     
   0.0000000000000000     
   0.0000000000000000     
   0.0000000000000000     
  0.12827514738452522     
   1.6397185726819134E-002
   2.5630999468460591E-003
   1.7538277605550497E-002
  0.48540317707529768     
  0.14965755420081794     
  -2.2862310931735748E-002
  0.16084197289464250     
  0.12251497361827228     
   7.3801829141022596E-002
  -3.5000490107149222E-002
  -2.5160560814183240E-002
  -3.5671450169036598E-002
  -4.1097437031470438E-002
  -3.8951456507927709E-002
  -4.5643607258908356E-002
   0.0000000000000000     
   0.0000000000000000     
   0.0000000000000000     
   0.0000000000000000     
   0.0000000000000000     
   0.0000000000000000     
   0.0000000000000000     
   0.0000000000000000     
   0.0000000000000000     
   0.0000000000000000     
   0.0000000000000000     
   0.0000000000000000     
   0.0000000000000000     
   0.0000000000000000     
   0.0000000000000000     
   0.0000000000000000     
   9.2636898711786122E-003
  0.12774931093021835     
   4.5851444694379816E-002
  -2.9782954805973545E-002
  0.14746610724710679     
  0.40824409708168580     
  0.11700469550767842     
   4.1055336716245483E-003
   7.4146208314627843E-003
  0.18140921536367810     
   3.6503265466139453E-002
  -1.6922108489356179E-002
  -3.2441530654414089E-002
  -1.7233216634642744E-002
  -5.4439375225543249E-002
  -3.3767628962749582E-002
   0.0000000000000000     
   0.0000000000000000     
   0.0000000000000000     
   0.0000000000000000     
   0.0000000000000000     
   0.0000000000000000     
   0.0000000000000000     
   0.0000000000000000     
   0.0000000000000000     
   0.0000000000000000     
   0.0000000000000000     
   0.0000000000000000     
   0.0000000000000000     
   0.0000000000000000     
   0.0000000000000000     
   0.0000000000000000     
  -3.1381525675359338E-002
   4.5244102965449430E-002
  0.18900771845222006     
   3.9436371202432707E-002
  -4.4827075574132638E-002
  0.14180943533801921     
  0.49762878483620954     
  0.14854103298961657     
  -2.0452252739605953E-002
   3.8887401472933493E-002
  0.16082446802858691     
   1.5374954769470118E-002
  -7.7573785819583492E-003
  -5.2488096570516660E-002
  -2.8555290411196942E-002
  -5.6457748450868761E-002
   0.0000000000000000     
   0.0000000000000000     
   0.0000000000000000     
   0.0000000000000000     
   0.0000000000000000     
   0.0000000000000000     
   0.0000000000000000     
   0.0000000000000000     
   0.0000000000000000     
   0.0000000000000000     
   0.0000000000000000     
   0.0000000000000000     
   0.0000000000000000     
   0.0000000000000000     
   0.0000000000000000     
   0.0000000000000000     
   1.9242802023998813E-002
  -4.5758710427546638E-002
   3.4938414275490812E-002
  0.11792408507567356     
  0.14137204769040573     
  -4.2784659093574720E-002
  0.17296027222501345     
  0.45971105898861725     
   4.0540213947582192E-002
  -3.2260164180279667E-002
   2.7479791652473644E-002
  0.14683808925485270     
  -3.1110499704789751E-002
  -3.1768726892313685E-002
  -2.8201667542258842E-002
  -1.3592555694455503E-002
   0.0000000000000000     
   0.0000000000000000     
   0.0000000000000000     
   0.0000000000000000     
   0.0000000000000000     
   0.0000000000000000     
   0.0000000000000000     
   0.0000000000000000     
   0.0000000000000000     
   0.0000000000000000     
   0.0000000000000000     
   0.0000000000000000     
   0.0000000000000000     
   0.0000000000000000     
   0.0000000000000000     
   0.0000000000000000     
  -6.0906795282373877E-003
  -1.8553099471966952E-002
  -3.7060166466618909E-002
  -4.7820609395907515E-002
  0.13322238929866087     
   3.9869825709643918E-002
  -2.4435119766294096E-002
   1.6770321120130587E-002
  0.33158754077024766     
  0.12695827493601433     
  -8.7058002338512835E-003
  0.10584872840467599     
   8.7453672477869310E-002
   3.1254281820093176E-002
  -1.3990070883276246E-002
   3.7918754417709311E-002
   0.0000000000000000     
   0.0000000000000000     
   0.0000000000000000     
   0.0000000000000000     
   0.0000000000000000     
   0.0000000000000000     
   0.0000000000000000     
   0.0000000000000000     
   0.0000000000000000     
   0.0000000000000000     
   0.0000000000000000     
   0.0000000000000000     
   0.0000000000000000     
   0.0000000000000000     
   0.0000000000000000     
   0.0000000000000000     
  -5.5705278408606992E-002
  -8.7148754433737877E-003
  -4.3579869942889073E-002
  -3.3770648872057184E-002
   1.1704815552225620E-002
  0.13802766354675544     
   1.5548450285222110E-002
  -3.8402738903200076E-002
  0.12921871039770022     
  0.43814628630758579     
  0.10814000292680681     
  -5.7737330799071604E-003
   2.2594669751874359E-002
  0.11122781582264700     
   1.9741075707022750E-002
  -2.5485605812740009E-002
   0.0000000000000000     
   0.0000000000000000     
   0.0000000000000000     
   0.0000000000000000     
   0.0000000000000000     
   0.0000000000000000     
   0.0000000000000000     
   0.0000000000000000     
   0.0000000000000000     
   0.0000000000000000     
   0.0000000000000000     
   0.0000000000000000     
   0.0000000000000000     
   0.0000000000000000     
   0.0000000000000000     
   0.0000000000000000     
  -2.3338378666216787E-002
  -2.8609001918285963E-002
  -5.6689631211898532E-003
  -3.4114948097663654E-002
  -2.2655283212095027E-002
   5.0479962383305765E-002
  0.14028266116740706     
   4.4533665563711154E-002
  -1.2252968610286146E-002
  0.10570168918914717     
  0.35343578410795906     
   9.1385193881782928E-002
  -1.8796777166301286E-002
   1.4752003669601771E-002
  0.14780152831045304     
   1.6343806972379631E-002
   0.0000000000000000     
   0.0000000000000000     
   0.0000000000000000     
   0.0000000000000000     
   0.0000000000000000     
   0.0000000000000000     
   0.0000000000000000     
   0.0000000000000000     
   0.0000000000000000     
   0.0000000000000000     
   0.0000000000000000     
   0.0000000000000000     
   0.0000000000000000     
   0.0000000000000000     
   0.0000000000000000     
   0.0000000000000000     
  -2.4640187605083460E-002
  -3.8521911898734516E-003
  -4.1860215448623742E-002
  -2.5628806261481174E-002
   1.2157589788942009E-002
  -4.6864862939573648E-002
   2.2622197198808925E-003
  0.13092640432934941     
  0.11744393407991231     
  -1.9178172842239820E-002
  0.12227939844654563     
  0.45931764127719293     
   3.0204529638497069E-002
  -2.8116083426763604E-002
   4.4828708181365251E-002
  0.17701283418540245     
   0.0000000000000000     
   0.0000000000000000     
   0.0000000000000000     
   0.0000000000000000     
   0.0000000000000000     
   0.0000000000000000     
   0.0000000000000000     
   0.0000000000000000     
   0.0000000000000000     
   0.0000000000000000     
   0.0000000000000000     
   0.0000000000000000     
   0.0000000000000000     
   0.0000000000000000     
   0.0000000000000000     
   0.0000000000000000     
  0.13450206246421445     
   3.2026230003152314E-002
  -2.4081424593852922E-002
   1.2894043799360410E-002
   1.7039726492988565E-002
  -3.5166285106110605E-002
  -1.7168104357644706E-002
  -3.0132484232460129E-002
  0.12955410414482216     
   4.4366754616175355E-002
  -1.9294398628586198E-002
   1.6140143773922130E-002
  0.45103742113718326     
  0.11044830570370374     
  -1.7496860657280112E-002
  0.10449327233389458     
   0.0000000000000000     
   0.0000000000000000     
   0.0000000000000000     
   0.0000000000000000     
   0.0000000000000000     
   0.0000000000000000     
   0.0000000000000000     
   0.0000000000000000     
   0.0000000000000000     
   0.0000000000000000     
   0.0000000000000000     
   0.0000000000000000     
   0.0000000000000000     
   0.0000000000000000     
   0.0000000000000000     
   0.0000000000000000     
   2.1345608204739207E-002
  0.10805210500707223     
   1.2380416231264336E-002
  -3.4242790800788091E-002
  -2.8345974308781476E-002
  -2.6925177975358806E-002
  -4.5575618514020540E-002
  -1.5188089239442698E-002
   2.2620012355339243E-002
  0.17529017079524650     
   5.9605889711472348E-002
  -2.4012709985754482E-002
  0.13020823953893274     
  0.48055207544562178     
  0.14106876075871527     
  -3.3411290676287168E-002
   0.0000000000000000     
   0.0000000000000000     
   0.0000000000000000     
   0.0000000000000000     
   0.0000000000000000     
   0.0000000000000000     
   0.0000000000000000     
   0.0000000000000000     
   0.0000000000000000     
   0.0000000000000000     
   0.0000000000000000     
   0.0000000000000000     
   0.0000000000000000     
   0.0000000000000000     
   0.0000000000000000     
   0.0000000000000000     
  -1.8030598845775715E-002
   6.8392955200265813E-003
  0.17168352918701305     
   2.1217702912998414E-002
   6.1100642115021388E-003
  -2.3998754874085409E-002
  -2.9928097791112451E-002
  -2.5223571272835348E-002
  -3.8602441405569100E-002
   4.9492701540090875E-002
  0.14544349046803343     
   1.2991029180974306E-002
  -2.7490607617354307E-002
   9.4600478177206432E-002
  0.41714425959171531     
  0.13497872129840272     
   0.0000000000000000     
   0.0000000000000000     
   0.0000000000000000     
   0.0000000000000000     
   0.0000000000000000     
   0.0000000000000000     
   0.0000000000000000     
   0.0000000000000000     
   0.0000000000000000     
   0.0000000000000000     
   0.0000000000000000     
   0.0000000000000000     
   0.0000000000000000     
   0.0000000000000000     
   0.0000000000000000     
   0.0000000000000000     
   2.1890804185135684E-003
  -4.9984938411276048E-002
   6.3720132916836592E-003
  0.14833917416219802     
  -2.8700916238146152E-002
  -2.3255742570655758E-003
  -5.5849143615912714E-002
   1.3161696349669821E-002
   3.0813671683512827E-002
   6.9043608146685783E-003
   2.4465290818603845E-002
  0.16303354616521237     
  0.12283830881988107     
  -3.5391074528692792E-002
  0.10993192874152206     
  0.50596386544926253     
