   1   1   1     1.04910771
   2   1   1     0.71916252
   3   1   1     0.75161808
   4   1   1     0.71916252
   5   1   1     0.71916151
   6   1   1     0.75658994
   7   1   1     0.75887001
   8   1   1     0.75764485
   9   1   1     0.75138496
  10   1   1     0.75826737
  11   1   1     0.75849685
  12   1   1     0.75826737
  13   1   1     0.71916151
  14   1   1     0.75764485
  15   1   1     0.75887001
  16   1   1     0.75658994


   1   1   1     1.05054344
   2   1   1     0.71918216
   3   1   1     0.75197037
   4   1   1     0.71918216
   5   1   1     0.71883332
   6   1   1     0.75735824
   7   1   1     0.75827640
   8   1   1     0.75668336
   9   1   1     0.75186844
  10   1   1     0.75821687
  11   1   1     0.75851704
  12   1   1     0.75821687
  13   1   1     0.71883332
  14   1   1     0.75668336
  15   1   1     0.75827640
  16   1   1     0.75735824


   1   1   1     1.04783298
   2   1   1     0.71924764
   3   1   1     0.75233932
   4   1   1     0.71924764
   5   1   1     0.71954193
   6   1   1     0.75666541
   7   1   1     0.75818661
   8   1   1     0.75722864
   9   1   1     0.75211294
  10   1   1     0.75860544
  11   1   1     0.75876343
  12   1   1     0.75860544
  13   1   1     0.71954193
  14   1   1     0.75722864
  15   1   1     0.75818661
  16   1   1     0.75666541


   1   1   1     1.04807377
   2   1   1     0.71927134
   3   1   1     0.75285574
   4   1   1     0.71927134
   5   1   1     0.71925832
   6   1   1     0.75666862
   7   1   1     0.75820577
   8   1   1     0.75717119
   9   1   1     0.75251320
  10   1   1     0.75842195
  11   1   1     0.75856292
  12   1   1     0.75842195
  13   1   1     0.71925832
  14   1   1     0.75717119
  15   1   1     0.75820577
  16   1   1     0.75666862


   1   1   1     1.05183282
   2   1   1     0.71877471
   3   1   1     0.75211068
   4   1   1     0.71877471
   5   1   1     0.71824317
   6   1   1     0.75677362
   7   1   1     0.75829989
   8   1   1     0.75721846
   9   1   1     0.75283530
  10   1   1     0.75827881
  11   1   1     0.75804388
  12   1   1     0.75827881
  13   1   1     0.71824317
  14   1   1     0.75721846
  15   1   1     0.75829989
  16   1   1     0.75677362


   1   1   1     1.05382482
   2   1   1     0.71990574
   3   1   1     0.75195778
   4   1   1     0.71990574
   5   1   1     0.71711694
   6   1   1     0.75717339
   7   1   1     0.75801965
   8   1   1     0.75727511
   9   1   1     0.75090651
  10   1   1     0.75849786
  11   1   1     0.75733350
  12   1   1     0.75849786
  13   1   1     0.71711694
  14   1   1     0.75727511
  15   1   1     0.75801965
  16   1   1     0.75717339


   1   1   1     1.04937323
   2   1   1     0.71954658
   3   1   1     0.75210653
   4   1   1     0.71954658
   5   1   1     0.71891615
   6   1   1     0.75705255
   7   1   1     0.75790056
   8   1   1     0.75690488
   9   1   1     0.75189259
  10   1   1     0.75836226
  11   1   1     0.75926170
  12   1   1     0.75836226
  13   1   1     0.71891615
  14   1   1     0.75690488
  15   1   1     0.75790056
  16   1   1     0.75705255


   1   1   1     1.04929985
   2   1   1     0.71978412
   3   1   1     0.75163091
   4   1   1     0.71978412
   5   1   1     0.71911200
   6   1   1     0.75800202
   7   1   1     0.75775163
   8   1   1     0.75606389
   9   1   1     0.75176283
  10   1   1     0.75858561
  11   1   1     0.75870786
  12   1   1     0.75858561
  13   1   1     0.71911200
  14   1   1     0.75606389
  15   1   1     0.75775163
  16   1   1     0.75800202


   1   1   1     1.04765333
   2   1   1     0.71922400
   3   1   1     0.75133372
   4   1   1     0.71922400
   5   1   1     0.71986957
   6   1   1     0.75736806
   7   1   1     0.75855256
   8   1   1     0.75706780
   9   1   1     0.75158038
  10   1   1     0.75849762
  11   1   1     0.75827337
  12   1   1     0.75849762
  13   1   1     0.71986957
  14   1   1     0.75706780
  15   1   1     0.75855256
  16   1   1     0.75736806


   1   1   1     1.05017329
   2   1   1     0.71860831
   3   1   1     0.75179688
   4   1   1     0.71860831
   5   1   1     0.71926819
   6   1   1     0.75740903
   7   1   1     0.75856499
   8   1   1     0.75656578
   9   1   1     0.75199407
  10   1   1     0.75838763
  11   1   1     0.75842790
  12   1   1     0.75838763
  13   1   1     0.71926819
  14   1   1     0.75656578
  15   1   1     0.75856499
  16   1   1     0.75740903


