    64.00000000
    -0.25000000    -1.00000000     0.00000000     0.00000000     0.00000000     0.00000000     0.00000000     0.00000000     0.00000000     0.00000000
     0.00000000     0.00000000     0.00000000     0.00000000     0.00000000     0.00000000    -1.00000000     0.00000000     0.00000000     0.00000000
     0.00000000     0.00000000     0.00000000     0.00000000     0.00000000     0.00000000     0.00000000     0.00000000     0.00000000     0.00000000
     0.00000000     0.00000000     0.00000000     0.00000000     0.00000000     0.00000000     0.00000000     0.00000000     0.00000000     0.00000000
     0.00000000     0.00000000     0.00000000     0.00000000     0.00000000     0.00000000     0.00000000     0.00000000    -1.00000000     0.00000000
     0.00000000     0.00000000     0.00000000     0.00000000     0.00000000     0.00000000     0.00000000     0.00000000     0.00000000     0.00000000
     0.00000000     0.00000000     0.00000000     0.00000000
    64.00000000
    -1.00000000     0.00000000    -1.00000000     0.00000000     0.00000000     0.00000000     0.00000000     0.00000000     0.00000000     0.00000000
     0.00000000     0.00000000     0.00000000     0.00000000     0.00000000     0.00000000     0.00000000    -1.00000000     0.00000000     0.00000000
     0.00000000     0.00000000     0.00000000     0.00000000     0.00000000     0.00000000     0.00000000     0.00000000     0.00000000     0.00000000
     0.00000000     0.00000000     0.00000000     0.00000000     0.00000000     0.00000000     0.00000000     0.00000000     0.00000000     0.00000000
     0.00000000     0.00000000     0.00000000     0.00000000     0.00000000     0.00000000     0.00000000     0.00000000     0.00000000    -1.00000000
     0.00000000     0.00000000     0.00000000     0.00000000     0.00000000     0.00000000     0.00000000     0.00000000     0.00000000     0.00000000
     0.00000000     0.00000000     0.00000000     0.00000000
    64.00000000
     0.00000000    -1.00000000     0.00000000    -1.00000000     0.00000000     0.00000000     0.00000000     0.00000000     0.00000000     0.00000000
     0.00000000     0.00000000     0.00000000     0.00000000     0.00000000     0.00000000     0.00000000     0.00000000    -1.00000000     0.00000000
     0.00000000     0.00000000     0.00000000     0.00000000     0.00000000     0.00000000     0.00000000     0.00000000     0.00000000     0.00000000
     0.00000000     0.00000000     0.00000000     0.00000000     0.00000000     0.00000000     0.00000000     0.00000000     0.00000000     0.00000000
     0.00000000     0.00000000     0.00000000     0.00000000     0.00000000     0.00000000     0.00000000     0.00000000     0.00000000     0.00000000
    -1.00000000     0.00000000     0.00000000     0.00000000     0.00000000     0.00000000     0.00000000     0.00000000     0.00000000     0.00000000
     0.00000000     0.00000000     0.00000000     0.00000000
    64.00000000
     0.00000000     0.00000000    -1.00000000     0.00000000    -1.00000000     0.00000000     0.00000000     0.00000000     0.00000000     0.00000000
     0.00000000     0.00000000     0.00000000     0.00000000     0.00000000     0.00000000     0.00000000     0.00000000     0.00000000    -1.00000000
     0.00000000     0.00000000     0.00000000     0.00000000     0.00000000     0.00000000     0.00000000     0.00000000     0.00000000     0.00000000
     0.00000000     0.00000000     0.00000000     0.00000000     0.00000000     0.00000000     0.00000000     0.00000000     0.00000000     0.00000000
     0.00000000     0.00000000     0.00000000     0.00000000     0.00000000     0.00000000     0.00000000     0.00000000     0.00000000     0.00000000
     0.00000000    -1.00000000     0.00000000     0.00000000     0.00000000     0.00000000     0.00000000     0.00000000     0.00000000     0.00000000
     0.00000000     0.00000000     0.00000000     0.00000000
    64.00000000
     0.00000000     0.00000000     0.00000000    -1.00000000     0.00000000    -1.00000000     0.00000000     0.00000000     0.00000000     0.00000000
     0.00000000     0.00000000     0.00000000     0.00000000     0.00000000     0.00000000     0.00000000     0.00000000     0.00000000     0.00000000
    -1.00000000     0.00000000     0.00000000     0.00000000     0.00000000     0.00000000     0.00000000     0.00000000     0.00000000     0.00000000
     0.00000000     0.00000000     0.00000000     0.00000000     0.00000000     0.00000000     0.00000000     0.00000000     0.00000000     0.00000000
     0.00000000     0.00000000     0.00000000     0.00000000     0.00000000     0.00000000     0.00000000     0.00000000     0.00000000     0.00000000
     0.00000000     0.00000000    -1.00000000     0.00000000     0.00000000     0.00000000     0.00000000     0.00000000     0.00000000     0.00000000
     0.00000000     0.00000000     0.00000000     0.00000000
    64.00000000
     0.00000000     0.00000000     0.00000000     0.00000000    -1.00000000     0.00000000    -1.00000000     0.00000000     0.00000000     0.00000000
     0.00000000     0.00000000     0.00000000     0.00000000     0.00000000     0.00000000     0.00000000     0.00000000     0.00000000     0.00000000
     0.00000000    -1.00000000     0.00000000     0.00000000     0.00000000     0.00000000     0.00000000     0.00000000     0.00000000     0.00000000
     0.00000000     0.00000000     0.00000000     0.00000000     0.00000000     0.00000000     0.00000000     0.00000000     0.00000000     0.00000000
     0.00000000     0.00000000     0.00000000     0.00000000     0.00000000     0.00000000     0.00000000     0.00000000     0.00000000     0.00000000
     0.00000000     0.00000000     0.00000000    -1.00000000     0.00000000     0.00000000     0.00000000     0.00000000     0.00000000     0.00000000
     0.00000000     0.00000000     0.00000000     0.00000000
    64.00000000
     0.00000000     0.00000000     0.00000000     0.00000000     0.00000000    -1.00000000     0.00000000    -1.00000000     0.00000000     0.00000000
     0.00000000     0.00000000     0.00000000     0.00000000     0.00000000     0.00000000     0.00000000     0.00000000     0.00000000     0.00000000
     0.00000000     0.00000000    -1.00000000     0.00000000     0.00000000     0.00000000     0.00000000     0.00000000     0.00000000     0.00000000
     0.00000000     0.00000000     0.00000000     0.00000000     0.00000000     0.00000000     0.00000000     0.00000000     0.00000000     0.00000000
     0.00000000     0.00000000     0.00000000     0.00000000     0.00000000     0.00000000     0.00000000     0.00000000     0.00000000     0.00000000
     0.00000000     0.00000000     0.00000000     0.00000000    -1.00000000     0.00000000     0.00000000     0.00000000     0.00000000     0.00000000
     0.00000000     0.00000000     0.00000000     0.00000000
    64.00000000
     0.00000000     0.00000000     0.00000000     0.00000000     0.00000000     0.00000000    -1.00000000     0.00000000    -1.00000000     0.00000000
     0.00000000     0.00000000     0.00000000     0.00000000     0.00000000     0.00000000     0.00000000     0.00000000     0.00000000     0.00000000
     0.00000000     0.00000000     0.00000000    -1.00000000     0.00000000     0.00000000     0.00000000     0.00000000     0.00000000     0.00000000
     0.00000000     0.00000000     0.00000000     0.00000000     0.00000000     0.00000000     0.00000000     0.00000000     0.00000000     0.00000000
     0.00000000     0.00000000     0.00000000     0.00000000     0.00000000     0.00000000     0.00000000     0.00000000     0.00000000     0.00000000
     0.00000000     0.00000000     0.00000000     0.00000000     0.00000000    -1.00000000     0.00000000     0.00000000     0.00000000     0.00000000
     0.00000000     0.00000000     0.00000000     0.00000000
    64.00000000
     0.00000000     0.00000000     0.00000000     0.00000000     0.00000000     0.00000000     0.00000000    -1.00000000     0.00000000    -1.00000000
     0.00000000     0.00000000     0.00000000     0.00000000     0.00000000     0.00000000     0.00000000     0.00000000     0.00000000     0.00000000
     0.00000000     0.00000000     0.00000000     0.00000000    -1.00000000     0.00000000     0.00000000     0.00000000     0.00000000     0.00000000
     0.00000000     0.00000000     0.00000000     0.00000000     0.00000000     0.00000000     0.00000000     0.00000000     0.00000000     0.00000000
     0.00000000     0.00000000     0.00000000     0.00000000     0.00000000     0.00000000     0.00000000     0.00000000     0.00000000     0.00000000
     0.00000000     0.00000000     0.00000000     0.00000000     0.00000000     0.00000000    -1.00000000     0.00000000     0.00000000     0.00000000
     0.00000000     0.00000000     0.00000000     0.00000000
    64.00000000
     0.00000000     0.00000000     0.00000000     0.00000000     0.00000000     0.00000000     0.00000000     0.00000000    -1.00000000     0.00000000
    -1.00000000     0.00000000     0.00000000     0.00000000     0.00000000     0.00000000     0.00000000     0.00000000     0.00000000     0.00000000
     0.00000000     0.00000000     0.00000000     0.00000000     0.00000000    -1.00000000     0.00000000     0.00000000     0.00000000     0.00000000
     0.00000000     0.00000000     0.00000000     0.00000000     0.00000000     0.00000000     0.00000000     0.00000000     0.00000000     0.00000000
     0.00000000     0.00000000     0.00000000     0.00000000     0.00000000     0.00000000     0.00000000     0.00000000     0.00000000     0.00000000
     0.00000000     0.00000000     0.00000000     0.00000000     0.00000000     0.00000000     0.00000000    -1.00000000     0.00000000     0.00000000
     0.00000000     0.00000000     0.00000000     0.00000000
    64.00000000
     0.00000000     0.00000000     0.00000000     0.00000000     0.00000000     0.00000000     0.00000000     0.00000000     0.00000000    -1.00000000
     0.00000000    -1.00000000     0.00000000     0.00000000     0.00000000     0.00000000     0.00000000     0.00000000     0.00000000     0.00000000
     0.00000000     0.00000000     0.00000000     0.00000000     0.00000000     0.00000000    -1.00000000     0.00000000     0.00000000     0.00000000
     0.00000000     0.00000000     0.00000000     0.00000000     0.00000000     0.00000000     0.00000000     0.00000000     0.00000000     0.00000000
     0.00000000     0.00000000     0.00000000     0.00000000     0.00000000     0.00000000     0.00000000     0.00000000     0.00000000     0.00000000
     0.00000000     0.00000000     0.00000000     0.00000000     0.00000000     0.00000000     0.00000000     0.00000000    -1.00000000     0.00000000
     0.00000000     0.00000000     0.00000000     0.00000000
    64.00000000
     0.00000000     0.00000000     0.00000000     0.00000000     0.00000000     0.00000000     0.00000000     0.00000000     0.00000000     0.00000000
    -1.00000000     0.00000000    -1.00000000     0.00000000     0.00000000     0.00000000     0.00000000     0.00000000     0.00000000     0.00000000
     0.00000000     0.00000000     0.00000000     0.00000000     0.00000000     0.00000000     0.00000000    -1.00000000     0.00000000     0.00000000
     0.00000000     0.00000000     0.00000000     0.00000000     0.00000000     0.00000000     0.00000000     0.00000000     0.00000000     0.00000000
     0.00000000     0.00000000     0.00000000     0.00000000     0.00000000     0.00000000     0.00000000     0.00000000     0.00000000     0.00000000
     0.00000000     0.00000000     0.00000000     0.00000000     0.00000000     0.00000000     0.00000000     0.00000000     0.00000000    -1.00000000
     0.00000000     0.00000000     0.00000000     0.00000000
    64.00000000
     0.00000000     0.00000000     0.00000000     0.00000000     0.00000000     0.00000000     0.00000000     0.00000000     0.00000000     0.00000000
     0.00000000    -1.00000000     0.00000000    -1.00000000     0.00000000     0.00000000     0.00000000     0.00000000     0.00000000     0.00000000
     0.00000000     0.00000000     0.00000000     0.00000000     0.00000000     0.00000000     0.00000000     0.00000000    -1.00000000     0.00000000
     0.00000000     0.00000000     0.00000000     0.00000000     0.00000000     0.00000000     0.00000000     0.00000000     0.00000000     0.00000000
     0.00000000     0.00000000     0.00000000     0.00000000     0.00000000     0.00000000     0.00000000     0.00000000     0.00000000     0.00000000
     0.00000000     0.00000000     0.00000000     0.00000000     0.00000000     0.00000000     0.00000000     0.00000000     0.00000000     0.00000000
    -1.00000000     0.00000000     0.00000000     0.00000000
    64.00000000
     0.00000000     0.00000000     0.00000000     0.00000000     0.00000000     0.00000000     0.00000000     0.00000000     0.00000000     0.00000000
     0.00000000     0.00000000    -1.00000000     0.00000000    -1.00000000     0.00000000     0.00000000     0.00000000     0.00000000     0.00000000
     0.00000000     0.00000000     0.00000000     0.00000000     0.00000000     0.00000000     0.00000000     0.00000000     0.00000000    -1.00000000
     0.00000000     0.00000000     0.00000000     0.00000000     0.00000000     0.00000000     0.00000000     0.00000000     0.00000000     0.00000000
     0.00000000     0.00000000     0.00000000     0.00000000     0.00000000     0.00000000     0.00000000     0.00000000     0.00000000     0.00000000
     0.00000000     0.00000000     0.00000000     0.00000000     0.00000000     0.00000000     0.00000000     0.00000000     0.00000000     0.00000000
     0.00000000    -1.00000000     0.00000000     0.00000000
    64.00000000
     0.00000000     0.00000000     0.00000000     0.00000000     0.00000000     0.00000000     0.00000000     0.00000000     0.00000000     0.00000000
     0.00000000     0.00000000     0.00000000    -1.00000000     0.00000000    -1.00000000     0.00000000     0.00000000     0.00000000     0.00000000
     0.00000000     0.00000000     0.00000000     0.00000000     0.00000000     0.00000000     0.00000000     0.00000000     0.00000000     0.00000000
    -1.00000000     0.00000000     0.00000000     0.00000000     0.00000000     0.00000000     0.00000000     0.00000000     0.00000000     0.00000000
     0.00000000     0.00000000     0.00000000     0.00000000     0.00000000     0.00000000     0.00000000     0.00000000     0.00000000     0.00000000
     0.00000000     0.00000000     0.00000000     0.00000000     0.00000000     0.00000000     0.00000000     0.00000000     0.00000000     0.00000000
     0.00000000     0.00000000    -1.00000000     0.00000000
    64.00000000
     0.00000000     0.00000000     0.00000000     0.00000000     0.00000000     0.00000000     0.00000000     0.00000000     0.00000000     0.00000000
     0.00000000     0.00000000     0.00000000     0.00000000    -1.00000000     0.25000000     0.00000000     0.00000000     0.00000000     0.00000000
     0.00000000     0.00000000     0.00000000     0.00000000     0.00000000     0.00000000     0.00000000     0.00000000     0.00000000     0.00000000
     0.00000000    -1.00000000     0.00000000     0.00000000     0.00000000     0.00000000     0.00000000     0.00000000     0.00000000     0.00000000
     0.00000000     0.00000000     0.00000000     0.00000000     0.00000000     0.00000000     0.00000000     0.00000000     0.00000000     0.00000000
     0.00000000     0.00000000     0.00000000     0.00000000     0.00000000     0.00000000     0.00000000     0.00000000     0.00000000     0.00000000
     0.00000000     0.00000000     0.00000000    -1.00000000
    64.00000000
    -1.00000000     0.00000000     0.00000000     0.00000000     0.00000000     0.00000000     0.00000000     0.00000000     0.00000000     0.00000000
     0.00000000     0.00000000     0.00000000     0.00000000     0.00000000     0.00000000     0.25000000    -1.00000000     0.00000000     0.00000000
     0.00000000     0.00000000     0.00000000     0.00000000     0.00000000     0.00000000     0.00000000     0.00000000     0.00000000     0.00000000
     0.00000000     0.00000000    -1.00000000     0.00000000     0.00000000     0.00000000     0.00000000     0.00000000     0.00000000     0.00000000
     0.00000000     0.00000000     0.00000000     0.00000000     0.00000000     0.00000000     0.00000000     0.00000000     0.00000000     0.00000000
     0.00000000     0.00000000     0.00000000     0.00000000     0.00000000     0.00000000     0.00000000     0.00000000     0.00000000     0.00000000
     0.00000000     0.00000000     0.00000000     0.00000000
    64.00000000
     0.00000000    -1.00000000     0.00000000     0.00000000     0.00000000     0.00000000     0.00000000     0.00000000     0.00000000     0.00000000
     0.00000000     0.00000000     0.00000000     0.00000000     0.00000000     0.00000000    -1.00000000     0.00000000    -1.00000000     0.00000000
     0.00000000     0.00000000     0.00000000     0.00000000     0.00000000     0.00000000     0.00000000     0.00000000     0.00000000     0.00000000
     0.00000000     0.00000000     0.00000000    -1.00000000     0.00000000     0.00000000     0.00000000     0.00000000     0.00000000     0.00000000
     0.00000000     0.00000000     0.00000000     0.00000000     0.00000000     0.00000000     0.00000000     0.00000000     0.00000000     0.00000000
     0.00000000     0.00000000     0.00000000     0.00000000     0.00000000     0.00000000     0.00000000     0.00000000     0.00000000     0.00000000
     0.00000000     0.00000000     0.00000000     0.00000000
    64.00000000
     0.00000000     0.00000000    -1.00000000     0.00000000     0.00000000     0.00000000     0.00000000     0.00000000     0.00000000     0.00000000
     0.00000000     0.00000000     0.00000000     0.00000000     0.00000000     0.00000000     0.00000000    -1.00000000     0.00000000    -1.00000000
     0.00000000     0.00000000     0.00000000     0.00000000     0.00000000     0.00000000     0.00000000     0.00000000     0.00000000     0.00000000
     0.00000000     0.00000000     0.00000000     0.00000000    -1.00000000     0.00000000     0.00000000     0.00000000     0.00000000     0.00000000
     0.00000000     0.00000000     0.00000000     0.00000000     0.00000000     0.00000000     0.00000000     0.00000000     0.00000000     0.00000000
     0.00000000     0.00000000     0.00000000     0.00000000     0.00000000     0.00000000     0.00000000     0.00000000     0.00000000     0.00000000
     0.00000000     0.00000000     0.00000000     0.00000000
    64.00000000
     0.00000000     0.00000000     0.00000000    -1.00000000     0.00000000     0.00000000     0.00000000     0.00000000     0.00000000     0.00000000
     0.00000000     0.00000000     0.00000000     0.00000000     0.00000000     0.00000000     0.00000000     0.00000000    -1.00000000     0.00000000
    -1.00000000     0.00000000     0.00000000     0.00000000     0.00000000     0.00000000     0.00000000     0.00000000     0.00000000     0.00000000
     0.00000000     0.00000000     0.00000000     0.00000000     0.00000000    -1.00000000     0.00000000     0.00000000     0.00000000     0.00000000
     0.00000000     0.00000000     0.00000000     0.00000000     0.00000000     0.00000000     0.00000000     0.00000000     0.00000000     0.00000000
     0.00000000     0.00000000     0.00000000     0.00000000     0.00000000     0.00000000     0.00000000     0.00000000     0.00000000     0.00000000
     0.00000000     0.00000000     0.00000000     0.00000000
    64.00000000
     0.00000000     0.00000000     0.00000000     0.00000000    -1.00000000     0.00000000     0.00000000     0.00000000     0.00000000     0.00000000
     0.00000000     0.00000000     0.00000000     0.00000000     0.00000000     0.00000000     0.00000000     0.00000000     0.00000000    -1.00000000
     0.00000000    -1.00000000     0.00000000     0.00000000     0.00000000     0.00000000     0.00000000     0.00000000     0.00000000     0.00000000
     0.00000000     0.00000000     0.00000000     0.00000000     0.00000000     0.00000000    -1.00000000     0.00000000     0.00000000     0.00000000
     0.00000000     0.00000000     0.00000000     0.00000000     0.00000000     0.00000000     0.00000000     0.00000000     0.00000000     0.00000000
     0.00000000     0.00000000     0.00000000     0.00000000     0.00000000     0.00000000     0.00000000     0.00000000     0.00000000     0.00000000
     0.00000000     0.00000000     0.00000000     0.00000000
    64.00000000
     0.00000000     0.00000000     0.00000000     0.00000000     0.00000000    -1.00000000     0.00000000     0.00000000     0.00000000     0.00000000
     0.00000000     0.00000000     0.00000000     0.00000000     0.00000000     0.00000000     0.00000000     0.00000000     0.00000000     0.00000000
    -1.00000000     0.00000000    -1.00000000     0.00000000     0.00000000     0.00000000     0.00000000     0.00000000     0.00000000     0.00000000
     0.00000000     0.00000000     0.00000000     0.00000000     0.00000000     0.00000000     0.00000000    -1.00000000     0.00000000     0.00000000
     0.00000000     0.00000000     0.00000000     0.00000000     0.00000000     0.00000000     0.00000000     0.00000000     0.00000000     0.00000000
     0.00000000     0.00000000     0.00000000     0.00000000     0.00000000     0.00000000     0.00000000     0.00000000     0.00000000     0.00000000
     0.00000000     0.00000000     0.00000000     0.00000000
    64.00000000
     0.00000000     0.00000000     0.00000000     0.00000000     0.00000000     0.00000000    -1.00000000     0.00000000     0.00000000     0.00000000
     0.00000000     0.00000000     0.00000000     0.00000000     0.00000000     0.00000000     0.00000000     0.00000000     0.00000000     0.00000000
     0.00000000    -1.00000000     0.00000000    -1.00000000     0.00000000     0.00000000     0.00000000     0.00000000     0.00000000     0.00000000
     0.00000000     0.00000000     0.00000000     0.00000000     0.00000000     0.00000000     0.00000000     0.00000000    -1.00000000     0.00000000
     0.00000000     0.00000000     0.00000000     0.00000000     0.00000000     0.00000000     0.00000000     0.00000000     0.00000000     0.00000000
     0.00000000     0.00000000     0.00000000     0.00000000     0.00000000     0.00000000     0.00000000     0.00000000     0.00000000     0.00000000
     0.00000000     0.00000000     0.00000000     0.00000000
    64.00000000
     0.00000000     0.00000000     0.00000000     0.00000000     0.00000000     0.00000000     0.00000000    -1.00000000     0.00000000     0.00000000
     0.00000000     0.00000000     0.00000000     0.00000000     0.00000000     0.00000000     0.00000000     0.00000000     0.00000000     0.00000000
     0.00000000     0.00000000    -1.00000000     0.00000000    -1.00000000     0.00000000     0.00000000     0.00000000     0.00000000     0.00000000
     0.00000000     0.00000000     0.00000000     0.00000000     0.00000000     0.00000000     0.00000000     0.00000000     0.00000000    -1.00000000
     0.00000000     0.00000000     0.00000000     0.00000000     0.00000000     0.00000000     0.00000000     0.00000000     0.00000000     0.00000000
     0.00000000     0.00000000     0.00000000     0.00000000     0.00000000     0.00000000     0.00000000     0.00000000     0.00000000     0.00000000
     0.00000000     0.00000000     0.00000000     0.00000000
    64.00000000
     0.00000000     0.00000000     0.00000000     0.00000000     0.00000000     0.00000000     0.00000000     0.00000000    -1.00000000     0.00000000
     0.00000000     0.00000000     0.00000000     0.00000000     0.00000000     0.00000000     0.00000000     0.00000000     0.00000000     0.00000000
     0.00000000     0.00000000     0.00000000    -1.00000000     0.00000000    -1.00000000     0.00000000     0.00000000     0.00000000     0.00000000
     0.00000000     0.00000000     0.00000000     0.00000000     0.00000000     0.00000000     0.00000000     0.00000000     0.00000000     0.00000000
    -1.00000000     0.00000000     0.00000000     0.00000000     0.00000000     0.00000000     0.00000000     0.00000000     0.00000000     0.00000000
     0.00000000     0.00000000     0.00000000     0.00000000     0.00000000     0.00000000     0.00000000     0.00000000     0.00000000     0.00000000
     0.00000000     0.00000000     0.00000000     0.00000000
    64.00000000
     0.00000000     0.00000000     0.00000000     0.00000000     0.00000000     0.00000000     0.00000000     0.00000000     0.00000000    -1.00000000
     0.00000000     0.00000000     0.00000000     0.00000000     0.00000000     0.00000000     0.00000000     0.00000000     0.00000000     0.00000000
     0.00000000     0.00000000     0.00000000     0.00000000    -1.00000000     0.00000000    -1.00000000     0.00000000     0.00000000     0.00000000
     0.00000000     0.00000000     0.00000000     0.00000000     0.00000000     0.00000000     0.00000000     0.00000000     0.00000000     0.00000000
     0.00000000    -1.00000000     0.00000000     0.00000000     0.00000000     0.00000000     0.00000000     0.00000000     0.00000000     0.00000000
     0.00000000     0.00000000     0.00000000     0.00000000     0.00000000     0.00000000     0.00000000     0.00000000     0.00000000     0.00000000
     0.00000000     0.00000000     0.00000000     0.00000000
    64.00000000
     0.00000000     0.00000000     0.00000000     0.00000000     0.00000000     0.00000000     0.00000000     0.00000000     0.00000000     0.00000000
    -1.00000000     0.00000000     0.00000000     0.00000000     0.00000000     0.00000000     0.00000000     0.00000000     0.00000000     0.00000000
     0.00000000     0.00000000     0.00000000     0.00000000     0.00000000    -1.00000000     0.00000000    -1.00000000     0.00000000     0.00000000
     0.00000000     0.00000000     0.00000000     0.00000000     0.00000000     0.00000000     0.00000000     0.00000000     0.00000000     0.00000000
     0.00000000     0.00000000    -1.00000000     0.00000000     0.00000000     0.00000000     0.00000000     0.00000000     0.00000000     0.00000000
     0.00000000     0.00000000     0.00000000     0.00000000     0.00000000     0.00000000     0.00000000     0.00000000     0.00000000     0.00000000
     0.00000000     0.00000000     0.00000000     0.00000000
    64.00000000
     0.00000000     0.00000000     0.00000000     0.00000000     0.00000000     0.00000000     0.00000000     0.00000000     0.00000000     0.00000000
     0.00000000    -1.00000000     0.00000000     0.00000000     0.00000000     0.00000000     0.00000000     0.00000000     0.00000000     0.00000000
     0.00000000     0.00000000     0.00000000     0.00000000     0.00000000     0.00000000    -1.00000000     0.00000000    -1.00000000     0.00000000
     0.00000000     0.00000000     0.00000000     0.00000000     0.00000000     0.00000000     0.00000000     0.00000000     0.00000000     0.00000000
     0.00000000     0.00000000     0.00000000    -1.00000000     0.00000000     0.00000000     0.00000000     0.00000000     0.00000000     0.00000000
     0.00000000     0.00000000     0.00000000     0.00000000     0.00000000     0.00000000     0.00000000     0.00000000     0.00000000     0.00000000
     0.00000000     0.00000000     0.00000000     0.00000000
    64.00000000
     0.00000000     0.00000000     0.00000000     0.00000000     0.00000000     0.00000000     0.00000000     0.00000000     0.00000000     0.00000000
     0.00000000     0.00000000    -1.00000000     0.00000000     0.00000000     0.00000000     0.00000000     0.00000000     0.00000000     0.00000000
     0.00000000     0.00000000     0.00000000     0.00000000     0.00000000     0.00000000     0.00000000    -1.00000000     0.00000000    -1.00000000
     0.00000000     0.00000000     0.00000000     0.00000000     0.00000000     0.00000000     0.00000000     0.00000000     0.00000000     0.00000000
     0.00000000     0.00000000     0.00000000     0.00000000    -1.00000000     0.00000000     0.00000000     0.00000000     0.00000000     0.00000000
     0.00000000     0.00000000     0.00000000     0.00000000     0.00000000     0.00000000     0.00000000     0.00000000     0.00000000     0.00000000
     0.00000000     0.00000000     0.00000000     0.00000000
    64.00000000
     0.00000000     0.00000000     0.00000000     0.00000000     0.00000000     0.00000000     0.00000000     0.00000000     0.00000000     0.00000000
     0.00000000     0.00000000     0.00000000    -1.00000000     0.00000000     0.00000000     0.00000000     0.00000000     0.00000000     0.00000000
     0.00000000     0.00000000     0.00000000     0.00000000     0.00000000     0.00000000     0.00000000     0.00000000    -1.00000000     0.00000000
    -1.00000000     0.00000000     0.00000000     0.00000000     0.00000000     0.00000000     0.00000000     0.00000000     0.00000000     0.00000000
     0.00000000     0.00000000     0.00000000     0.00000000     0.00000000    -1.00000000     0.00000000     0.00000000     0.00000000     0.00000000
     0.00000000     0.00000000     0.00000000     0.00000000     0.00000000     0.00000000     0.00000000     0.00000000     0.00000000     0.00000000
     0.00000000     0.00000000     0.00000000     0.00000000
    64.00000000
     0.00000000     0.00000000     0.00000000     0.00000000     0.00000000     0.00000000     0.00000000     0.00000000     0.00000000     0.00000000
     0.00000000     0.00000000     0.00000000     0.00000000    -1.00000000     0.00000000     0.00000000     0.00000000     0.00000000     0.00000000
     0.00000000     0.00000000     0.00000000     0.00000000     0.00000000     0.00000000     0.00000000     0.00000000     0.00000000    -1.00000000
     0.00000000    -1.00000000     0.00000000     0.00000000     0.00000000     0.00000000     0.00000000     0.00000000     0.00000000     0.00000000
     0.00000000     0.00000000     0.00000000     0.00000000     0.00000000     0.00000000    -1.00000000     0.00000000     0.00000000     0.00000000
     0.00000000     0.00000000     0.00000000     0.00000000     0.00000000     0.00000000     0.00000000     0.00000000     0.00000000     0.00000000
     0.00000000     0.00000000     0.00000000     0.00000000
    64.00000000
     0.00000000     0.00000000     0.00000000     0.00000000     0.00000000     0.00000000     0.00000000     0.00000000     0.00000000     0.00000000
     0.00000000     0.00000000     0.00000000     0.00000000     0.00000000    -1.00000000     0.00000000     0.00000000     0.00000000     0.00000000
     0.00000000     0.00000000     0.00000000     0.00000000     0.00000000     0.00000000     0.00000000     0.00000000     0.00000000     0.00000000
    -1.00000000    -0.25000000     0.00000000     0.00000000     0.00000000     0.00000000     0.00000000     0.00000000     0.00000000     0.00000000
     0.00000000     0.00000000     0.00000000     0.00000000     0.00000000     0.00000000     0.00000000    -1.00000000     0.00000000     0.00000000
     0.00000000     0.00000000     0.00000000     0.00000000     0.00000000     0.00000000     0.00000000     0.00000000     0.00000000     0.00000000
     0.00000000     0.00000000     0.00000000     0.00000000
    64.00000000
     0.00000000     0.00000000     0.00000000     0.00000000     0.00000000     0.00000000     0.00000000     0.00000000     0.00000000     0.00000000
     0.00000000     0.00000000     0.00000000     0.00000000     0.00000000     0.00000000    -1.00000000     0.00000000     0.00000000     0.00000000
     0.00000000     0.00000000     0.00000000     0.00000000     0.00000000     0.00000000     0.00000000     0.00000000     0.00000000     0.00000000
     0.00000000     0.00000000    -0.25000000    -1.00000000     0.00000000     0.00000000     0.00000000     0.00000000     0.00000000     0.00000000
     0.00000000     0.00000000     0.00000000     0.00000000     0.00000000     0.00000000     0.00000000     0.00000000    -1.00000000     0.00000000
     0.00000000     0.00000000     0.00000000     0.00000000     0.00000000     0.00000000     0.00000000     0.00000000     0.00000000     0.00000000
     0.00000000     0.00000000     0.00000000     0.00000000
    64.00000000
     0.00000000     0.00000000     0.00000000     0.00000000     0.00000000     0.00000000     0.00000000     0.00000000     0.00000000     0.00000000
     0.00000000     0.00000000     0.00000000     0.00000000     0.00000000     0.00000000     0.00000000    -1.00000000     0.00000000     0.00000000
     0.00000000     0.00000000     0.00000000     0.00000000     0.00000000     0.00000000     0.00000000     0.00000000     0.00000000     0.00000000
     0.00000000     0.00000000    -1.00000000     0.00000000    -1.00000000     0.00000000     0.00000000     0.00000000     0.00000000     0.00000000
     0.00000000     0.00000000     0.00000000     0.00000000     0.00000000     0.00000000     0.00000000     0.00000000     0.00000000    -1.00000000
     0.00000000     0.00000000     0.00000000     0.00000000     0.00000000     0.00000000     0.00000000     0.00000000     0.00000000     0.00000000
     0.00000000     0.00000000     0.00000000     0.00000000
    64.00000000
     0.00000000     0.00000000     0.00000000     0.00000000     0.00000000     0.00000000     0.00000000     0.00000000     0.00000000     0.00000000
     0.00000000     0.00000000     0.00000000     0.00000000     0.00000000     0.00000000     0.00000000     0.00000000    -1.00000000     0.00000000
     0.00000000     0.00000000     0.00000000     0.00000000     0.00000000     0.00000000     0.00000000     0.00000000     0.00000000     0.00000000
     0.00000000     0.00000000     0.00000000    -1.00000000     0.00000000    -1.00000000     0.00000000     0.00000000     0.00000000     0.00000000
     0.00000000     0.00000000     0.00000000     0.00000000     0.00000000     0.00000000     0.00000000     0.00000000     0.00000000     0.00000000
    -1.00000000     0.00000000     0.00000000     0.00000000     0.00000000     0.00000000     0.00000000     0.00000000     0.00000000     0.00000000
     0.00000000     0.00000000     0.00000000     0.00000000
    64.00000000
     0.00000000     0.00000000     0.00000000     0.00000000     0.00000000     0.00000000     0.00000000     0.00000000     0.00000000     0.00000000
     0.00000000     0.00000000     0.00000000     0.00000000     0.00000000     0.00000000     0.00000000     0.00000000     0.00000000    -1.00000000
     0.00000000     0.00000000     0.00000000     0.00000000     0.00000000     0.00000000     0.00000000     0.00000000     0.00000000     0.00000000
     0.00000000     0.00000000     0.00000000     0.00000000    -1.00000000     0.00000000    -1.00000000     0.00000000     0.00000000     0.00000000
     0.00000000     0.00000000     0.00000000     0.00000000     0.00000000     0.00000000     0.00000000     0.00000000     0.00000000     0.00000000
     0.00000000    -1.00000000     0.00000000     0.00000000     0.00000000     0.00000000     0.00000000     0.00000000     0.00000000     0.00000000
     0.00000000     0.00000000     0.00000000     0.00000000
    64.00000000
     0.00000000     0.00000000     0.00000000     0.00000000     0.00000000     0.00000000     0.00000000     0.00000000     0.00000000     0.00000000
     0.00000000     0.00000000     0.00000000     0.00000000     0.00000000     0.00000000     0.00000000     0.00000000     0.00000000     0.00000000
    -1.00000000     0.00000000     0.00000000     0.00000000     0.00000000     0.00000000     0.00000000     0.00000000     0.00000000     0.00000000
     0.00000000     0.00000000     0.00000000     0.00000000     0.00000000    -1.00000000     0.00000000    -1.00000000     0.00000000     0.00000000
     0.00000000     0.00000000     0.00000000     0.00000000     0.00000000     0.00000000     0.00000000     0.00000000     0.00000000     0.00000000
     0.00000000     0.00000000    -1.00000000     0.00000000     0.00000000     0.00000000     0.00000000     0.00000000     0.00000000     0.00000000
     0.00000000     0.00000000     0.00000000     0.00000000
    64.00000000
     0.00000000     0.00000000     0.00000000     0.00000000     0.00000000     0.00000000     0.00000000     0.00000000     0.00000000     0.00000000
     0.00000000     0.00000000     0.00000000     0.00000000     0.00000000     0.00000000     0.00000000     0.00000000     0.00000000     0.00000000
     0.00000000    -1.00000000     0.00000000     0.00000000     0.00000000     0.00000000     0.00000000     0.00000000     0.00000000     0.00000000
     0.00000000     0.00000000     0.00000000     0.00000000     0.00000000     0.00000000    -1.00000000     0.00000000    -1.00000000     0.00000000
     0.00000000     0.00000000     0.00000000     0.00000000     0.00000000     0.00000000     0.00000000     0.00000000     0.00000000     0.00000000
     0.00000000     0.00000000     0.00000000    -1.00000000     0.00000000     0.00000000     0.00000000     0.00000000     0.00000000     0.00000000
     0.00000000     0.00000000     0.00000000     0.00000000
    64.00000000
     0.00000000     0.00000000     0.00000000     0.00000000     0.00000000     0.00000000     0.00000000     0.00000000     0.00000000     0.00000000
     0.00000000     0.00000000     0.00000000     0.00000000     0.00000000     0.00000000     0.00000000     0.00000000     0.00000000     0.00000000
     0.00000000     0.00000000    -1.00000000     0.00000000     0.00000000     0.00000000     0.00000000     0.00000000     0.00000000     0.00000000
     0.00000000     0.00000000     0.00000000     0.00000000     0.00000000     0.00000000     0.00000000    -1.00000000     0.00000000    -1.00000000
     0.00000000     0.00000000     0.00000000     0.00000000     0.00000000     0.00000000     0.00000000     0.00000000     0.00000000     0.00000000
     0.00000000     0.00000000     0.00000000     0.00000000    -1.00000000     0.00000000     0.00000000     0.00000000     0.00000000     0.00000000
     0.00000000     0.00000000     0.00000000     0.00000000
    64.00000000
     0.00000000     0.00000000     0.00000000     0.00000000     0.00000000     0.00000000     0.00000000     0.00000000     0.00000000     0.00000000
     0.00000000     0.00000000     0.00000000     0.00000000     0.00000000     0.00000000     0.00000000     0.00000000     0.00000000     0.00000000
     0.00000000     0.00000000     0.00000000    -1.00000000     0.00000000     0.00000000     0.00000000     0.00000000     0.00000000     0.00000000
     0.00000000     0.00000000     0.00000000     0.00000000     0.00000000     0.00000000     0.00000000     0.00000000    -1.00000000     0.00000000
    -1.00000000     0.00000000     0.00000000     0.00000000     0.00000000     0.00000000     0.00000000     0.00000000     0.00000000     0.00000000
     0.00000000     0.00000000     0.00000000     0.00000000     0.00000000    -1.00000000     0.00000000     0.00000000     0.00000000     0.00000000
     0.00000000     0.00000000     0.00000000     0.00000000
    64.00000000
     0.00000000     0.00000000     0.00000000     0.00000000     0.00000000     0.00000000     0.00000000     0.00000000     0.00000000     0.00000000
     0.00000000     0.00000000     0.00000000     0.00000000     0.00000000     0.00000000     0.00000000     0.00000000     0.00000000     0.00000000
     0.00000000     0.00000000     0.00000000     0.00000000    -1.00000000     0.00000000     0.00000000     0.00000000     0.00000000     0.00000000
     0.00000000     0.00000000     0.00000000     0.00000000     0.00000000     0.00000000     0.00000000     0.00000000     0.00000000    -1.00000000
     0.00000000    -1.00000000     0.00000000     0.00000000     0.00000000     0.00000000     0.00000000     0.00000000     0.00000000     0.00000000
     0.00000000     0.00000000     0.00000000     0.00000000     0.00000000     0.00000000    -1.00000000     0.00000000     0.00000000     0.00000000
     0.00000000     0.00000000     0.00000000     0.00000000
    64.00000000
     0.00000000     0.00000000     0.00000000     0.00000000     0.00000000     0.00000000     0.00000000     0.00000000     0.00000000     0.00000000
     0.00000000     0.00000000     0.00000000     0.00000000     0.00000000     0.00000000     0.00000000     0.00000000     0.00000000     0.00000000
     0.00000000     0.00000000     0.00000000     0.00000000     0.00000000    -1.00000000     0.00000000     0.00000000     0.00000000     0.00000000
     0.00000000     0.00000000     0.00000000     0.00000000     0.00000000     0.00000000     0.00000000     0.00000000     0.00000000     0.00000000
    -1.00000000     0.00000000    -1.00000000     0.00000000     0.00000000     0.00000000     0.00000000     0.00000000     0.00000000     0.00000000
     0.00000000     0.00000000     0.00000000     0.00000000     0.00000000     0.00000000     0.00000000    -1.00000000     0.00000000     0.00000000
     0.00000000     0.00000000     0.00000000     0.00000000
    64.00000000
     0.00000000     0.00000000     0.00000000     0.00000000     0.00000000     0.00000000     0.00000000     0.00000000     0.00000000     0.00000000
     0.00000000     0.00000000     0.00000000     0.00000000     0.00000000     0.00000000     0.00000000     0.00000000     0.00000000     0.00000000
     0.00000000     0.00000000     0.00000000     0.00000000     0.00000000     0.00000000    -1.00000000     0.00000000     0.00000000     0.00000000
     0.00000000     0.00000000     0.00000000     0.00000000     0.00000000     0.00000000     0.00000000     0.00000000     0.00000000     0.00000000
     0.00000000    -1.00000000     0.00000000    -1.00000000     0.00000000     0.00000000     0.00000000     0.00000000     0.00000000     0.00000000
     0.00000000     0.00000000     0.00000000     0.00000000     0.00000000     0.00000000     0.00000000     0.00000000    -1.00000000     0.00000000
     0.00000000     0.00000000     0.00000000     0.00000000
    64.00000000
     0.00000000     0.00000000     0.00000000     0.00000000     0.00000000     0.00000000     0.00000000     0.00000000     0.00000000     0.00000000
     0.00000000     0.00000000     0.00000000     0.00000000     0.00000000     0.00000000     0.00000000     0.00000000     0.00000000     0.00000000
     0.00000000     0.00000000     0.00000000     0.00000000     0.00000000     0.00000000     0.00000000    -1.00000000     0.00000000     0.00000000
     0.00000000     0.00000000     0.00000000     0.00000000     0.00000000     0.00000000     0.00000000     0.00000000     0.00000000     0.00000000
     0.00000000     0.00000000    -1.00000000     0.00000000    -1.00000000     0.00000000     0.00000000     0.00000000     0.00000000     0.00000000
     0.00000000     0.00000000     0.00000000     0.00000000     0.00000000     0.00000000     0.00000000     0.00000000     0.00000000    -1.00000000
     0.00000000     0.00000000     0.00000000     0.00000000
    64.00000000
     0.00000000     0.00000000     0.00000000     0.00000000     0.00000000     0.00000000     0.00000000     0.00000000     0.00000000     0.00000000
     0.00000000     0.00000000     0.00000000     0.00000000     0.00000000     0.00000000     0.00000000     0.00000000     0.00000000     0.00000000
     0.00000000     0.00000000     0.00000000     0.00000000     0.00000000     0.00000000     0.00000000     0.00000000    -1.00000000     0.00000000
     0.00000000     0.00000000     0.00000000     0.00000000     0.00000000     0.00000000     0.00000000     0.00000000     0.00000000     0.00000000
     0.00000000     0.00000000     0.00000000    -1.00000000     0.00000000    -1.00000000     0.00000000     0.00000000     0.00000000     0.00000000
     0.00000000     0.00000000     0.00000000     0.00000000     0.00000000     0.00000000     0.00000000     0.00000000     0.00000000     0.00000000
    -1.00000000     0.00000000     0.00000000     0.00000000
    64.00000000
     0.00000000     0.00000000     0.00000000     0.00000000     0.00000000     0.00000000     0.00000000     0.00000000     0.00000000     0.00000000
     0.00000000     0.00000000     0.00000000     0.00000000     0.00000000     0.00000000     0.00000000     0.00000000     0.00000000     0.00000000
     0.00000000     0.00000000     0.00000000     0.00000000     0.00000000     0.00000000     0.00000000     0.00000000     0.00000000    -1.00000000
     0.00000000     0.00000000     0.00000000     0.00000000     0.00000000     0.00000000     0.00000000     0.00000000     0.00000000     0.00000000
     0.00000000     0.00000000     0.00000000     0.00000000    -1.00000000     0.00000000    -1.00000000     0.00000000     0.00000000     0.00000000
     0.00000000     0.00000000     0.00000000     0.00000000     0.00000000     0.00000000     0.00000000     0.00000000     0.00000000     0.00000000
     0.00000000    -1.00000000     0.00000000     0.00000000
    64.00000000
     0.00000000     0.00000000     0.00000000     0.00000000     0.00000000     0.00000000     0.00000000     0.00000000     0.00000000     0.00000000
     0.00000000     0.00000000     0.00000000     0.00000000     0.00000000     0.00000000     0.00000000     0.00000000     0.00000000     0.00000000
     0.00000000     0.00000000     0.00000000     0.00000000     0.00000000     0.00000000     0.00000000     0.00000000     0.00000000     0.00000000
    -1.00000000     0.00000000     0.00000000     0.00000000     0.00000000     0.00000000     0.00000000     0.00000000     0.00000000     0.00000000
     0.00000000     0.00000000     0.00000000     0.00000000     0.00000000    -1.00000000     0.00000000    -1.00000000     0.00000000     0.00000000
     0.00000000     0.00000000     0.00000000     0.00000000     0.00000000     0.00000000     0.00000000     0.00000000     0.00000000     0.00000000
     0.00000000     0.00000000    -1.00000000     0.00000000
    64.00000000
     0.00000000     0.00000000     0.00000000     0.00000000     0.00000000     0.00000000     0.00000000     0.00000000     0.00000000     0.00000000
     0.00000000     0.00000000     0.00000000     0.00000000     0.00000000     0.00000000     0.00000000     0.00000000     0.00000000     0.00000000
     0.00000000     0.00000000     0.00000000     0.00000000     0.00000000     0.00000000     0.00000000     0.00000000     0.00000000     0.00000000
     0.00000000    -1.00000000     0.00000000     0.00000000     0.00000000     0.00000000     0.00000000     0.00000000     0.00000000     0.00000000
     0.00000000     0.00000000     0.00000000     0.00000000     0.00000000     0.00000000    -1.00000000     0.25000000     0.00000000     0.00000000
     0.00000000     0.00000000     0.00000000     0.00000000     0.00000000     0.00000000     0.00000000     0.00000000     0.00000000     0.00000000
     0.00000000     0.00000000     0.00000000    -1.00000000
    64.00000000
    -1.00000000     0.00000000     0.00000000     0.00000000     0.00000000     0.00000000     0.00000000     0.00000000     0.00000000     0.00000000
     0.00000000     0.00000000     0.00000000     0.00000000     0.00000000     0.00000000     0.00000000     0.00000000     0.00000000     0.00000000
     0.00000000     0.00000000     0.00000000     0.00000000     0.00000000     0.00000000     0.00000000     0.00000000     0.00000000     0.00000000
     0.00000000     0.00000000    -1.00000000     0.00000000     0.00000000     0.00000000     0.00000000     0.00000000     0.00000000     0.00000000
     0.00000000     0.00000000     0.00000000     0.00000000     0.00000000     0.00000000     0.00000000     0.00000000     0.25000000    -1.00000000
     0.00000000     0.00000000     0.00000000     0.00000000     0.00000000     0.00000000     0.00000000     0.00000000     0.00000000     0.00000000
     0.00000000     0.00000000     0.00000000     0.00000000
    64.00000000
     0.00000000    -1.00000000     0.00000000     0.00000000     0.00000000     0.00000000     0.00000000     0.00000000     0.00000000     0.00000000
     0.00000000     0.00000000     0.00000000     0.00000000     0.00000000     0.00000000     0.00000000     0.00000000     0.00000000     0.00000000
     0.00000000     0.00000000     0.00000000     0.00000000     0.00000000     0.00000000     0.00000000     0.00000000     0.00000000     0.00000000
     0.00000000     0.00000000     0.00000000    -1.00000000     0.00000000     0.00000000     0.00000000     0.00000000     0.00000000     0.00000000
     0.00000000     0.00000000     0.00000000     0.00000000     0.00000000     0.00000000     0.00000000     0.00000000    -1.00000000     0.00000000
    -1.00000000     0.00000000     0.00000000     0.00000000     0.00000000     0.00000000     0.00000000     0.00000000     0.00000000     0.00000000
     0.00000000     0.00000000     0.00000000     0.00000000
    64.00000000
     0.00000000     0.00000000    -1.00000000     0.00000000     0.00000000     0.00000000     0.00000000     0.00000000     0.00000000     0.00000000
     0.00000000     0.00000000     0.00000000     0.00000000     0.00000000     0.00000000     0.00000000     0.00000000     0.00000000     0.00000000
     0.00000000     0.00000000     0.00000000     0.00000000     0.00000000     0.00000000     0.00000000     0.00000000     0.00000000     0.00000000
     0.00000000     0.00000000     0.00000000     0.00000000    -1.00000000     0.00000000     0.00000000     0.00000000     0.00000000     0.00000000
     0.00000000     0.00000000     0.00000000     0.00000000     0.00000000     0.00000000     0.00000000     0.00000000     0.00000000    -1.00000000
     0.00000000    -1.00000000     0.00000000     0.00000000     0.00000000     0.00000000     0.00000000     0.00000000     0.00000000     0.00000000
     0.00000000     0.00000000     0.00000000     0.00000000
    64.00000000
     0.00000000     0.00000000     0.00000000    -1.00000000     0.00000000     0.00000000     0.00000000     0.00000000     0.00000000     0.00000000
     0.00000000     0.00000000     0.00000000     0.00000000     0.00000000     0.00000000     0.00000000     0.00000000     0.00000000     0.00000000
     0.00000000     0.00000000     0.00000000     0.00000000     0.00000000     0.00000000     0.00000000     0.00000000     0.00000000     0.00000000
     0.00000000     0.00000000     0.00000000     0.00000000     0.00000000    -1.00000000     0.00000000     0.00000000     0.00000000     0.00000000
     0.00000000     0.00000000     0.00000000     0.00000000     0.00000000     0.00000000     0.00000000     0.00000000     0.00000000     0.00000000
    -1.00000000     0.00000000    -1.00000000     0.00000000     0.00000000     0.00000000     0.00000000     0.00000000     0.00000000     0.00000000
     0.00000000     0.00000000     0.00000000     0.00000000
    64.00000000
     0.00000000     0.00000000     0.00000000     0.00000000    -1.00000000     0.00000000     0.00000000     0.00000000     0.00000000     0.00000000
     0.00000000     0.00000000     0.00000000     0.00000000     0.00000000     0.00000000     0.00000000     0.00000000     0.00000000     0.00000000
     0.00000000     0.00000000     0.00000000     0.00000000     0.00000000     0.00000000     0.00000000     0.00000000     0.00000000     0.00000000
     0.00000000     0.00000000     0.00000000     0.00000000     0.00000000     0.00000000    -1.00000000     0.00000000     0.00000000     0.00000000
     0.00000000     0.00000000     0.00000000     0.00000000     0.00000000     0.00000000     0.00000000     0.00000000     0.00000000     0.00000000
     0.00000000    -1.00000000     0.00000000    -1.00000000     0.00000000     0.00000000     0.00000000     0.00000000     0.00000000     0.00000000
     0.00000000     0.00000000     0.00000000     0.00000000
    64.00000000
     0.00000000     0.00000000     0.00000000     0.00000000     0.00000000    -1.00000000     0.00000000     0.00000000     0.00000000     0.00000000
     0.00000000     0.00000000     0.00000000     0.00000000     0.00000000     0.00000000     0.00000000     0.00000000     0.00000000     0.00000000
     0.00000000     0.00000000     0.00000000     0.00000000     0.00000000     0.00000000     0.00000000     0.00000000     0.00000000     0.00000000
     0.00000000     0.00000000     0.00000000     0.00000000     0.00000000     0.00000000     0.00000000    -1.00000000     0.00000000     0.00000000
     0.00000000     0.00000000     0.00000000     0.00000000     0.00000000     0.00000000     0.00000000     0.00000000     0.00000000     0.00000000
     0.00000000     0.00000000    -1.00000000     0.00000000    -1.00000000     0.00000000     0.00000000     0.00000000     0.00000000     0.00000000
     0.00000000     0.00000000     0.00000000     0.00000000
    64.00000000
     0.00000000     0.00000000     0.00000000     0.00000000     0.00000000     0.00000000    -1.00000000     0.00000000     0.00000000     0.00000000
     0.00000000     0.00000000     0.00000000     0.00000000     0.00000000     0.00000000     0.00000000     0.00000000     0.00000000     0.00000000
     0.00000000     0.00000000     0.00000000     0.00000000     0.00000000     0.00000000     0.00000000     0.00000000     0.00000000     0.00000000
     0.00000000     0.00000000     0.00000000     0.00000000     0.00000000     0.00000000     0.00000000     0.00000000    -1.00000000     0.00000000
     0.00000000     0.00000000     0.00000000     0.00000000     0.00000000     0.00000000     0.00000000     0.00000000     0.00000000     0.00000000
     0.00000000     0.00000000     0.00000000    -1.00000000     0.00000000    -1.00000000     0.00000000     0.00000000     0.00000000     0.00000000
     0.00000000     0.00000000     0.00000000     0.00000000
    64.00000000
     0.00000000     0.00000000     0.00000000     0.00000000     0.00000000     0.00000000     0.00000000    -1.00000000     0.00000000     0.00000000
     0.00000000     0.00000000     0.00000000     0.00000000     0.00000000     0.00000000     0.00000000     0.00000000     0.00000000     0.00000000
     0.00000000     0.00000000     0.00000000     0.00000000     0.00000000     0.00000000     0.00000000     0.00000000     0.00000000     0.00000000
     0.00000000     0.00000000     0.00000000     0.00000000     0.00000000     0.00000000     0.00000000     0.00000000     0.00000000    -1.00000000
     0.00000000     0.00000000     0.00000000     0.00000000     0.00000000     0.00000000     0.00000000     0.00000000     0.00000000     0.00000000
     0.00000000     0.00000000     0.00000000     0.00000000    -1.00000000     0.00000000    -1.00000000     0.00000000     0.00000000     0.00000000
     0.00000000     0.00000000     0.00000000     0.00000000
    64.00000000
     0.00000000     0.00000000     0.00000000     0.00000000     0.00000000     0.00000000     0.00000000     0.00000000    -1.00000000     0.00000000
     0.00000000     0.00000000     0.00000000     0.00000000     0.00000000     0.00000000     0.00000000     0.00000000     0.00000000     0.00000000
     0.00000000     0.00000000     0.00000000     0.00000000     0.00000000     0.00000000     0.00000000     0.00000000     0.00000000     0.00000000
     0.00000000     0.00000000     0.00000000     0.00000000     0.00000000     0.00000000     0.00000000     0.00000000     0.00000000     0.00000000
    -1.00000000     0.00000000     0.00000000     0.00000000     0.00000000     0.00000000     0.00000000     0.00000000     0.00000000     0.00000000
     0.00000000     0.00000000     0.00000000     0.00000000     0.00000000    -1.00000000     0.00000000    -1.00000000     0.00000000     0.00000000
     0.00000000     0.00000000     0.00000000     0.00000000
    64.00000000
     0.00000000     0.00000000     0.00000000     0.00000000     0.00000000     0.00000000     0.00000000     0.00000000     0.00000000    -1.00000000
     0.00000000     0.00000000     0.00000000     0.00000000     0.00000000     0.00000000     0.00000000     0.00000000     0.00000000     0.00000000
     0.00000000     0.00000000     0.00000000     0.00000000     0.00000000     0.00000000     0.00000000     0.00000000     0.00000000     0.00000000
     0.00000000     0.00000000     0.00000000     0.00000000     0.00000000     0.00000000     0.00000000     0.00000000     0.00000000     0.00000000
     0.00000000    -1.00000000     0.00000000     0.00000000     0.00000000     0.00000000     0.00000000     0.00000000     0.00000000     0.00000000
     0.00000000     0.00000000     0.00000000     0.00000000     0.00000000     0.00000000    -1.00000000     0.00000000    -1.00000000     0.00000000
     0.00000000     0.00000000     0.00000000     0.00000000
    64.00000000
     0.00000000     0.00000000     0.00000000     0.00000000     0.00000000     0.00000000     0.00000000     0.00000000     0.00000000     0.00000000
    -1.00000000     0.00000000     0.00000000     0.00000000     0.00000000     0.00000000     0.00000000     0.00000000     0.00000000     0.00000000
     0.00000000     0.00000000     0.00000000     0.00000000     0.00000000     0.00000000     0.00000000     0.00000000     0.00000000     0.00000000
     0.00000000     0.00000000     0.00000000     0.00000000     0.00000000     0.00000000     0.00000000     0.00000000     0.00000000     0.00000000
     0.00000000     0.00000000    -1.00000000     0.00000000     0.00000000     0.00000000     0.00000000     0.00000000     0.00000000     0.00000000
     0.00000000     0.00000000     0.00000000     0.00000000     0.00000000     0.00000000     0.00000000    -1.00000000     0.00000000    -1.00000000
     0.00000000     0.00000000     0.00000000     0.00000000
    64.00000000
     0.00000000     0.00000000     0.00000000     0.00000000     0.00000000     0.00000000     0.00000000     0.00000000     0.00000000     0.00000000
     0.00000000    -1.00000000     0.00000000     0.00000000     0.00000000     0.00000000     0.00000000     0.00000000     0.00000000     0.00000000
     0.00000000     0.00000000     0.00000000     0.00000000     0.00000000     0.00000000     0.00000000     0.00000000     0.00000000     0.00000000
     0.00000000     0.00000000     0.00000000     0.00000000     0.00000000     0.00000000     0.00000000     0.00000000     0.00000000     0.00000000
     0.00000000     0.00000000     0.00000000    -1.00000000     0.00000000     0.00000000     0.00000000     0.00000000     0.00000000     0.00000000
     0.00000000     0.00000000     0.00000000     0.00000000     0.00000000     0.00000000     0.00000000     0.00000000    -1.00000000     0.00000000
    -1.00000000     0.00000000     0.00000000     0.00000000
    64.00000000
     0.00000000     0.00000000     0.00000000     0.00000000     0.00000000     0.00000000     0.00000000     0.00000000     0.00000000     0.00000000
     0.00000000     0.00000000    -1.00000000     0.00000000     0.00000000     0.00000000     0.00000000     0.00000000     0.00000000     0.00000000
     0.00000000     0.00000000     0.00000000     0.00000000     0.00000000     0.00000000     0.00000000     0.00000000     0.00000000     0.00000000
     0.00000000     0.00000000     0.00000000     0.00000000     0.00000000     0.00000000     0.00000000     0.00000000     0.00000000     0.00000000
     0.00000000     0.00000000     0.00000000     0.00000000    -1.00000000     0.00000000     0.00000000     0.00000000     0.00000000     0.00000000
     0.00000000     0.00000000     0.00000000     0.00000000     0.00000000     0.00000000     0.00000000     0.00000000     0.00000000    -1.00000000
     0.00000000    -1.00000000     0.00000000     0.00000000
    64.00000000
     0.00000000     0.00000000     0.00000000     0.00000000     0.00000000     0.00000000     0.00000000     0.00000000     0.00000000     0.00000000
     0.00000000     0.00000000     0.00000000    -1.00000000     0.00000000     0.00000000     0.00000000     0.00000000     0.00000000     0.00000000
     0.00000000     0.00000000     0.00000000     0.00000000     0.00000000     0.00000000     0.00000000     0.00000000     0.00000000     0.00000000
     0.00000000     0.00000000     0.00000000     0.00000000     0.00000000     0.00000000     0.00000000     0.00000000     0.00000000     0.00000000
     0.00000000     0.00000000     0.00000000     0.00000000     0.00000000    -1.00000000     0.00000000     0.00000000     0.00000000     0.00000000
     0.00000000     0.00000000     0.00000000     0.00000000     0.00000000     0.00000000     0.00000000     0.00000000     0.00000000     0.00000000
    -1.00000000     0.00000000    -1.00000000     0.00000000
    64.00000000
     0.00000000     0.00000000     0.00000000     0.00000000     0.00000000     0.00000000     0.00000000     0.00000000     0.00000000     0.00000000
     0.00000000     0.00000000     0.00000000     0.00000000    -1.00000000     0.00000000     0.00000000     0.00000000     0.00000000     0.00000000
     0.00000000     0.00000000     0.00000000     0.00000000     0.00000000     0.00000000     0.00000000     0.00000000     0.00000000     0.00000000
     0.00000000     0.00000000     0.00000000     0.00000000     0.00000000     0.00000000     0.00000000     0.00000000     0.00000000     0.00000000
     0.00000000     0.00000000     0.00000000     0.00000000     0.00000000     0.00000000    -1.00000000     0.00000000     0.00000000     0.00000000
     0.00000000     0.00000000     0.00000000     0.00000000     0.00000000     0.00000000     0.00000000     0.00000000     0.00000000     0.00000000
     0.00000000    -1.00000000     0.00000000    -1.00000000
    64.00000000
     0.00000000     0.00000000     0.00000000     0.00000000     0.00000000     0.00000000     0.00000000     0.00000000     0.00000000     0.00000000
     0.00000000     0.00000000     0.00000000     0.00000000     0.00000000    -1.00000000     0.00000000     0.00000000     0.00000000     0.00000000
     0.00000000     0.00000000     0.00000000     0.00000000     0.00000000     0.00000000     0.00000000     0.00000000     0.00000000     0.00000000
     0.00000000     0.00000000     0.00000000     0.00000000     0.00000000     0.00000000     0.00000000     0.00000000     0.00000000     0.00000000
     0.00000000     0.00000000     0.00000000     0.00000000     0.00000000     0.00000000     0.00000000    -1.00000000     0.00000000     0.00000000
     0.00000000     0.00000000     0.00000000     0.00000000     0.00000000     0.00000000     0.00000000     0.00000000     0.00000000     0.00000000
     0.00000000     0.00000000    -1.00000000    -0.25000000
