  0.50243566418304020     
  0.22293765609702176     
   5.3686564635413200E-002
  -7.2515965236183309E-003
  0.14173085842058536     
   7.8319257848833659E-002
  -8.0152066583364129E-002
  -3.9747718270489368E-002
   1.0651846738067051E-002
  -4.1304943713610431E-002
  -7.8998663664926833E-002
   1.9175556242417315E-002
  -4.8452477280208159E-003
  -5.7456382794804327E-003
   4.0950860139324016E-002
   8.3062294943582526E-002
   0.0000000000000000     
   0.0000000000000000     
   0.0000000000000000     
   0.0000000000000000     
   0.0000000000000000     
   0.0000000000000000     
   0.0000000000000000     
   0.0000000000000000     
   0.0000000000000000     
   0.0000000000000000     
   0.0000000000000000     
   0.0000000000000000     
   0.0000000000000000     
   0.0000000000000000     
   0.0000000000000000     
   0.0000000000000000     
  0.16710314275455793     
  0.36481329951577068     
  0.12726944853371669     
   3.0046469503852348E-002
  -1.0411791681184182E-003
  0.13323999647444301     
  -3.4818856233617143E-003
  -1.2887600661055525E-002
  -4.5220379440673544E-002
   3.0894588651728387E-002
  -4.6594585557868620E-002
  -4.0540716893984613E-003
  -1.8064686202603562E-002
   2.5401524870805502E-002
  -1.4878396371366015E-002
   1.8846235277318241E-002
   0.0000000000000000     
   0.0000000000000000     
   0.0000000000000000     
   0.0000000000000000     
   0.0000000000000000     
   0.0000000000000000     
   0.0000000000000000     
   0.0000000000000000     
   0.0000000000000000     
   0.0000000000000000     
   0.0000000000000000     
   0.0000000000000000     
   0.0000000000000000     
   0.0000000000000000     
   0.0000000000000000     
   0.0000000000000000     
   1.3086921423456684E-002
  0.12392985151010491     
  0.37646796634019430     
  0.16389692025447389     
  -1.3512745426899222E-002
   2.0091467142303216E-002
  0.15078363845501611     
   2.9001169634368988E-002
  -2.8136631823692394E-002
  -6.3703180267100715E-002
   8.6820857331899211E-003
  -6.1594909112015442E-002
   1.4162840526265732E-002
   1.0439921266421869E-002
   1.9670018919531275E-002
  -3.6655042211160678E-002
   0.0000000000000000     
   0.0000000000000000     
   0.0000000000000000     
   0.0000000000000000     
   0.0000000000000000     
   0.0000000000000000     
   0.0000000000000000     
   0.0000000000000000     
   0.0000000000000000     
   0.0000000000000000     
   0.0000000000000000     
   0.0000000000000000     
   0.0000000000000000     
   0.0000000000000000     
   0.0000000000000000     
   0.0000000000000000     
  -4.2791056684200511E-003
   3.7078333897595905E-002
  0.17206199320874005     
  0.43143707001967935     
  -3.6895996824364889E-002
  -2.5387632102373565E-002
   7.3767814504863277E-002
  0.17258460619369331     
  -3.1999690194987633E-003
  -6.1878271777218066E-002
  -5.7299395150344601E-002
   2.2670394652056371E-002
   9.0346706121528203E-002
   3.8669144840364100E-002
  -4.0827552513478818E-002
  -2.1740494599518077E-002
   0.0000000000000000     
   0.0000000000000000     
   0.0000000000000000     
   0.0000000000000000     
   0.0000000000000000     
   0.0000000000000000     
   0.0000000000000000     
   0.0000000000000000     
   0.0000000000000000     
   0.0000000000000000     
   0.0000000000000000     
   0.0000000000000000     
   0.0000000000000000     
   0.0000000000000000     
   0.0000000000000000     
   0.0000000000000000     
  0.15786854874583919     
  -2.3046715020441210E-002
  -3.3075934073761006E-002
  -2.2279595530865757E-002
  0.43126339721003842     
   9.8408188245492509E-002
   4.4717361044852647E-002
  -4.6063636714176901E-003
  0.19193988117823296     
  -4.1731171097904779E-002
   5.0221992397271502E-003
  -1.6887257396226985E-002
   2.2244157113675490E-002
  -5.8359473860464584E-002
  -5.4644674323306372E-003
   3.2189372942206460E-003
   0.0000000000000000     
   0.0000000000000000     
   0.0000000000000000     
   0.0000000000000000     
   0.0000000000000000     
   0.0000000000000000     
   0.0000000000000000     
   0.0000000000000000     
   0.0000000000000000     
   0.0000000000000000     
   0.0000000000000000     
   0.0000000000000000     
   0.0000000000000000     
   0.0000000000000000     
   0.0000000000000000     
   0.0000000000000000     
   5.8264000519535120E-002
  0.16527789330359818     
   1.3555259157348754E-002
  -3.3580634748614183E-002
   8.3909825375068567E-002
  0.43015896772588008     
  0.14473178010974372     
   1.2881035001849599E-002
  -8.1368597125518541E-004
  0.19456073141997410     
   8.2081443994678621E-002
   3.2628568534821371E-003
  -7.2395473328934729E-002
   1.4196784188005421E-002
  -5.5528202891002257E-002
  -6.2824122702092144E-002
   0.0000000000000000     
   0.0000000000000000     
   0.0000000000000000     
   0.0000000000000000     
   0.0000000000000000     
   0.0000000000000000     
   0.0000000000000000     
   0.0000000000000000     
   0.0000000000000000     
   0.0000000000000000     
   0.0000000000000000     
   0.0000000000000000     
   0.0000000000000000     
   0.0000000000000000     
   0.0000000000000000     
   0.0000000000000000     
  -5.0006470139543235E-002
  -2.8870802553266810E-003
  0.16706438391024098     
   6.4085299304111484E-002
   2.6457378459644375E-002
  0.11578448527222744     
  0.44395633531712697     
   8.9332523350068888E-002
   8.4561906648296034E-003
  -1.0304637757297350E-002
  0.18379315874011198     
  -2.4892508535043913E-002
  -3.7120281289948320E-002
  -5.9192760604163078E-002
   7.6692658135278882E-002
  -2.3385983117022651E-002
   0.0000000000000000     
   0.0000000000000000     
   0.0000000000000000     
   0.0000000000000000     
   0.0000000000000000     
   0.0000000000000000     
   0.0000000000000000     
   0.0000000000000000     
   0.0000000000000000     
   0.0000000000000000     
   0.0000000000000000     
   0.0000000000000000     
   0.0000000000000000     
   0.0000000000000000     
   0.0000000000000000     
   0.0000000000000000     
  -1.2236795403305769E-002
  -1.1062653085170149E-002
   3.3886404712737836E-002
  0.18443461603987515     
  -1.1611862095119664E-002
  -9.3209769657696170E-004
  0.10119251342129579     
  0.37666014229870554     
   2.5924388208137590E-002
  -5.9324637390430037E-003
   1.4446029474019139E-002
  0.18471325783753356     
   8.4723673061372557E-004
  -3.0702170893457413E-002
  -7.2194129441579893E-002
   2.7859967811334992E-002
   0.0000000000000000     
   0.0000000000000000     
   0.0000000000000000     
   0.0000000000000000     
   0.0000000000000000     
   0.0000000000000000     
   0.0000000000000000     
   0.0000000000000000     
   0.0000000000000000     
   0.0000000000000000     
   0.0000000000000000     
   0.0000000000000000     
   0.0000000000000000     
   0.0000000000000000     
   0.0000000000000000     
   0.0000000000000000     
   2.4764926083541312E-002
  -8.8048880077318870E-002
  -4.1724902911054892E-002
   2.1416684921490313E-002
  0.20923017063349417     
   3.8504970038468617E-003
   6.7227272028060267E-003
   1.8841572859003484E-002
  0.50698431304477865     
   6.5651955920386057E-002
   5.7390524630225644E-003
  -1.6922830875028740E-002
  0.17566262388030174     
  -3.0742973176002088E-002
  -2.3948292655743220E-002
   8.6561905464356877E-003
   0.0000000000000000     
   0.0000000000000000     
   0.0000000000000000     
   0.0000000000000000     
   0.0000000000000000     
   0.0000000000000000     
   0.0000000000000000     
   0.0000000000000000     
   0.0000000000000000     
   0.0000000000000000     
   0.0000000000000000     
   0.0000000000000000     
   0.0000000000000000     
   0.0000000000000000     
   0.0000000000000000     
   0.0000000000000000     
  -3.4962074249588040E-002
   6.2996687038721688E-002
  -6.5962590173341135E-002
  -5.0559835252731389E-002
  -3.8647753233528884E-002
  0.19383666620228554     
   3.8611248218410220E-003
   1.1000567695657859E-002
   9.7543027536837607E-002
  0.48056558673568384     
  0.12704639176213389     
   4.3287728136208618E-002
   8.6251173574554585E-002
  0.18186993168174909     
  -3.4892852972126701E-002
  -3.5341043438951461E-002
   0.0000000000000000     
   0.0000000000000000     
   0.0000000000000000     
   0.0000000000000000     
   0.0000000000000000     
   0.0000000000000000     
   0.0000000000000000     
   0.0000000000000000     
   0.0000000000000000     
   0.0000000000000000     
   0.0000000000000000     
   0.0000000000000000     
   0.0000000000000000     
   0.0000000000000000     
   0.0000000000000000     
   0.0000000000000000     
  -5.1356771158636724E-002
  -5.5572650405098532E-002
   1.6602814216217226E-003
  -4.3890534168447848E-002
   3.4478213528519423E-003
   5.1620867878075648E-002
  0.16678688188940202     
  -5.1089552146974665E-005
   3.5449378929554797E-003
  0.12030178961234675     
  0.37301312980566498     
   9.5840860003986589E-002
  -3.6261189862312380E-002
   1.5938087669022914E-002
  0.16526072960294333     
   9.3282825242553130E-002
   0.0000000000000000     
   0.0000000000000000     
   0.0000000000000000     
   0.0000000000000000     
   0.0000000000000000     
   0.0000000000000000     
   0.0000000000000000     
   0.0000000000000000     
   0.0000000000000000     
   0.0000000000000000     
   0.0000000000000000     
   0.0000000000000000     
   0.0000000000000000     
   0.0000000000000000     
   0.0000000000000000     
   0.0000000000000000     
   1.1134947506757148E-002
  -5.5925836540454080E-003
  -8.8096756654047745E-002
   2.2601034050843190E-002
  -1.1621366271956621E-002
  -3.3668366442067077E-003
  -3.4719547395853818E-002
  0.20170186161013309     
  -5.4899317393548638E-003
   4.8147316256389072E-002
  0.10446270723293742     
  0.54198455216257613     
  -2.1436342351263484E-002
  -3.4399566261880267E-002
  -2.5900567884549919E-002
  0.16282183994178032     
   0.0000000000000000     
   0.0000000000000000     
   0.0000000000000000     
   0.0000000000000000     
   0.0000000000000000     
   0.0000000000000000     
   0.0000000000000000     
   0.0000000000000000     
   0.0000000000000000     
   0.0000000000000000     
   0.0000000000000000     
   0.0000000000000000     
   0.0000000000000000     
   0.0000000000000000     
   0.0000000000000000     
   0.0000000000000000     
  -2.2866529045068102E-002
  -1.9593850737332864E-002
   5.5691475491644792E-002
   6.7132822515048193E-002
   1.1602052646487974E-002
  -4.9611674227651781E-002
  -3.9311166009055203E-002
   1.8704586759068730E-002
  0.17489669632489421     
   4.3518907260399795E-002
  -4.4007012950433848E-002
  -1.4596676974368238E-002
  0.41643126667479946     
  0.18039435394512190     
   3.1925026460887865E-002
  -1.9568456102175516E-002
   0.0000000000000000     
   0.0000000000000000     
   0.0000000000000000     
   0.0000000000000000     
   0.0000000000000000     
   0.0000000000000000     
   0.0000000000000000     
   0.0000000000000000     
   0.0000000000000000     
   0.0000000000000000     
   0.0000000000000000     
   0.0000000000000000     
   0.0000000000000000     
   0.0000000000000000     
   0.0000000000000000     
   0.0000000000000000     
  -1.4483832244417644E-002
   5.4915553764487604E-002
  -2.3490891250348749E-002
   2.6995703753060884E-002
  -8.0290913143448939E-002
  -3.3301304136496338E-003
  -5.5826537138174356E-002
  -3.4370308025447341E-002
  -1.4673892475646896E-002
  0.16283972218043838     
   1.2592378906867771E-002
  -2.6614097967594830E-002
  0.19466605389335151     
  0.46442595713171542     
  0.14831062018010036     
   3.5228704505688185E-002
   0.0000000000000000     
   0.0000000000000000     
   0.0000000000000000     
   0.0000000000000000     
   0.0000000000000000     
   0.0000000000000000     
   0.0000000000000000     
   0.0000000000000000     
   0.0000000000000000     
   0.0000000000000000     
   0.0000000000000000     
   0.0000000000000000     
   0.0000000000000000     
   0.0000000000000000     
   0.0000000000000000     
   0.0000000000000000     
   2.9482656745467524E-002
  -2.0711182963721320E-002
   2.3817854515043150E-002
  -3.0667922651357267E-002
   1.1989174285695453E-002
  -5.6295627349216636E-002
   4.5719663729542580E-002
  -7.0125529017968494E-002
  -2.2770959065286245E-002
  -3.6073743299736907E-002
  0.17801312195829830     
  -2.0001023436189716E-002
   1.2733715211408597E-002
  0.13836519804092545     
  0.48217313074558066     
  0.16260974439367892     
   0.0000000000000000     
   0.0000000000000000     
   0.0000000000000000     
   0.0000000000000000     
   0.0000000000000000     
   0.0000000000000000     
   0.0000000000000000     
   0.0000000000000000     
   0.0000000000000000     
   0.0000000000000000     
   0.0000000000000000     
   0.0000000000000000     
   0.0000000000000000     
   0.0000000000000000     
   0.0000000000000000     
   0.0000000000000000     
   5.5049693734453300E-002
   1.8110557016585465E-002
  -3.0534794303436065E-002
  -2.0485634482742730E-002
   1.5977806843669364E-002
  -5.1211597553034470E-002
  -3.5309724359404979E-002
   2.4020637157875484E-002
  -1.0767259069229759E-002
  -5.1364946377871402E-002
   7.5207288994045829E-002
  0.15732593900731534     
  -4.8906505677156079E-003
   1.1463851158834233E-002
  0.17743776866319197     
  0.37722922108876533     
   0.0000000000000000     
   0.0000000000000000     
   0.0000000000000000     
   0.0000000000000000     
   0.0000000000000000     
   0.0000000000000000     
   0.0000000000000000     
   0.0000000000000000     
   0.0000000000000000     
   0.0000000000000000     
   0.0000000000000000     
   0.0000000000000000     
   0.0000000000000000     
   0.0000000000000000     
   0.0000000000000000     
   0.0000000000000000     
   0.0000000000000000     
   0.0000000000000000     
   0.0000000000000000     
   0.0000000000000000     
   0.0000000000000000     
   0.0000000000000000     
   0.0000000000000000     
   0.0000000000000000     
   0.0000000000000000     
   0.0000000000000000     
   0.0000000000000000     
   0.0000000000000000     
   0.0000000000000000     
   0.0000000000000000     
   0.0000000000000000     
   0.0000000000000000     
  0.39242378883522344     
  0.17592125593843194     
   1.6403824476539056E-002
   6.6912750916467952E-003
  0.16208806974575457     
   6.6360436975489559E-002
  -6.5965596373229407E-002
  -6.1239844953813773E-003
  -7.5552233596942189E-004
  -4.3245659181326390E-002
  -7.1051881978086817E-002
   3.1885891030080778E-002
  -1.4868239703819966E-002
  -2.3844382162284475E-002
   4.3431128955469092E-002
   8.2085911127539296E-002
   0.0000000000000000     
   0.0000000000000000     
   0.0000000000000000     
   0.0000000000000000     
   0.0000000000000000     
   0.0000000000000000     
   0.0000000000000000     
   0.0000000000000000     
   0.0000000000000000     
   0.0000000000000000     
   0.0000000000000000     
   0.0000000000000000     
   0.0000000000000000     
   0.0000000000000000     
   0.0000000000000000     
   0.0000000000000000     
  0.19158315213808050     
  0.51685580805393572     
  0.13276656269479004     
   1.1784781420310904E-002
  -1.5802526639228411E-003
  0.19232914670338327     
  -3.9661742885021375E-002
  -1.7716909717690032E-002
  -6.8224943658545173E-002
   6.7962517671526917E-002
  -5.5639993162414060E-002
   1.2555904313123067E-002
  -3.8138368960061765E-002
   2.4174417868023525E-002
  -3.7055971920432126E-002
   2.8230675638907576E-002
   0.0000000000000000     
   0.0000000000000000     
   0.0000000000000000     
   0.0000000000000000     
   0.0000000000000000     
   0.0000000000000000     
   0.0000000000000000     
   0.0000000000000000     
   0.0000000000000000     
   0.0000000000000000     
   0.0000000000000000     
   0.0000000000000000     
   0.0000000000000000     
   0.0000000000000000     
   0.0000000000000000     
   0.0000000000000000     
   2.9923323762684993E-002
  0.13555189142533627     
  0.50402183735627160     
  0.15749528900435925     
   1.0155693899358409E-002
  -6.8438924467662133E-003
  0.19190590251596915     
  -2.2126145488740711E-002
  -4.6458062811432485E-002
  -9.8997274123343443E-002
   3.4411700730266663E-002
 -0.11904859329116624     
   2.4022841130589619E-002
   1.2770771201557710E-002
   6.6141305627686692E-002
  -8.6531333451116185E-003
   0.0000000000000000     
   0.0000000000000000     
   0.0000000000000000     
   0.0000000000000000     
   0.0000000000000000     
   0.0000000000000000     
   0.0000000000000000     
   0.0000000000000000     
   0.0000000000000000     
   0.0000000000000000     
   0.0000000000000000     
   0.0000000000000000     
   0.0000000000000000     
   0.0000000000000000     
   0.0000000000000000     
   0.0000000000000000     
  -1.6944885624097919E-002
   2.4261793012236466E-002
  0.19436485909199847     
  0.43594930952735311     
  -3.3941314178193814E-003
  -4.7046113348874749E-002
   6.1051145903165606E-002
  0.21686671760355214     
   1.9334843331323702E-002
  -6.0064572629729487E-002
  -3.6069088734807742E-002
   4.7651171555511698E-002
   7.9810971384347243E-002
   4.0273752735265587E-002
  -2.7353071536485390E-002
  -1.9821014649008196E-002
   0.0000000000000000     
   0.0000000000000000     
   0.0000000000000000     
   0.0000000000000000     
   0.0000000000000000     
   0.0000000000000000     
   0.0000000000000000     
   0.0000000000000000     
   0.0000000000000000     
   0.0000000000000000     
   0.0000000000000000     
   0.0000000000000000     
   0.0000000000000000     
   0.0000000000000000     
   0.0000000000000000     
   0.0000000000000000     
  0.14060932679564689     
  -2.8846464637490264E-002
  -2.6059512809580014E-002
  -1.4680109772532590E-002
  0.50252171013026470     
   9.0328999084115222E-002
   4.3822524616456096E-002
  -6.3365842506380530E-003
  0.19150568080692465     
  -3.8220798713987557E-002
  -5.9291596419861611E-003
  -2.3262158924421027E-002
   3.6590948879606205E-002
  -7.4008900412541684E-002
   2.9181966371785040E-003
   3.0857617876723802E-002
   0.0000000000000000     
   0.0000000000000000     
   0.0000000000000000     
   0.0000000000000000     
   0.0000000000000000     
   0.0000000000000000     
   0.0000000000000000     
   0.0000000000000000     
   0.0000000000000000     
   0.0000000000000000     
   0.0000000000000000     
   0.0000000000000000     
   0.0000000000000000     
   0.0000000000000000     
   0.0000000000000000     
   0.0000000000000000     
   3.7304014833553507E-002
  0.16638084821419494     
   8.4511596590729765E-003
  -4.1549061944948971E-002
   7.7091423876795198E-002
  0.39551012828814286     
  0.10673784114530852     
   4.5143226595081515E-003
   1.7646895337408573E-002
  0.20198011082445771     
   5.8121836243915218E-002
   1.4994908295671572E-003
  -2.3900161619534781E-002
   2.0767399607345603E-002
  -5.6080684528124827E-002
  -7.0693820975615357E-002
   0.0000000000000000     
   0.0000000000000000     
   0.0000000000000000     
   0.0000000000000000     
   0.0000000000000000     
   0.0000000000000000     
   0.0000000000000000     
   0.0000000000000000     
   0.0000000000000000     
   0.0000000000000000     
   0.0000000000000000     
   0.0000000000000000     
   0.0000000000000000     
   0.0000000000000000     
   0.0000000000000000     
   0.0000000000000000     
  -4.6697225012887436E-002
  -3.8327425152536544E-002
  0.14503081149730074     
   4.6280877798903886E-002
   3.1949116637074559E-002
  0.13223068847856584     
  0.41605480359766506     
   9.5036866978162812E-002
  -3.4199806294587105E-004
   2.1888574813800198E-002
  0.18044370092571299     
  -1.1459960849445231E-002
  -8.7557609865484470E-002
  -5.0171954315203146E-002
   4.8950445047953560E-002
  -3.9835628337643356E-002
   0.0000000000000000     
   0.0000000000000000     
   0.0000000000000000     
   0.0000000000000000     
   0.0000000000000000     
   0.0000000000000000     
   0.0000000000000000     
   0.0000000000000000     
   0.0000000000000000     
   0.0000000000000000     
   0.0000000000000000     
   0.0000000000000000     
   0.0000000000000000     
   0.0000000000000000     
   0.0000000000000000     
   0.0000000000000000     
  -2.1563741959924217E-002
  -1.3147315960462152E-002
   1.4278121768732785E-003
  0.19886876567169892     
  -1.0897528138261992E-002
   8.7717137088415623E-003
   7.9529620294903028E-002
  0.52528315233310052     
   1.2644736937452286E-002
   4.5903081811701600E-002
   2.0052836381969641E-002
  0.20875487732792658     
   7.1288186601624701E-003
  -3.3925924209521591E-002
 -0.10124591697118054     
   4.0624549138590593E-002
   0.0000000000000000     
   0.0000000000000000     
   0.0000000000000000     
   0.0000000000000000     
   0.0000000000000000     
   0.0000000000000000     
   0.0000000000000000     
   0.0000000000000000     
   0.0000000000000000     
   0.0000000000000000     
   0.0000000000000000     
   0.0000000000000000     
   0.0000000000000000     
   0.0000000000000000     
   0.0000000000000000     
   0.0000000000000000     
   4.0072963881749898E-002
  -7.8167139594654683E-002
  -3.4844906074157425E-002
   1.0686226515249971E-002
  0.21796978931517788     
   1.5352993373763163E-002
   1.5912930741896082E-002
   9.3049472132223105E-003
  0.40360946400806330     
   7.8239835380005202E-002
   6.3661387531337987E-003
  -2.1277872070785398E-002
  0.15593947259035984     
   1.3261825893622273E-002
  -1.6061295713633214E-003
  -1.4342306819033677E-002
   0.0000000000000000     
   0.0000000000000000     
   0.0000000000000000     
   0.0000000000000000     
   0.0000000000000000     
   0.0000000000000000     
   0.0000000000000000     
   0.0000000000000000     
   0.0000000000000000     
   0.0000000000000000     
   0.0000000000000000     
   0.0000000000000000     
   0.0000000000000000     
   0.0000000000000000     
   0.0000000000000000     
   0.0000000000000000     
  -2.1500063047635559E-002
   4.6578423323342083E-002
  -4.4096432260022245E-002
  -3.3464269958618627E-002
  -1.9147418451466242E-002
  0.13815972659386574     
   2.2298928155423652E-002
   7.8140573122494113E-003
   8.4605394328626765E-002
  0.37329213254085442     
  0.12719436766603742     
   2.7558530946649694E-002
   7.9676501016721343E-002
  0.14762140087852674     
  -1.2601905524721291E-002
  -3.3355336296196983E-002
   0.0000000000000000     
   0.0000000000000000     
   0.0000000000000000     
   0.0000000000000000     
   0.0000000000000000     
   0.0000000000000000     
   0.0000000000000000     
   0.0000000000000000     
   0.0000000000000000     
   0.0000000000000000     
   0.0000000000000000     
   0.0000000000000000     
   0.0000000000000000     
   0.0000000000000000     
   0.0000000000000000     
   0.0000000000000000     
  -5.3392017286230518E-002
  -5.9424812891646049E-002
  -9.1240421816503828E-003
  -4.3645282172840763E-002
  -4.4490639450262045E-003
   8.3009999847571334E-002
  0.20518676344900202     
   1.6299272464513202E-002
  -4.7217011100333297E-003
  0.12156339947307027     
  0.43045953754758753     
  0.11080834365111150     
  -4.0777344768627100E-002
   1.6168305259938572E-002
  0.16187712091056317     
   5.2463788920667997E-002
   0.0000000000000000     
   0.0000000000000000     
   0.0000000000000000     
   0.0000000000000000     
   0.0000000000000000     
   0.0000000000000000     
   0.0000000000000000     
   0.0000000000000000     
   0.0000000000000000     
   0.0000000000000000     
   0.0000000000000000     
   0.0000000000000000     
   0.0000000000000000     
   0.0000000000000000     
   0.0000000000000000     
   0.0000000000000000     
   1.6173579170713971E-002
   1.7298539210613733E-002
  -6.4892584680653120E-002
   2.4894228581050403E-002
  -5.8263154371209006E-003
   2.1595239908557954E-003
  -1.3984943588496748E-002
  0.16946000695986946     
   5.7365612764826972E-003
   2.9250602928907781E-002
   9.6562248979672499E-002
  0.37355260117997124     
  -1.1668545711775301E-002
  -2.3643947468324246E-002
  -1.0120003620421310E-002
  0.15156358548835860     
   0.0000000000000000     
   0.0000000000000000     
   0.0000000000000000     
   0.0000000000000000     
   0.0000000000000000     
   0.0000000000000000     
   0.0000000000000000     
   0.0000000000000000     
   0.0000000000000000     
   0.0000000000000000     
   0.0000000000000000     
   0.0000000000000000     
   0.0000000000000000     
   0.0000000000000000     
   0.0000000000000000     
   0.0000000000000000     
  -3.0139033906088842E-002
  -9.2728894403159706E-002
   1.9208875298308743E-002
   3.6874271102389430E-002
   2.4866147129565076E-002
  -3.4375698329601349E-002
  -5.4499888560839281E-002
   1.2126291404958125E-003
  0.16780579966977033     
  0.10460866011889695     
  -4.8433597072130255E-002
  -2.1720952608253220E-002
  0.43732861766690279     
  0.21662850486482105     
   4.7095540738379023E-002
  -1.0697716860498339E-002
   0.0000000000000000     
   0.0000000000000000     
   0.0000000000000000     
   0.0000000000000000     
   0.0000000000000000     
   0.0000000000000000     
   0.0000000000000000     
   0.0000000000000000     
   0.0000000000000000     
   0.0000000000000000     
   0.0000000000000000     
   0.0000000000000000     
   0.0000000000000000     
   0.0000000000000000     
   0.0000000000000000     
   0.0000000000000000     
  -3.2126466420124837E-002
   3.4742793775342527E-002
   1.7636092135846649E-002
   5.1873971321825176E-002
  -6.6763111988880880E-002
   5.6796581223737021E-003
  -6.3964667706362874E-002
  -2.2230197153855148E-002
   2.2921422120802028E-002
  0.16177364273058631     
   1.3037069390599201E-002
  -1.5322022234585980E-002
  0.17065363923596072     
  0.40166215851325254     
  0.12595334856652135     
   1.6664872265972172E-002
   0.0000000000000000     
   0.0000000000000000     
   0.0000000000000000     
   0.0000000000000000     
   0.0000000000000000     
   0.0000000000000000     
   0.0000000000000000     
   0.0000000000000000     
   0.0000000000000000     
   0.0000000000000000     
   0.0000000000000000     
   0.0000000000000000     
   0.0000000000000000     
   0.0000000000000000     
   0.0000000000000000     
   0.0000000000000000     
   2.9538362778079191E-003
  -1.2360830197798581E-002
   3.8388055158842978E-002
  -6.6153105512285022E-003
  -1.3375488513350828E-002
  -3.5741350185720104E-002
   3.0544492676508456E-002
  -5.3138923842055499E-002
  -1.6072057355689156E-002
  -1.4355922284976321E-003
  0.14698479418630450     
   1.3034306267297358E-003
   2.7030451555407016E-002
  0.13306304253097906     
  0.39662928950162046     
  0.17923402406531400     
   0.0000000000000000     
   0.0000000000000000     
   0.0000000000000000     
   0.0000000000000000     
   0.0000000000000000     
   0.0000000000000000     
   0.0000000000000000     
   0.0000000000000000     
   0.0000000000000000     
   0.0000000000000000     
   0.0000000000000000     
   0.0000000000000000     
   0.0000000000000000     
   0.0000000000000000     
   0.0000000000000000     
   0.0000000000000000     
   6.7888638595296008E-002
   5.0604852632554029E-002
  -2.5848762382102413E-002
  -1.5441126441614850E-002
   2.1515488953939836E-002
  -9.1132787013935845E-002
  -4.9670590947155487E-002
   1.8957258162145711E-002
  -1.9288985578463085E-002
  -9.0182682885429993E-002
   4.8707528289846591E-002
  0.15843465879703356     
  -7.9826730362096959E-003
   2.2939999626834344E-002
  0.20107578299588852     
  0.49484566091979110     
