   2.0068055063530457E-002
   1.1685405095876943E-002
   1.5943573182796895E-002
   1.3076011691784181E-002
   6.1696014111556532E-003
   1.6892106628330461E-002
   1.8657077627308009E-002
   9.8832319798303845E-003
   9.9073833785506740E-003
   1.2177851707335326E-002
   9.6208031321971532E-003
   1.3594541730228003E-002
   5.4903885742624446E-003
   1.0464369368017704E-002
   4.2874722414557994E-003
   9.6691526463370172E-003
   0.0000000000000000     
   0.0000000000000000     
   0.0000000000000000     
   0.0000000000000000     
   0.0000000000000000     
   0.0000000000000000     
   0.0000000000000000     
   0.0000000000000000     
   0.0000000000000000     
   0.0000000000000000     
   0.0000000000000000     
   0.0000000000000000     
   0.0000000000000000     
   0.0000000000000000     
   0.0000000000000000     
   0.0000000000000000     
   9.7652194125358097E-003
   1.5566694881532230E-002
   2.4747382704938883E-003
   4.5379397001296734E-003
   8.0450672877576263E-003
   1.1589043412748747E-002
   4.7441309373278950E-003
   1.5596631692255413E-003
   2.9307383439817871E-003
   5.4665528379239658E-003
   4.6275821559462662E-003
   3.3796204902677685E-003
   5.7985156555759709E-003
   1.0129124453831691E-002
   9.2984686793709075E-003
   8.2502007135900595E-003
   0.0000000000000000     
   0.0000000000000000     
   0.0000000000000000     
   0.0000000000000000     
   0.0000000000000000     
   0.0000000000000000     
   0.0000000000000000     
   0.0000000000000000     
   0.0000000000000000     
   0.0000000000000000     
   0.0000000000000000     
   0.0000000000000000     
   0.0000000000000000     
   0.0000000000000000     
   0.0000000000000000     
   0.0000000000000000     
   2.7748069914630617E-003
   1.0936338780919064E-002
   1.9461670874613170E-002
   7.6184988120885566E-003
   2.3884344799154924E-003
   2.8963379484089466E-003
   1.4621893031542564E-002
   6.2751675644312482E-003
   4.3466126940732621E-003
   1.7342022822556310E-002
   7.9975513358756245E-003
   9.6836104180769416E-003
   1.4600723481053617E-002
   1.0070292114520834E-002
   1.1081821981055484E-002
   8.5742032447227966E-003
   0.0000000000000000     
   0.0000000000000000     
   0.0000000000000000     
   0.0000000000000000     
   0.0000000000000000     
   0.0000000000000000     
   0.0000000000000000     
   0.0000000000000000     
   0.0000000000000000     
   0.0000000000000000     
   0.0000000000000000     
   0.0000000000000000     
   0.0000000000000000     
   0.0000000000000000     
   0.0000000000000000     
   0.0000000000000000     
   3.8624832213952510E-003
   1.0329784225720916E-002
   1.0862836121180899E-002
   2.8262326340448889E-002
   8.1902644183368487E-003
   6.6825472724002383E-003
   1.2289254360196856E-002
   7.9620455955302996E-003
   1.3870231847851766E-002
   2.9390878026636164E-002
   1.0209290435540098E-002
   1.4292130299439475E-002
   5.7239439911476883E-002
   2.4983668419831313E-002
   8.6440277727317331E-003
   8.3980605397421960E-003
   0.0000000000000000     
   0.0000000000000000     
   0.0000000000000000     
   0.0000000000000000     
   0.0000000000000000     
   0.0000000000000000     
   0.0000000000000000     
   0.0000000000000000     
   0.0000000000000000     
   0.0000000000000000     
   0.0000000000000000     
   0.0000000000000000     
   0.0000000000000000     
   0.0000000000000000     
   0.0000000000000000     
   0.0000000000000000     
   7.3261931390383042E-003
   8.7900968074238525E-003
   7.3285317280469301E-003
   1.0668027788707393E-002
   2.7014321711166734E-002
   5.8566711528047037E-003
   1.2550327217485736E-002
   3.7414920098518072E-003
   1.5106539538784085E-002
   1.3945210989154392E-002
   1.2264704210023330E-002
   3.3984124820420716E-003
   1.0319642405829148E-002
   6.4421619294127300E-003
   3.8964692007979378E-003
   4.9552942957337281E-003
   0.0000000000000000     
   0.0000000000000000     
   0.0000000000000000     
   0.0000000000000000     
   0.0000000000000000     
   0.0000000000000000     
   0.0000000000000000     
   0.0000000000000000     
   0.0000000000000000     
   0.0000000000000000     
   0.0000000000000000     
   0.0000000000000000     
   0.0000000000000000     
   0.0000000000000000     
   0.0000000000000000     
   0.0000000000000000     
   2.0479733742292172E-002
   7.0110138631546449E-003
   1.3527563696740994E-002
   6.6698724342280601E-003
   5.5223229023183985E-003
   1.8622422530674677E-002
   4.5384994559539227E-003
   5.1639961667519678E-003
   8.4475804088489526E-003
   1.7875828774265159E-002
   6.0517159807574180E-003
   8.6276992347017033E-003
   1.8357854775737401E-002
   2.1721520964563833E-002
   9.1099548520808954E-003
   1.1625243930713161E-002
   0.0000000000000000     
   0.0000000000000000     
   0.0000000000000000     
   0.0000000000000000     
   0.0000000000000000     
   0.0000000000000000     
   0.0000000000000000     
   0.0000000000000000     
   0.0000000000000000     
   0.0000000000000000     
   0.0000000000000000     
   0.0000000000000000     
   0.0000000000000000     
   0.0000000000000000     
   0.0000000000000000     
   0.0000000000000000     
   1.1471975090779008E-002
   5.3959051410463008E-003
   1.4894418491449343E-002
   1.0368908508906401E-002
   4.3754933899915411E-003
   7.1396038965382755E-003
   1.3406571531174418E-002
   1.5008612514673114E-002
   1.1579812394814084E-002
   8.4224737089881926E-003
   1.6908977504680317E-002
   9.1787305483560754E-003
   3.5881112143071755E-003
   4.0085318714426716E-003
   1.2654559300065973E-002
   1.0744550165285863E-002
   0.0000000000000000     
   0.0000000000000000     
   0.0000000000000000     
   0.0000000000000000     
   0.0000000000000000     
   0.0000000000000000     
   0.0000000000000000     
   0.0000000000000000     
   0.0000000000000000     
   0.0000000000000000     
   0.0000000000000000     
   0.0000000000000000     
   0.0000000000000000     
   0.0000000000000000     
   0.0000000000000000     
   0.0000000000000000     
   4.9853575506672671E-003
   3.9369040515025398E-003
   7.3402643285471574E-003
   9.6629972119370890E-003
   2.1035577952319621E-003
   2.5330658090197437E-003
   1.2704323893523311E-002
   1.4042489523942780E-002
   7.6955129577014579E-003
   4.9348327953411359E-003
   6.2838582634769657E-003
   5.4832860874159776E-003
   6.5921212131394621E-003
   7.7220062331357659E-003
   1.8835714884679326E-002
   5.2762916383002831E-003
   0.0000000000000000     
   0.0000000000000000     
   0.0000000000000000     
   0.0000000000000000     
   0.0000000000000000     
   0.0000000000000000     
   0.0000000000000000     
   0.0000000000000000     
   0.0000000000000000     
   0.0000000000000000     
   0.0000000000000000     
   0.0000000000000000     
   0.0000000000000000     
   0.0000000000000000     
   0.0000000000000000     
   0.0000000000000000     
   1.0084754984802607E-002
   6.3748526853304724E-003
   8.9821364522194684E-003
   1.4542583865722904E-002
   5.8381984366095924E-003
   1.1506220741064324E-002
   6.7879190868179382E-003
   1.1798559194598681E-002
   4.6724142708663499E-003
   8.8360575415353665E-003
   1.4908193831130082E-002
   3.9886575188355523E-003
   8.7595338808402513E-003
   1.1475262604970416E-002
   4.3933309975851473E-003
   2.3335659800599824E-002
   0.0000000000000000     
   0.0000000000000000     
   0.0000000000000000     
   0.0000000000000000     
   0.0000000000000000     
   0.0000000000000000     
   0.0000000000000000     
   0.0000000000000000     
   0.0000000000000000     
   0.0000000000000000     
   0.0000000000000000     
   0.0000000000000000     
   0.0000000000000000     
   0.0000000000000000     
   0.0000000000000000     
   0.0000000000000000     
   1.1262090146377348E-002
   1.3365242625951764E-002
   1.1337834767781569E-002
   8.0292122054385420E-003
   1.0144760952060948E-002
   7.7339133816392769E-003
   5.9990321258463781E-003
   1.4409729195251740E-002
   1.1453662631599274E-002
   1.3504669188610496E-002
   2.2900665340850135E-003
   3.5410298326998594E-003
   2.3511212945805451E-002
   1.4533139017264727E-002
   1.3109292035634637E-002
   9.1276015788683672E-003
   0.0000000000000000     
   0.0000000000000000     
   0.0000000000000000     
   0.0000000000000000     
   0.0000000000000000     
   0.0000000000000000     
   0.0000000000000000     
   0.0000000000000000     
   0.0000000000000000     
   0.0000000000000000     
   0.0000000000000000     
   0.0000000000000000     
   0.0000000000000000     
   0.0000000000000000     
   0.0000000000000000     
   0.0000000000000000     
   7.2809020048427960E-003
   1.2720037327966246E-002
   6.7519368742121333E-003
   4.8598147983862066E-003
   7.3968454987153702E-003
   4.8932004734160497E-003
   1.3038655127157421E-002
   7.7534382775885724E-003
   9.1151149073803155E-003
   9.9708460428414251E-003
   1.4294591058421267E-002
   9.7799822453382059E-003
   4.0975453271216459E-003
   5.2831164380588653E-003
   1.1761279554025181E-002
   2.1808709898803586E-002
   0.0000000000000000     
   0.0000000000000000     
   0.0000000000000000     
   0.0000000000000000     
   0.0000000000000000     
   0.0000000000000000     
   0.0000000000000000     
   0.0000000000000000     
   0.0000000000000000     
   0.0000000000000000     
   0.0000000000000000     
   0.0000000000000000     
   0.0000000000000000     
   0.0000000000000000     
   0.0000000000000000     
   0.0000000000000000     
   2.7898655992784752E-003
   8.1375667209773253E-003
   1.7036817719217896E-002
   8.7490206490967032E-003
   6.0102587978367048E-003
   4.2794270763773980E-003
   6.5096797140411248E-003
   1.3572030365486688E-002
   8.5235201757298176E-003
   6.2240358768231299E-003
   9.1187857861622715E-003
   6.0426490546344191E-003
   4.2792522888202627E-003
   7.1505871227202610E-003
   1.1113005695319438E-002
   5.6112668293871754E-003
   0.0000000000000000     
   0.0000000000000000     
   0.0000000000000000     
   0.0000000000000000     
   0.0000000000000000     
   0.0000000000000000     
   0.0000000000000000     
   0.0000000000000000     
   0.0000000000000000     
   0.0000000000000000     
   0.0000000000000000     
   0.0000000000000000     
   0.0000000000000000     
   0.0000000000000000     
   0.0000000000000000     
   0.0000000000000000     
   1.4397214371748233E-002
   4.4924936845416241E-003
   1.3754539626779109E-002
   1.5192676438944766E-002
   4.8216479058842895E-003
   8.7094273655387317E-003
   5.9683657419634913E-003
   4.8921760740243975E-003
   1.6337673666289472E-002
   8.0998360283929417E-003
   6.0103020132554891E-003
   4.6649201797882714E-003
   2.5370569833610270E-002
   1.2426213437854862E-002
   4.6913283267948393E-003
   1.3081661756238688E-002
   0.0000000000000000     
   0.0000000000000000     
   0.0000000000000000     
   0.0000000000000000     
   0.0000000000000000     
   0.0000000000000000     
   0.0000000000000000     
   0.0000000000000000     
   0.0000000000000000     
   0.0000000000000000     
   0.0000000000000000     
   0.0000000000000000     
   0.0000000000000000     
   0.0000000000000000     
   0.0000000000000000     
   0.0000000000000000     
   6.2680613105698347E-003
   8.1599659752495494E-003
   4.7737480431097559E-002
   1.2480247651292981E-002
   8.8993062614928734E-003
   1.3850419436627326E-002
   7.7487171838354751E-003
   9.4991558759121280E-003
   1.0258782356552946E-002
   1.1863819724867566E-002
   5.4484727714410727E-003
   6.7972755457161374E-003
   1.0415979895157098E-002
   2.0486662056282110E-002
   5.7561599766938068E-003
   1.0313117949665355E-002
   0.0000000000000000     
   0.0000000000000000     
   0.0000000000000000     
   0.0000000000000000     
   0.0000000000000000     
   0.0000000000000000     
   0.0000000000000000     
   0.0000000000000000     
   0.0000000000000000     
   0.0000000000000000     
   0.0000000000000000     
   0.0000000000000000     
   0.0000000000000000     
   0.0000000000000000     
   0.0000000000000000     
   0.0000000000000000     
   6.8443942188725296E-003
   8.8890176164713921E-003
   1.4882410436997683E-002
   6.2514493704089128E-003
   7.8453194983338029E-003
   6.0354108459638317E-003
   4.6341989072933932E-003
   1.2883840350009433E-002
   4.7020431452015577E-003
   1.2065345875859862E-002
   1.4713253851347037E-002
   4.1214275328725044E-003
   3.8523479895754887E-003
   4.5472117798537959E-003
   1.2721501380767893E-002
   6.7686037565877401E-003
   0.0000000000000000     
   0.0000000000000000     
   0.0000000000000000     
   0.0000000000000000     
   0.0000000000000000     
   0.0000000000000000     
   0.0000000000000000     
   0.0000000000000000     
   0.0000000000000000     
   0.0000000000000000     
   0.0000000000000000     
   0.0000000000000000     
   0.0000000000000000     
   0.0000000000000000     
   0.0000000000000000     
   0.0000000000000000     
   6.0566128218628905E-003
   1.2658480309135009E-002
   4.7465162037501748E-003
   5.6367370929870132E-003
   6.3645802615915660E-003
   5.9923062801924094E-003
   1.0295274621151224E-002
   1.3326249866666667E-002
   6.5856571526353956E-003
   7.3738040047215724E-003
   1.3701080408003502E-002
   6.9919190006745213E-003
   1.1369630100116327E-002
   1.1355988428748989E-002
   1.7857078712566320E-002
   1.0833351923427541E-002
   0.0000000000000000     
   0.0000000000000000     
   0.0000000000000000     
   0.0000000000000000     
   0.0000000000000000     
   0.0000000000000000     
   0.0000000000000000     
   0.0000000000000000     
   0.0000000000000000     
   0.0000000000000000     
   0.0000000000000000     
   0.0000000000000000     
   0.0000000000000000     
   0.0000000000000000     
   0.0000000000000000     
   0.0000000000000000     
   0.0000000000000000     
   0.0000000000000000     
   0.0000000000000000     
   0.0000000000000000     
   0.0000000000000000     
   0.0000000000000000     
   0.0000000000000000     
   0.0000000000000000     
   0.0000000000000000     
   0.0000000000000000     
   0.0000000000000000     
   0.0000000000000000     
   0.0000000000000000     
   0.0000000000000000     
   0.0000000000000000     
   0.0000000000000000     
   1.7570419496714545E-002
   7.8539225907524272E-003
   6.1651359834145282E-003
   9.3492885597600255E-003
   9.8150812742184620E-003
   1.4297585264473169E-002
   1.4304439261767297E-002
   7.2689422031563230E-003
   2.5969931729477803E-002
   1.0094290907698858E-002
   1.1389531021365789E-002
   1.1049890921632713E-002
   4.3934526506941244E-003
   7.6540304876655989E-003
   3.5637053825497741E-002
   1.3665008489998085E-002
   0.0000000000000000     
   0.0000000000000000     
   0.0000000000000000     
   0.0000000000000000     
   0.0000000000000000     
   0.0000000000000000     
   0.0000000000000000     
   0.0000000000000000     
   0.0000000000000000     
   0.0000000000000000     
   0.0000000000000000     
   0.0000000000000000     
   0.0000000000000000     
   0.0000000000000000     
   0.0000000000000000     
   0.0000000000000000     
   9.7159379500168803E-003
   1.2956741304989632E-002
   1.0472126679332614E-002
   3.4460259824277912E-003
   9.1195970611083650E-003
   1.1919028457447963E-002
   1.0815475852581058E-002
   5.0984811882821921E-003
   1.1188549622745852E-002
   2.3228751322617366E-002
   5.0300216949001591E-003
   7.8617270098932275E-003
   1.1410573046279026E-002
   9.8798881356953541E-003
   1.2174704737239110E-002
   1.7803910257570259E-002
   0.0000000000000000     
   0.0000000000000000     
   0.0000000000000000     
   0.0000000000000000     
   0.0000000000000000     
   0.0000000000000000     
   0.0000000000000000     
   0.0000000000000000     
   0.0000000000000000     
   0.0000000000000000     
   0.0000000000000000     
   0.0000000000000000     
   0.0000000000000000     
   0.0000000000000000     
   0.0000000000000000     
   0.0000000000000000     
   8.3498940607622599E-003
   7.8655563311850214E-003
   2.1169014492435387E-002
   5.4413441296329189E-003
   9.3327550804860517E-003
   3.5583373018773365E-003
   1.5685588061878187E-002
   9.1148663281624270E-003
   7.8230315155015384E-003
   1.0948709931644714E-002
   1.5366131936189669E-002
   2.3319023931984369E-002
   1.0338389848977539E-002
   8.6883321289369739E-003
   1.3484072770578392E-002
   7.2127654378007031E-003
   0.0000000000000000     
   0.0000000000000000     
   0.0000000000000000     
   0.0000000000000000     
   0.0000000000000000     
   0.0000000000000000     
   0.0000000000000000     
   0.0000000000000000     
   0.0000000000000000     
   0.0000000000000000     
   0.0000000000000000     
   0.0000000000000000     
   0.0000000000000000     
   0.0000000000000000     
   0.0000000000000000     
   0.0000000000000000     
   1.2834105735715442E-002
   9.8634219703146574E-003
   1.3515337737790054E-002
   2.5096492206265853E-002
   1.5624476903062413E-002
   3.7703781550689546E-003
   1.2449023349608389E-002
   1.8106039600987181E-002
   1.0895005930718210E-002
   2.5934183515837674E-002
   2.5621999211704327E-002
   2.2190906970908923E-002
   1.8032436012598543E-002
   1.7960522758237670E-002
   2.3050893269430696E-002
   8.1886970152942589E-003
   0.0000000000000000     
   0.0000000000000000     
   0.0000000000000000     
   0.0000000000000000     
   0.0000000000000000     
   0.0000000000000000     
   0.0000000000000000     
   0.0000000000000000     
   0.0000000000000000     
   0.0000000000000000     
   0.0000000000000000     
   0.0000000000000000     
   0.0000000000000000     
   0.0000000000000000     
   0.0000000000000000     
   0.0000000000000000     
   7.4645209411231227E-003
   1.1326771971386172E-002
   5.6711181296387617E-003
   2.3133438580281418E-003
   2.3228274568080961E-002
   2.9878186831338847E-003
   8.3772676041628403E-003
   2.5590333740584323E-003
   8.8128219630958151E-003
   9.3125893361266521E-003
   5.9043335956596842E-003
   4.9099437668140644E-003
   8.2841726818073391E-003
   3.9921263892670703E-003
   4.1197650350180363E-003
   1.4366348786882513E-002
   0.0000000000000000     
   0.0000000000000000     
   0.0000000000000000     
   0.0000000000000000     
   0.0000000000000000     
   0.0000000000000000     
   0.0000000000000000     
   0.0000000000000000     
   0.0000000000000000     
   0.0000000000000000     
   0.0000000000000000     
   0.0000000000000000     
   0.0000000000000000     
   0.0000000000000000     
   0.0000000000000000     
   0.0000000000000000     
   6.3317666855466654E-003
   7.2550757820830109E-003
   9.7266409707215395E-003
   6.4293503175336907E-003
   5.3787973180624378E-003
   1.0547633194942525E-002
   8.8267788483329338E-003
   1.1475596705125981E-002
   6.7631485060082154E-003
   2.9337648086659178E-003
   1.1722232005317605E-002
   6.1521913924858515E-003
   8.7834135266122246E-003
   1.0350605915745067E-002
   1.7754215560107544E-002
   1.6503426234883798E-002
   0.0000000000000000     
   0.0000000000000000     
   0.0000000000000000     
   0.0000000000000000     
   0.0000000000000000     
   0.0000000000000000     
   0.0000000000000000     
   0.0000000000000000     
   0.0000000000000000     
   0.0000000000000000     
   0.0000000000000000     
   0.0000000000000000     
   0.0000000000000000     
   0.0000000000000000     
   0.0000000000000000     
   0.0000000000000000     
   6.3129552538290562E-003
   9.9895044903402404E-003
   1.0228095690498316E-002
   7.2894806291682428E-003
   5.1649429519514773E-003
   1.0347654850920278E-002
   1.0991727958562783E-002
   4.7414621222783455E-003
   5.5826311391853249E-003
   1.1921778758476439E-002
   1.2420464671000735E-002
   4.6976497592781758E-003
   2.1881234326615595E-002
   6.1769599385679309E-003
   8.7646969231008134E-003
   9.6954147917880235E-003
   0.0000000000000000     
   0.0000000000000000     
   0.0000000000000000     
   0.0000000000000000     
   0.0000000000000000     
   0.0000000000000000     
   0.0000000000000000     
   0.0000000000000000     
   0.0000000000000000     
   0.0000000000000000     
   0.0000000000000000     
   0.0000000000000000     
   0.0000000000000000     
   0.0000000000000000     
   0.0000000000000000     
   0.0000000000000000     
   1.0674350472717567E-002
   8.0331518058064672E-003
   2.5209767212864128E-003
   7.0832629324159308E-003
   4.1948422480110057E-003
   2.1623796650738158E-003
   6.1822158880163701E-003
   2.0553551335794302E-002
   2.4243299125232746E-003
   2.5854806345253219E-002
   8.8801492853479470E-003
   5.8527887595650231E-003
   1.3676415277896276E-002
   1.2326262061146946E-002
   8.3259058100112159E-003
   1.4151349143526143E-002
   0.0000000000000000     
   0.0000000000000000     
   0.0000000000000000     
   0.0000000000000000     
   0.0000000000000000     
   0.0000000000000000     
   0.0000000000000000     
   0.0000000000000000     
   0.0000000000000000     
   0.0000000000000000     
   0.0000000000000000     
   0.0000000000000000     
   0.0000000000000000     
   0.0000000000000000     
   0.0000000000000000     
   0.0000000000000000     
   8.8123175947645207E-003
   8.8246260031264994E-003
   1.0380141048252266E-002
   5.5565924066785510E-003
   7.8940908857816662E-003
   7.7845219486598312E-003
   1.5603900157912309E-002
   7.7859719137484207E-003
   8.7400619105653353E-003
   6.4887805469126432E-003
   1.0291835409474167E-002
   3.6402410135937860E-003
   1.1701714631861893E-002
   1.2989430699093108E-002
   7.7691845702358448E-003
   9.7670947310336837E-003
   0.0000000000000000     
   0.0000000000000000     
   0.0000000000000000     
   0.0000000000000000     
   0.0000000000000000     
   0.0000000000000000     
   0.0000000000000000     
   0.0000000000000000     
   0.0000000000000000     
   0.0000000000000000     
   0.0000000000000000     
   0.0000000000000000     
   0.0000000000000000     
   0.0000000000000000     
   0.0000000000000000     
   0.0000000000000000     
   8.7522034851928304E-003
   9.2681505453962310E-003
   6.0921287313497738E-003
   8.3732568798496922E-003
   6.3687285524023207E-003
   5.7839811005230904E-003
   7.9304288935796493E-003
   1.0190622462908413E-002
   2.0752212691154659E-003
   1.5918075763459563E-002
   9.2533714331218264E-003
   8.9050053811607945E-003
   1.6729192564683467E-002
   1.2703228382654563E-002
   6.8524146278866500E-003
   6.0651677971267481E-003
   0.0000000000000000     
   0.0000000000000000     
   0.0000000000000000     
   0.0000000000000000     
   0.0000000000000000     
   0.0000000000000000     
   0.0000000000000000     
   0.0000000000000000     
   0.0000000000000000     
   0.0000000000000000     
   0.0000000000000000     
   0.0000000000000000     
   0.0000000000000000     
   0.0000000000000000     
   0.0000000000000000     
   0.0000000000000000     
   1.0992662750506673E-002
   7.2827740124860986E-003
   9.5325576598011569E-003
   7.3799993269176916E-003
   6.1521719400252266E-003
   7.0482800202703406E-003
   5.1641824005442174E-003
   1.2073230666673049E-002
   7.8156342281583049E-003
   3.3998108367886567E-003
   1.8703136600296204E-002
   1.7755875746817619E-002
   9.6011920313414743E-003
   6.5756183677065615E-003
   1.4702021480056233E-002
   1.6014527365765762E-002
   0.0000000000000000     
   0.0000000000000000     
   0.0000000000000000     
   0.0000000000000000     
   0.0000000000000000     
   0.0000000000000000     
   0.0000000000000000     
   0.0000000000000000     
   0.0000000000000000     
   0.0000000000000000     
   0.0000000000000000     
   0.0000000000000000     
   0.0000000000000000     
   0.0000000000000000     
   0.0000000000000000     
   0.0000000000000000     
   3.6791833803635370E-003
   1.6006655616283259E-002
   7.5255529843664820E-003
   8.0854120294434079E-003
   3.4510158302255198E-003
   3.3027859175453829E-003
   5.1972056139491301E-003
   7.6429509686525626E-003
   2.3396325913118640E-003
   4.3012245961721075E-003
   9.2935492257789770E-003
   6.7835910539701437E-003
   3.5885421946073698E-003
   7.1879694838292403E-003
   2.7898376638390127E-003
   1.9686793647286259E-003
   0.0000000000000000     
   0.0000000000000000     
   0.0000000000000000     
   0.0000000000000000     
   0.0000000000000000     
   0.0000000000000000     
   0.0000000000000000     
   0.0000000000000000     
   0.0000000000000000     
   0.0000000000000000     
   0.0000000000000000     
   0.0000000000000000     
   0.0000000000000000     
   0.0000000000000000     
   0.0000000000000000     
   0.0000000000000000     
   1.4724856959310372E-002
   7.0899284421562486E-002
   1.2169360471810810E-002
   1.0921415384594851E-002
   8.1908952968742146E-003
   4.2292158469672061E-003
   7.4923131145361492E-003
   3.5312731097188990E-003
   1.1484959647017129E-002
   7.7689569003437922E-003
   1.0630901582340792E-002
   6.9369611069696139E-003
   2.3442712516551716E-002
   1.5979527026234903E-002
   1.4563539037361892E-002
   4.4963758715796404E-003
   0.0000000000000000     
   0.0000000000000000     
   0.0000000000000000     
   0.0000000000000000     
   0.0000000000000000     
   0.0000000000000000     
   0.0000000000000000     
   0.0000000000000000     
   0.0000000000000000     
   0.0000000000000000     
   0.0000000000000000     
   0.0000000000000000     
   0.0000000000000000     
   0.0000000000000000     
   0.0000000000000000     
   0.0000000000000000     
   1.0989470900038077E-002
   5.6529250579629917E-003
   9.4361245401382490E-003
   1.7596443471823070E-002
   6.9688183335942398E-003
   5.5687241197554214E-003
   1.3093049501723538E-002
   8.5273309822092823E-003
   9.9515509921907566E-003
   7.9814380717337183E-003
   7.3583672017651517E-003
   7.1514651851742172E-003
   3.2930353750800553E-003
   2.4533078865677412E-002
   8.0627724042054653E-003
   9.7491234996404802E-003
   0.0000000000000000     
   0.0000000000000000     
   0.0000000000000000     
   0.0000000000000000     
   0.0000000000000000     
   0.0000000000000000     
   0.0000000000000000     
   0.0000000000000000     
   0.0000000000000000     
   0.0000000000000000     
   0.0000000000000000     
   0.0000000000000000     
   0.0000000000000000     
   0.0000000000000000     
   0.0000000000000000     
   0.0000000000000000     
   2.1120568068045006E-003
   4.5825055982208953E-003
   9.3929898469808926E-003
   2.6132319606357690E-003
   7.3459833054523313E-003
   4.8191652189366824E-003
   8.1071326417124952E-003
   5.5621427515222810E-003
   3.0429054352101872E-003
   6.7116883109127091E-003
   4.9431442041463188E-003
   5.8861191767642798E-003
   3.9918437631044643E-003
   1.4147707309523357E-002
   1.6911229181077164E-002
   1.9550380198367502E-002
   0.0000000000000000     
   0.0000000000000000     
   0.0000000000000000     
   0.0000000000000000     
   0.0000000000000000     
   0.0000000000000000     
   0.0000000000000000     
   0.0000000000000000     
   0.0000000000000000     
   0.0000000000000000     
   0.0000000000000000     
   0.0000000000000000     
   0.0000000000000000     
   0.0000000000000000     
   0.0000000000000000     
   0.0000000000000000     
   9.6837790044097243E-003
   1.2077644560589037E-002
   9.6562706466591392E-003
   4.7099970694273194E-003
   1.5592508715003214E-003
   1.6983757023819358E-002
   7.8274499737619688E-003
   9.9426460875655272E-003
   5.2773461007150314E-003
   2.2365381851004840E-002
   7.1483588466014596E-003
   4.7864174454696137E-003
   4.2631400958149344E-003
   1.3309023188360788E-002
   1.7192252792398666E-002
   2.2027389414679258E-002
