2
32 32 
    4.3566831255023813e-01    5.3039147354764441e-04
    1.6354678184420404e-01    6.8615454154606261e-03
   -8.3493766688039518e-03   -1.6962373932118517e-03
    1.6841548316685184e-01   -6.2674398499392202e-03
    1.6763835534158308e-01    1.8151770241220111e-02
    2.9608787690964727e-02    1.9269229984057775e-03
   -4.6293599477979917e-02   -1.7683284018601524e-02
    2.8431794154684185e-02   -6.1640216107760920e-04
   -4.4185058255702056e-03   -6.3149368428122641e-04
   -5.0128643981041499e-02   -5.2364622691206380e-03
   -4.5562427922058849e-02    9.3521133733282782e-04
   -4.9487704815284715e-02    5.5509827502394802e-03
    1.6858172496602111e-01   -1.8808350251560337e-02
    3.0422837686692149e-02   -1.0223201438303788e-03
   -5.1151080246291426e-02    1.6968109567156060e-02
    2.7560301180184665e-02    3.0390092029439176e-04
    3.9188401855803523e-18   -8.8297722725608417e-17
    2.9465053517537437e-17   -2.5503458467976955e-17
    1.9124624718183783e-17    6.1974370169645020e-17
   -3.4754884924545631e-18    1.0315249736655506e-17
    5.7794853079434172e-18   -5.7595075434382376e-17
    4.8290894655477727e-19   -5.1987000459830749e-17
   -9.5649225330869257e-17    1.3043642187862051e-16
   -3.9250343248884223e-17    5.6982696034784643e-17
    2.6065033665166765e-17    3.9785297330233063e-17
    3.5332681326551651e-17   -2.8677888917376380e-17
   -2.2681354522527888e-17    5.5120937012662823e-18
   -6.0228796150188132e-18    3.5483969618566942e-17
   -3.7501864560104932e-17    5.2300172466049566e-17
    2.0810464946899340e-17   -3.8244441056735693e-17
    3.7418483442442671e-17   -8.9952993578536968e-17
    4.7320998906113290e-17   -2.2772675259948537e-17
    1.6526043112816688e-01   -6.1848554549057454e-03
    4.4034195938361875e-01   -4.1094323626610692e-04
    1.6713954930607225e-01    6.9672901331111741e-03
   -6.6065645061069407e-03   -2.6535023693724296e-04
    2.9178063275643224e-02   -1.1283236911624199e-04
    1.6672418443539286e-01    1.7286062633018427e-02
    2.5690997775351339e-02    1.5299742862354454e-03
   -4.8141953259846992e-02   -1.5429788815781154e-02
   -4.9722832292161255e-02    5.9196955220778827e-03
   -6.4360930077413852e-03   -7.3441881082742780e-04
   -5.2923034425395567e-02   -6.0987932804985687e-03
   -4.4371926932565572e-02   -3.0899367670610096e-04
    2.7336649778815926e-02    1.1631172492708093e-03
    1.6869176196483437e-01   -1.7983807012903551e-02
    2.8958346542315466e-02   -1.0376397818917607e-03
   -4.8599046139949933e-02    1.6354051455279600e-02
   -2.5284339127735795e-17    3.8867324820277374e-17
    4.0336696248429535e-17    3.6721209708742637e-17
    2.9451327709995794e-17   -4.7067504971793600e-17
   -2.9611663042682677e-17    3.6465756786246095e-17
    1.6120801596176917e-18   -1.6077678999801532e-17
    9.4703061920368426e-18    5.1915228203515872e-17
    8.3991212707351646e-17   -1.0469933418470723e-16
    1.8148029889194440e-17   -6.7020635313821255e-17
   -1.4020739935931691e-17   -6.5212051162711966e-17
   -7.6322007978479228e-17    8.1274416221805513e-17
   -1.0983310097013286e-17   -3.2577692792942276e-19
    1.2667320626103253e-17   -7.8375332394641420e-17
    4.8260701653052182e-17   -4.2023933486282607e-17
   -4.2752247914773432e-17    7.0341069631127339e-17
   -5.1734184491996802e-17    5.1318841781520531e-17
    9.6796624728251038e-18    2.5610142937605233e-17
   -7.2658757679125354e-03   -3.8736815090958861e-04
    1.6639251985512021e-01   -6.3680702852322050e-03
    4.3138374114591549e-01   -7.3614196187519836e-04
    1.6481362583329290e-01    6.2365569960482464e-03
   -5.1461119997273451e-02   -1.6979238576124090e-02
    2.8216206517801205e-02    5.4162341925999291e-04
    1.6692589503164296e-01    1.8181284409428611e-02
    3.2319657880806311e-02    1.6311271118591929e-03
   -4.7040194536112974e-02   -3.4213722784951173e-04
   -4.8424224643300942e-02    5.1047864485848551e-03
   -5.7342859969913788e-03   -2.4125408639670020e-04
   -4.9161494629828904e-02   -5.4252686161174717e-03
   -4.8710821127703356e-02    1.7000652089185921e-02
    3.1556164485844813e-02   -2.7160393278848391e-04
    1.6634973477750614e-01   -1.7773762545598086e-02
    2.7710174685814305e-02   -6.1937151895455399e-04
   -2.5216919943306668e-17    1.5889961230755940e-17
   -9.0636601231093679e-17    1.5252784851839876e-17
    6.5293136133699099e-17   -4.3430837453630911e-17
    6.0063665826884065e-17   -1.6561975499878861e-17
   -4.2794045604441373e-17   -2.0348012526011651e-17
   -5.9636278402191583e-17   -1.5147849971021856e-17
   -9.1681050026886248e-18    2.2223985684922957e-17
   -1.0105692373750208e-17    2.5232952206237629e-17
    4.3813593855813029e-17   -3.2691571418413423e-17
    5.9323004044505427e-17   -2.0323697143398943e-17
   -2.3497502439798255e-17    9.9081251228134516e-18
   -1.3664596861340289e-17    2.4706485516817251e-17
    4.5238099549959373e-19    3.2953699864506690e-18
   -7.0856161052650125e-19    2.9935881870946994e-17
    1.2898819840027640e-17   -6.8322323367518344e-17
    5.0178487079372463e-18   -3.1441956082220513e-17
    1.6706400300909136e-01    7.0480803942427495e-03
   -8.3429597165120706e-03   -3.1601184144283492e-03
    1.6558191734486677e-01   -6.3920938832618054e-03
    4.3928092174911137e-01    1.6070494755777789e-04
    2.9936847016693323e-02    9.5451067122112132e-04
   -4.7048750454266354e-02   -1.6884770033677953e-02
    2.9896420513996706e-02    6.4768327611068979e-04
    1.6171670904201813e-01    1.7272313052520728e-02
   -5.0355965548448213e-02   -6.8669903578589039e-03
   -4.7617473652819570e-02   -6.6394112493260195e-04
   -4.9475970497826718e-02    6.5105186663378320e-03
   -9.1628381298190214e-03   -1.2891209839711627e-03
    2.9075279128026578e-02    1.0194541324610171e-03
   -5.1275145957669202e-02    1.6759829699448454e-02
    3.0290699856955004e-02    1.0943840010573637e-03
    1.6988231677425666e-01   -1.8502406930312895e-02
    6.0300768483573172e-18   -1.9213901832533706e-17
    6.4868819834136063e-18   -6.0195787754693349e-17
    2.2383036429039808e-17    1.6662380974381607e-17
    8.6447842691344251e-17    1.5095323179684167e-17
   -2.6647729746419194e-18   -2.3118525474680309e-17
   -7.9890999831069321e-18   -4.6551497729015246e-17
   -8.1836372116683959e-17    1.4219141277500422e-16
   -2.2442404546724116e-17    6.9829719651860380e-17
    4.9818983227500111e-17   -8.2873520316766879e-18
    4.1747410622902004e-17   -2.2245343328110431e-17
   -2.4875815999227001e-18    1.2345011415366512e-17
   -2.1554553299163937e-17   -1.7612357975385231e-17
   -7.8056661769946521e-19    5.4648313037975398e-17
    2.2938369454925757e-17   -2.7307615556237671e-17
    3.5245246034707352e-19   -4.1943144193584787e-17
   -1.7483556744430855e-17   -2.8560023236753713e-17
    1.6799260404068728e-01   -1.9065597653712556e-02
    2.6298752037061522e-02    1.7245800891197971e-03
   -5.0578428401624978e-02    1.6716063417647864e-02
    2.9696669251863834e-02   -1.0058320970910859e-03
    4.3965449193462425e-01    5.8653422895910939e-05
    1.6723042298254090e-01    7.5736796472047159e-03
   -7.9226271327609305e-03   -4.0642051492744259e-04
    1.6540275371458188e-01   -6.9189507704804877e-03
    1.6701883713364798e-01    1.7701134030699239e-02
    3.2488009750014618e-02    1.1384568231398461e-03
   -4.6916617899021004e-02   -1.7353518187964160e-02
    2.6655541798808097e-02    1.8192057585689747e-03
   -6.7967284733682102e-03   -1.2941892372047336e-03
   -5.0626436290258703e-02   -5.5846596338598366e-03
   -4.7174794010616659e-02   -1.6696338871256260e-03
   -5.0447766450730805e-02    6.2972188114644931e-03
    2.5400741118307578e-17   -2.5546286510912885e-17
    2.5759737981238037e-18    5.0441856220819627e-17
   -2.9897039890386470e-17    5.3941819072929721e-17
   -1.5969309364621766e-17   -6.0421602813626319e-17
   -2.9281017982941034e-17    1.0176313813823719e-16
   -1.8514569951493619e-17   -2.2866738842693860e-17
   -5.2985524038741268e-18   -8.3152995503144553e-17
   -1.0096130686577118e-17    1.6088620855019417e-17
   -2.6786342103602938e-17    6.5790234636557150e-17
    1.4589709949519087e-17   -6.2801334338909871e-17
    9.6042550886746705e-18   -4.4154620334287622e-18
    1.3121622597789018e-17    1.0825961058389451e-16
   -3.3684101854361033e-17   -8.2704353667073799e-18
    2.7786810257976971e-17   -5.9837554228224452e-17
    3.5307629862615038e-17    6.0486181960577376e-17
   -2.9085837105169870e-18    1.7836486156246632e-17
    3.0878078358567651e-02   -1.5866515119655933e-03
    1.7026896986880827e-01   -1.9369672167644202e-02
    3.1735924337383883e-02    9.5455951904448568e-04
   -4.5737432973780856e-02    1.8108010796144037e-02
    1.6481930582574272e-01   -7.3011155676060615e-03
    4.3483674175730497e-01   -2.8022253074995744e-04
    1.6641986854428159e-01    6.6452581212710846e-03
   -7.7375800446985322e-03    8.4163824760334342e-05
    2.9971122925201505e-02    1.8284247401769240e-03
    1.6639847900454999e-01    1.9688191856363783e-02
    2.6472253298074105e-02    2.7454707578400650e-04
   -4.7689685086823246e-02   -1.6555351295512978e-02
   -5.0149145566530440e-02    6.6430311831169458e-03
   -6.5652960787300780e-03    9.0192891015515445e-05
   -5.1517787546609017e-02   -7.0382248445868432e-03
   -4.5132769660315347e-02   -7.3426711919119070e-04
   -3.1044954937987986e-17    5.5838915013347634e-17
    6.1648806061327971e-17   -1.0390110123159483e-17
   -1.7465637302820784e-17   -1.0476982352291713e-17
   -7.2843379130955010e-18    8.8888490302041413e-18
   -9.7200562497503022e-18    7.0028661644331495e-18
    3.6338445977117351e-17    3.0855171253097423e-17
    2.3822841139599475e-17   -4.5169504730182218e-17
    1.4046879826841934e-17   -5.5653995179665657e-17
   -2.0495471003841075e-17   -2.9994872999599711e-17
   -4.6774555249366672e-17    3.8427219111288352e-17
   -7.4672201489985741e-18    1.1041643582605572e-17
    2.4988337898416084e-17   -5.9450490227537667e-17
    2.0370382244968367e-17   -2.5281899717179438e-17
   -2.1182024384427472e-18   -1.0252457219557059e-18
   -5.0890282361306393e-17    6.8909268189675504e-17
   -4.0932413345145809e-18    2.5482673624601970e-17
   -4.5938081513661057e-02    1.6116764242520041e-02
    2.8668084537729160e-02   -9.2700550535643552e-05
    1.6854565782125153e-01   -1.8662113098307502e-02
    2.9665834064618795e-02   -8.7246260149383798e-04
   -8.2122486434876834e-03    3.2773362656376872e-06
    1.6654485473947891e-01   -6.2379514588708825e-03
    4.3965679303426580e-01   -3.5539125913664198e-04
    1.6704194678969311e-01    6.8421478762950762e-03
   -5.0792006041711343e-02   -1.6150505753544993e-02
    2.9584883369744269e-02   -1.3880697731081273e-05
    1.6761839444546758e-01    1.8052050061359189e-02
    2.7722808234382730e-02    9.4529766967935190e-04
   -4.7008475237864292e-02   -1.1302891108626732e-03
   -5.1237552501167558e-02    5.2431129136616319e-03
   -5.5519472664344290e-03    7.2521099603687538e-04
   -5.1785855937609024e-02   -5.0341938674884163e-03
    1.1457383352347672e-17   -1.5124085552444245e-17
   -3.2624718192506046e-17    4.2971240705670288e-17
    1.2920640204173375e-17    5.6943931801252659e-19
   -1.6924255184870768e-17    4.9811116250448937e-18
    1.5064928384989460e-17    1.2660042786611031e-18
    2.5161621373683640e-17    1.7905375369751406e-17
    2.1410252624772894e-17   -6.8241745169298444e-17
   -1.5896517374649015e-17   -2.2327090113378153e-17
    1.7365363910476206e-19    9.3074248911008031e-18
   -5.2344934635363493e-18    3.6269050105510780e-18
    7.0632529808817509e-18   -1.4897452952008392e-17
   -4.6112833736659250e-18    2.1151861152982696e-17
   -9.0839227155698460e-18   -2.2821330248383365e-17
   -3.3274682889042160e-17    2.1768310103016137e-17
   -1.2735337457957020e-17    3.0943627806089812e-17
    7.2677113612487422e-18    1.7782489598114428e-17
    2.9753794694340856e-02   -7.9985500058719786e-04
   -4.7782911394513017e-02    1.6571504003374971e-02
    2.9748307807816548e-02   -2.5358039209603422e-05
    1.6463417481472956e-01   -1.9020889626899375e-02
    1.6938082969805984e-01    6.5012235597587051e-03
   -5.0180090871497695e-03    1.2715900873422559e-04
    1.6701693946224222e-01   -5.6345610897573306e-03
    4.3176780327261782e-01    1.7736299456613152e-04
    2.7654557686453241e-02    1.5938518395818977e-05
   -5.0028326742920827e-02   -1.6004794510422693e-02
    3.0647931958698797e-02   -8.3215850527924970e-04
    1.6334556380828255e-01    1.8000708437710362e-02
   -5.0383802016701715e-02   -5.3351692206375246e-03
   -4.8639971292336645e-02   -2.9774205716862480e-05
   -4.6488359850338543e-02    5.5982057092111613e-03
   -6.0452235305795037e-03    6.6333084372758731e-04
    1.1538408818445897e-17   -2.2172168662329012e-18
    3.5096951584403407e-19    1.5825297343772722e-17
   -5.4394531716788613e-17    1.3083896214588298e-17
   -3.3641318603071735e-17   -3.3812620488108593e-18
    9.1110199501369255e-19    3.6784801130056246e-17
    2.9300089556251454e-17    2.2742150956829368e-17
    5.5844243423556463e-17   -7.2759844243624930e-17
    3.2795556043471762e-17   -4.1084245451608731e-17
   -3.4615760023386048e-17    5.5744467496108824e-17
   -3.6654300612332112e-17    1.8749435246912751e-17
    4.6197034257691079e-17   -1.7543725787342048e-17
    1.9237068249214819e-18   -2.1603915937016622e-17
    2.0613224145917751e-17   -2.6312688906626807e-17
   -3.7801066484150869e-17    1.0273504164968213e-17
   -9.8598812513113223e-18    4.1092384228900293e-17
    7.3295800231662057e-20   -1.5707838301546887e-17
   -6.4626747114558498e-03   -6.9541943559188566e-04
   -4.9831194141525662e-02   -4.6914110370092563e-03
   -4.8853680446410093e-02   -1.4030555339447043e-04
   -5.1844543350532846e-02    5.3849949288539952e-03
    1.6666450121710749e-01   -1.7931494495950582e-02
    2.9839373988971601e-02   -3.6687960247009982e-04
   -5.0561739802200953e-02    1.5908869415520197e-02
    3.0632754722858035e-02   -1.4935528214293621e-04
    4.3261297277853006e-01   -2.3166541541932219e-04
    1.6937391358926424e-01    6.1771136249523725e-03
   -8.5099017996367009e-03   -6.7572555716130316e-04
    1.6915185830434629e-01   -6.2495989345062487e-03
    1.6396636841356615e-01    1.7585123924264267e-02
    3.1178055830343658e-02    1.7130908502828186e-03
   -4.9164332336915674e-02   -1.7186953480518199e-02
    3.2374109746435981e-02   -1.4601287633662295e-04
   -2.6156868507114201e-17    1.5792357096741128e-17
   -3.8853563257906347e-17   -2.1899191632814475e-18
    3.7869915636173749e-17   -4.2400112871131021e-17
    3.9035734139379228e-17   -1.0902327994772588e-17
    3.1179214977617775e-18   -4.3801331079674559e-18
   -3.3487498366723070e-17   -9.8412913217327201e-18
   -1.8391067286858412e-17    1.4589705540799912e-17
    2.5502396486073527e-17    3.2148294110654949e-17
    4.5071563757510751e-17   -4.0494578880960088e-17
    2.0324233733129324e-17    3.9614878630338710e-18
   -6.4233767414271056e-17    2.0895726394694855e-17
    1.6317629964281254e-17    9.0138230149011727e-18
   -2.9591344422663532e-17   -2.4275023077316180e-17
    2.0971146598114255e-17    2.5427385536897068e-17
    2.8271227018687171e-17   -6.3849811779577414e-18
    2.2458395155505505e-17   -9.3002452717214243e-18
   -4.9149284821142343e-02    5.9106369459287445e-03
   -4.9590727831154095e-03   -8.5405939462694386e-04
   -5.1757129605906262e-02   -4.9780054923288389e-03
   -4.8031780036297309e-02    3.0909627274870976e-04
    2.8049596116420474e-02   -2.9035711987834259e-04
    1.6648610793129373e-01   -1.9002747480270379e-02
    2.9857585118191188e-02   -1.4877855459597372e-03
   -4.8859198724080177e-02    1.5971729946844367e-02
    1.6599745245401218e-01   -6.5552853285216232e-03
    4.4004146676073141e-01    2.5970405262442482e-04
    1.6810744030555053e-01    7.6731422891131258e-03
   -1.1530240309618685e-02    5.8214206476569857e-04
    3.1070427288754265e-02   -1.0958105655822087e-04
    1.6883167905554813e-01    1.8483333480609442e-02
    2.9165865955344178e-02    9.3616665354760644e-04
   -4.9766355320057874e-02   -1.7180901291100663e-02
   -3.1139588514494592e-17    2.9040904623183459e-17
   -3.8187124125787942e-17    3.9356818246673940e-18
   -7.4515483902642583e-18    1.6562456520921126e-17
    4.0496677499431243e-17   -8.2802360958225083e-18
   -2.4469460398740612e-17   -1.0973385360578111e-17
   -2.8819733284592654e-17   -3.1491496009981202e-17
    2.4120378553269095e-17   -9.7090446202315112e-18
    8.1898364352359672e-18   -7.0028401469155094e-19
    3.4824674056662054e-17   -9.0645728786599389e-18
    3.5162988206373732e-17    4.1742344919857261e-18
    1.1217469856285645e-17    8.8821097628669632e-18
   -2.1214849585488698e-17   -1.3167205276116469e-18
    1.6792893912045213e-17   -3.3055607221526722e-18
    5.0822586707633309e-18    3.1292485961502814e-17
   -1.1330109204040423e-17   -1.9489608723494118e-18
   -1.0737914057239938e-17   -3.3025250960877889e-17
   -4.8796454900307248e-02    1.2216062574335568e-03
   -5.2763212110893222e-02    6.8808785778140067e-03
   -7.0716295965713993e-03   -1.3527381929571785e-03
   -4.9508993930688527e-02   -5.1654113856327349e-03
   -4.8770065229712757e-02    1.7798369245238137e-02
    2.9610317249855432e-02   -1.3401811223632886e-04
    1.7021525185644110e-01   -1.9316064034647126e-02
    2.9418475132200611e-02   -6.2017137391851430e-04
   -7.1728924093547352e-03   -9.2582976311378351e-04
    1.6543532492649410e-01   -6.3035226394692586e-03
    4.3632155159515157e-01    9.4105435024439380e-04
    1.6680581068314587e-01    5.7692952315234374e-03
   -4.5814683912117002e-02   -1.8683363607551854e-02
    2.9258952398840566e-02   -2.2140865449106413e-04
    1.6714775789752792e-01    1.9827924355826348e-02
    2.7753514168000187e-02    1.4816303235215128e-03
    2.1015294001889263e-17   -3.4228854210871819e-17
    1.9518515684471188e-17   -2.0751784260847609e-17
   -2.5416860634011297e-17    4.9064942982630149e-17
   -2.6215457612794964e-17    2.1856305754755443e-17
    2.1528110096033480e-17   -2.8447864146473900e-17
    8.9755646172961022e-18   -4.0397099492042866e-17
   -6.0992891818161096e-17    4.8600746570795173e-17
   -2.5544536839319875e-17    2.4655965636023969e-17
   -3.0081764141252160e-17    4.2619940196645941e-17
    8.7450293395220179e-18   -2.3181115566391309e-17
    5.5122507456188213e-17    5.1969624775704741e-17
    4.1044233444639750e-18    4.6443828389202931e-17
   -3.1681686469294219e-17    3.1405603854982291e-17
    2.2387568373492500e-17   -3.8869762170250629e-17
    5.7502207345703880e-17   -3.8872355314412758e-17
    1.2156250461448824e-17   -2.4934937164981251e-17
   -5.2059538157491023e-02   -4.9547814614910781e-03
   -4.4020437325583014e-02    1.2974108419534823e-03
   -4.9575669647050451e-02    5.5993597299728113e-03
   -6.5299718529277379e-03   -7.8716797005186703e-04
    3.1744628041515580e-02   -7.4930918295160773e-04
   -4.8298976334682206e-02    1.5606977418641175e-02
    2.7532445886094669e-02    3.2706657681755120e-05
    1.6839512252007949e-01   -1.7621896542791404e-02
    1.6771510424621502e-01    6.7302304517936505e-03
   -1.1071373631100903e-02   -1.0316607850834290e-03
    1.6284599980624523e-01   -6.4822295829093535e-03
    4.4515070630835368e-01   -2.4202019212770694e-04
    2.5590430769678558e-02    5.7371582652630717e-04
   -4.9083042492042060e-02   -1.6570216088114563e-02
    2.8116952634135807e-02    5.8904987735271491e-04
    1.6768714081473071e-01    1.7244402422135791e-02
   -2.7169455903446745e-18    3.4406508202533399e-17
    1.9308553681124186e-17   -4.6061456123545110e-17
    4.1362334534851120e-18   -1.4343337191349887e-17
    1.2387186540622615e-17    5.3484345973623558e-17
   -8.0051009673318510e-18   -3.9335848868256065e-17
    3.8700829299804784e-17    5.4591319177700663e-18
    2.4423039285439517e-17    1.8394317364446420e-17
   -1.6998022602931955e-17   -4.1478956123562965e-17
   -6.0815533458522362e-18   -1.6164071859644592e-17
    8.2314149407560788e-18    6.6634373255316998e-17
   -4.6709902934874648e-18    3.3465104676652349e-18
   -4.5194445574856212e-17   -1.4367368320926723e-16
    2.3317432127168019e-17    1.7048669639900491e-17
   -4.1904636889514212e-17    3.0348535393575404e-18
   -4.1071424315370790e-17   -6.0102171603580976e-17
    1.8966472582890500e-17   -2.0314595290905292e-17
    1.6677383366617293e-01    1.7584725069165193e-02
    2.9191423084165481e-02    5.6579070415671779e-04
   -4.5654323446589887e-02   -1.7114309255637398e-02
    2.6533741747734228e-02    3.0706911073871994e-04
   -6.4780436704451466e-03    1.5175027655392931e-04
   -4.9942222480978404e-02   -5.4350540454320053e-03
   -4.5008435681578141e-02   -1.3034802867564871e-04
   -4.9222517067015706e-02    5.3650853482879067e-03
    1.6683627325972400e-01   -1.8239624341605316e-02
    2.7864770778550336e-02    1.2601847035131563e-04
   -4.9535946362691471e-02    1.6824721489378434e-02
    2.9230993788883018e-02   -8.4923901480791401e-04
    4.4203687067066877e-01   -2.4937422733482133e-05
    1.6608638744618617e-01    5.8726923461914146e-03
   -9.3248956814138452e-03    4.4077001767335431e-04
    1.6503080597532210e-01   -5.4068044103908319e-03
    1.7249276685609929e-17   -2.4215846380514360e-17
   -2.0515509583199153e-17   -1.0100833277458142e-17
   -1.6207342142546188e-17   -5.3739171040514055e-17
    2.2585025676942774e-17    3.1944207619703740e-17
    6.6284406254816193e-18   -1.4648741092766935e-17
    3.4672633661360365e-18    2.4360649458144507e-17
   -1.1439309908898546e-17    2.3645151309491333e-17
   -9.8390551075015968e-18    5.2337049676209310e-17
    1.7512261748610832e-17   -4.7162349242882384e-17
    2.6450849653371275e-17    3.1074381612109514e-18
    1.0847345980210224e-17    5.3761755843407359e-18
    8.4689154218034454e-18    1.8208591478722952e-17
   -4.9193980515574246e-18   -9.2443793639683909e-18
    7.3534451335406537e-18    1.3961922620479659e-17
   -2.7673021404898915e-18   -3.4916710688624414e-17
    3.8711094744752669e-18    1.4074190443922690e-17
    2.8382152928238313e-02    1.0858952013363362e-03
    1.6870572776770687e-01    1.8805901724933755e-02
    3.0333153570446480e-02    2.0236896075253230e-03
   -4.8942333929967705e-02   -1.6810076352826876e-02
   -4.9664687252014186e-02    5.9041619327393500e-03
   -4.9750607059077193e-03   -6.7116900283871689e-04
   -5.1296093531064194e-02   -5.0989156565925129e-03
   -4.8593022143577275e-02    3.5044919566499432e-04
    2.8960916707663258e-02   -6.8706078342479506e-04
    1.6884464029012242e-01   -1.8989251834847200e-02
    2.9002107942537401e-02   -1.3547504847648050e-03
   -5.0581667606284207e-02    1.6013230249955136e-02
    1.6592370939373438e-01   -5.9604765562131165e-03
    4.3204680178690252e-01    2.8689131922573434e-04
    1.6679754374473893e-01    6.3186497958924361e-03
   -7.5347364676466811e-03   -1.9786819488262498e-04
    1.5816621338280227e-17   -2.0187815575284032e-17
   -3.0541158318889221e-18    1.2048295446576957e-17
   -4.9944669455146883e-18   -5.0815635405698338e-18
   -2.0520014069050109e-17    1.0488132330095130e-17
   -1.2471320482810481e-17    2.6841059148282672e-17
   -3.0272347216060310e-18    4.3169482740217804e-17
    4.5695324139607757e-17   -4.6452812124395362e-17
    2.2937716486836547e-19   -5.1956186946268739e-17
    9.2488080948975776e-18    1.5103504960861571e-17
   -3.9288204636230687e-17    1.1845351962773882e-17
    4.0089137705820666e-17   -4.0049797080117817e-17
    1.2410405552748623e-17   -3.9817578417234611e-17
    4.0555195907940392e-17   -2.3074258001036760e-17
   -9.8750295250206093e-17    2.1388940221482675e-17
   -4.0546929100276009e-17    3.4376921385283270e-17
   -2.4990767647786821e-17    2.7996411591639996e-17
   -4.8797194704873134e-02   -1.7517863291394882e-02
    2.6880191425821615e-02    1.7258225417824881e-03
    1.6575769486796704e-01    1.8705636544037920e-02
    3.0099780880764204e-02   -1.6825253492226108e-04
   -4.5794097540199474e-02   -4.4744330282832582e-05
   -5.2723956573271960e-02    6.5823795584775777e-03
   -7.7611907867145488e-03   -1.5617589801889331e-04
   -4.7933505501872573e-02   -5.8684646714594240e-03
   -4.7507364991013337e-02    1.7541374289153693e-02
    3.1132299747911658e-02    2.9569349708211248e-04
    1.6765065815445723e-01   -1.9700904665779700e-02
    2.9247720399416737e-02    8.3777241401421004e-04
   -8.8503213420897918e-03   -9.8519201885082061e-04
    1.6804720155062977e-01   -5.8557323861150330e-03
    4.4319147312375284e-01   -1.5993421139047311e-04
    1.6616689995297823e-01    7.1862241393008284e-03
    2.3619896118327318e-17   -4.8277628744320843e-17
    2.1026411895958024e-17    3.8457010422732288e-17
   -1.4896727755552399e-17    3.0169095663294693e-17
   -2.8529901601352180e-17   -4.6956846933076424e-17
    3.8016866924054634e-17    1.1795087993210882e-17
    7.8846843748299179e-18   -4.6244711572183776e-17
   -8.9600479457469939e-17    6.2636268393444842e-17
   -4.3039735518874164e-17    7.4465729349051577e-17
    7.8360228351113245e-18    2.0610571079068337e-18
    2.1608885220205048e-17   -1.1523292788747646e-16
   -2.0273899890598058e-18    1.8764698163573576e-17
    1.7707584334557612e-17    1.2954203678598361e-16
   -5.2773266866846441e-17   -9.8521298281235354e-18
    6.6659581140642058e-18   -4.2027044808402873e-17
    9.0487248844878490e-17    1.6704812511501945e-17
    2.9634462326040823e-17    9.9009657659191161e-19
    3.0330218851446617e-02    2.1450431544555031e-04
   -4.5713242348401489e-02   -1.7286693870230938e-02
    3.2100536701765763e-02    1.1854267708605664e-03
    1.6736612327302866e-01    1.9597459473537561e-02
   -5.0128849302169022e-02   -6.8364330385498303e-03
   -4.8797787242482973e-02    6.2223854437272290e-04
   -5.0908975590633232e-02    6.6358547471823083e-03
   -5.8935792784148124e-03   -2.3391493142604732e-04
    3.0812606855875918e-02    4.3138759358287348e-04
   -5.2171587611630266e-02    1.7953597008556303e-02
    2.8193237033530820e-02   -1.0363252679087384e-03
    1.6806712975458860e-01   -1.7747534936418827e-02
    1.6632631923777647e-01    6.7950910892276587e-03
   -1.0277592378127644e-02   -1.0288319107100495e-03
    1.6817168611151384e-01   -8.3306374729495963e-03
    4.3600739214827289e-01    2.6493669036879220e-05
    9.3773927241098323e-18    6.1000103219470619e-18
    5.7334919301069202e-17   -4.1876191038007915e-17
   -2.1243881619245778e-18    3.0812198995566874e-19
   -3.1578140803515508e-17    3.1802309016706745e-17
    2.0050086764919474e-17   -1.4307994989260105e-17
    1.5175517220422220e-17    5.8939827626345318e-18
    1.1338917418950072e-17    1.3015969910936362e-17
    1.4293315380641529e-17   -6.6574216252556458e-18
   -1.1120312340506694e-17   -1.1678627458317865e-18
   -1.8146475437591137e-17   -1.3471886128977082e-18
   -1.0490934812399275e-17    1.5619815504125075e-17
   -5.0280460426201598e-18   -1.1705391510999759e-17
   -1.2952947636350718e-17    3.4033411683487342e-17
    4.2112335952572488e-17   -5.9316686571368769e-17
   -3.2717283661705573e-17    3.6421305889950048e-17
   -7.0972460328108869e-17    5.8508758131592377e-17
   -1.2494798141807373e-17   -2.4810021542510874e-17
   -4.5413406191631113e-18    4.9991667257462194e-19
   -2.4272414334783695e-18    9.5567378844452088e-18
    1.2224583755852012e-17   -6.4883889973550981e-18
   -5.7257876452366620e-18    8.8566103936033389e-18
   -1.6333882753760544e-18    2.6627888543251683e-18
    1.2264204717128640e-18   -5.9083264454096364e-18
    8.0061940820265747e-18    1.4056004875308472e-18
   -9.1722794999912440e-18    1.6836677446945961e-17
    3.2166406848438025e-17   -8.0209175336776940e-18
    8.4924667112775874e-18   -8.7096415310937376e-18
   -2.0322009613478659e-17    1.0327912063567606e-17
   -9.0936059693917216e-18    1.8454671279073184e-18
   -6.0355195374704913e-18   -3.6927201573969397e-18
   -1.2459628407192173e-17    1.1680719261312729e-17
   -2.1727520029607818e-17   -1.2899184429323981e-17
    4.3916959778155523e-01   -1.1249960274670356e-04
    1.6658053470596118e-01    7.6953745971475081e-03
   -5.7709639142644502e-03   -1.7844690224481635e-03
    1.6937037380297978e-01   -6.6142014761989111e-03
    1.6745423809797905e-01    1.7933584039444190e-02
    2.6981811138833706e-02    1.4225638241178948e-03
   -5.0965017997484416e-02   -1.7809749030469064e-02
    3.0351949650075503e-02    9.0129009082580197e-04
   -5.1856875107302971e-03   -3.8573102192180335e-04
   -4.7490758861367936e-02   -5.1615440472533494e-03
   -4.8046808000383155e-02    1.1845822963433430e-04
   -4.8621640916387113e-02    5.7796536781143971e-03
    1.6576847192577321e-01   -1.8804442014164424e-02
    3.0504261232570072e-02   -1.1664061125487798e-03
   -5.2255501867376417e-02    1.7663865491473574e-02
    2.7182614975013702e-02    3.2151679780241386e-04
   -9.3897193655547602e-18    1.0207405687975205e-18
    1.9599392750117640e-16    8.3665689203893554e-17
    2.6414921390298523e-17    2.9038836648765884e-17
   -1.0309960055483247e-16   -3.2451224994303294e-17
    1.3137210472789204e-17   -2.7900572887926815e-17
    8.1812455408134162e-18    1.2158522892118826e-17
   -2.1478362476541956e-17    2.8265132760055759e-17
    1.5251186625850233e-17   -2.7863157514301484e-17
   -4.2010917361253069e-18   -6.2782708446026919e-18
   -8.1600284021934241e-17   -2.2689998212214439e-17
   -2.2120275382988342e-17    7.1011549734869497e-18
    9.7050261879670041e-17    3.4012610223876619e-17
   -3.6981265950490689e-17    8.1717075646051043e-19
   -1.2739352667879746e-17   -1.0719893235699611e-17
    9.8729233783091020e-18   -3.5446499095542675e-17
   -1.1468827617512917e-17    1.4594805711113521e-17
    1.6425929085024288e-01   -4.5072345409876433e-03
    4.3515305921493830e-01   -5.1248114352562125e-04
    1.6686118474791689e-01    5.1523358186517125e-03
   -8.3292370088105527e-03    2.3293388709123212e-04
    3.1287375956626430e-02    1.5446638071750371e-04
    1.6742018708787090e-01    1.8860635570253657e-02
    2.9736589899914283e-02    6.2104441963214897e-04
   -4.9095337955831750e-02   -1.8714676434837454e-02
   -5.1271884163483293e-02    5.2923556750528976e-03
   -5.0782105466869289e-03   -1.8802651476096938e-04
   -4.8560607577927309e-02   -4.2337513995507033e-03
   -5.0490520972489052e-02    4.1869033024726973e-04
    2.8893232544935605e-02   -2.0649905423427345e-04
    1.6918344940969907e-01   -2.0644039229430745e-02
    3.3630303302005692e-02   -2.8643661908326701e-04
   -4.9022894864293239e-02    1.7542093617275118e-02
   -5.2290452516542802e-18    1.7151067456407711e-17
   -3.6909359424450100e-17   -2.9822844395032484e-17
   -8.4144501349509072e-17   -5.6208476939735808e-17
    2.0403546310710213e-17    1.3034770851571488e-17
    2.3209193012039869e-17    2.4238960227677993e-17
    1.9313187746559539e-18    8.1797862045106467e-18
    2.1007059771375458e-17   -1.2710852033621496e-17
    3.3471147415796945e-17    1.5514634775387994e-17
   -2.4720823715435330e-17    4.3528203150476554e-18
    1.1542497840731015e-17    1.2165029203957669e-17
   -5.7635864651305156e-18    1.1525522824365730e-17
   -2.2146829570584205e-17   -2.6125706204929395e-17
    2.9438615012443523e-17    6.0487093203769356e-19
    6.1782644507015066e-17    1.5327086871127366e-17
   -2.5129234053921661e-19    1.0577923543582013e-17
    4.8596297967735911e-17   -1.1985779450305499e-17
   -1.0154782869323309e-02    1.0685960448149241e-04
    1.6286166157325369e-01   -7.1309838538386374e-03
    4.4387802147517919e-01    4.3479465019774045e-05
    1.6479974169068487e-01    6.7570746882366136e-03
   -4.8384597752349566e-02   -1.7547305928939765e-02
    3.0435236181596499e-02   -5.6003918967832277e-04
    1.7197439822254071e-01    1.7699183591587609e-02
    2.6567221875799869e-02    5.4815403714922068e-04
   -4.3909589913055970e-02    4.1278658970867789e-04
   -5.2745748049866578e-02    5.7119102819899407e-03
   -7.0122403499110735e-03    3.2180473173076010e-04
   -5.1830031694173551e-02   -4.8681046654617550e-03
   -4.6711167665847347e-02    1.6698321622985179e-02
    2.5185045175691662e-02   -1.1854142122389329e-03
    1.7067342297275814e-01   -1.8179499047529708e-02
    3.0029460840301142e-02   -1.0458542161790505e-03
    6.7246421161902588e-18   -1.6983204397277521e-17
   -5.6567925649851440e-17   -1.2124836076117409e-18
   -2.8125389199756995e-17    1.6162750008308195e-18
    2.4865148779202481e-17    3.3437584519523259e-18
    1.4540104664100849e-17   -8.1237156219670822e-18
   -3.8532903908010644e-19   -3.0082349163860625e-18
    5.1288357288134640e-18    1.1624685906070802e-17
    4.0631190225256608e-18   -4.2863550190092299e-18
   -2.8308863075568989e-18    4.8219017016319481e-18
    2.8603177569659296e-17   -5.5731254626290835e-18
    5.8559224979315277e-18   -8.9135214281663328e-18
   -5.5009503846179372e-17    5.4472027217494300e-18
    1.9051666052956670e-17    1.5742053792567444e-18
    1.5009303355796448e-17    1.3472793638430633e-17
   -2.7194034783126812e-18   -7.7817700546846504e-18
   -2.5723234280155806e-18    7.4108685928612656e-18
    1.6885732668880488e-01    5.9006678895410008e-03
   -5.8711827362949356e-03   -1.0389640047856088e-03
    1.6549197358950513e-01   -5.6927989117303221e-03
    4.3670790853627234e-01    1.7092003434759337e-04
    2.8937639108501827e-02   -6.2125909046448517e-04
   -4.5477689447633189e-02   -1.7452442653004732e-02
    2.9778431973414659e-02    1.9181570954560959e-03
    1.6491755547124901e-01    1.9527816993613181e-02
   -5.1518593475335404e-02   -5.6050013086719353e-03
   -4.8231390091121401e-02   -3.7148174975174919e-04
   -5.0234512149484600e-02    5.4162119434187622e-03
   -4.1926732080670714e-03   -9.1117347305759086e-04
    2.6408270133617830e-02    7.4635885298112174e-04
   -5.1760415271001836e-02    1.7801589733827165e-02
    2.7229918903077639e-02   -2.2225839520844327e-05
    1.6839377827191621e-01   -1.9620525851416864e-02
    7.1580747936473612e-18    1.2826822758334172e-17
   -3.6081212332197716e-18   -1.3634407916427755e-17
   -2.0413501186519743e-17   -1.7138905204762690e-17
    6.9177552678451424e-18    6.6014778035239116e-18
    8.3018713803570778e-18    4.8866340290868274e-17
    1.1894762709191192e-17    7.7578384502441092e-18
    1.6696508356314505e-17   -8.9849411080983624e-18
   -1.3115789379424676e-18    1.4718509093823207e-17
   -2.3545989506763212e-17    7.9233201441630157e-18
    1.9282068173325019e-18    3.7601812642272518e-18
    1.1603795218627239e-17   -8.7814960349615267e-19
   -7.8308813990227668e-18   -1.2005327120762298e-17
    6.2895642260099419e-18    3.7138612679652617e-18
    8.9107162348719374e-18   -8.0313503001317934e-18
   -2.9801153546641409e-17    4.1042199566127521e-17
    1.1573261422499318e-17   -6.4171618818823645e-18
    1.6914166569195180e-01   -1.8548538000689112e-02
    3.1074571715286471e-02    7.5133677100122360e-04
   -4.9855729623343351e-02    1.7593757911162529e-02
    2.9745094341037965e-02   -8.5500689027080223e-04
    4.3336798058911619e-01   -3.9554665052446363e-05
    1.6695122278793145e-01    5.9170572110723791e-03
   -9.4228440427770004e-03   -6.4398131460275949e-04
    1.6763107238417821e-01   -6.7750854575990560e-03
    1.6726964888982718e-01    1.9127997538026527e-02
    2.8537078207771498e-02    1.9059592524020841e-03
   -4.8014676970725888e-02   -1.7247742939889038e-02
    3.2335335205221756e-02    9.1433200252475798e-04
   -6.4096426780590786e-03   -3.1340548196865818e-04
   -4.9450407204134697e-02   -4.9807977338993730e-03
   -5.1678215740571534e-02   -4.5055772810188003e-04
   -5.0159713205811848e-02    4.4547557438854484e-03
    1.5222986909268890e-17   -1.0915298884082943e-17
   -3.8824420920526259e-17   -7.3096396499960879e-18
   -1.8354451955860709e-17    2.6179981380831784e-17
    4.2368940215456733e-17    1.5042456860036059e-17
   -1.0441161720682445e-17   -3.8920746157107990e-18
    2.1658068659921283e-18   -1.7610563333089416e-17
   -1.8504956476149298e-17   -7.4578271393422991e-18
   -1.9879953389272968e-17    4.4984967541802649e-18
   -1.0597806372453057e-17    1.8443254920369690e-17
    4.2956354753208991e-17    2.2437752357024012e-18
    3.2971046818015578e-17   -1.0807651371322241e-17
   -7.3722074768542357e-17    7.7951890460298527e-18
   -1.3729728851390121e-17    3.6227351641114024e-18
   -3.1143005070779233e-18   -4.9180158141954874e-18
    3.9879100067436644e-18    8.2627204773300373e-18
   -3.0338076422539163e-17    1.0442002181299849e-17
    2.8730062486052747e-02   -1.0808995165122247e-03
    1.6939651838481404e-01   -1.9548135581714133e-02
    2.9687902637650605e-02    7.3960930867241663e-04
   -4.7265887155815769e-02    1.6457703475099325e-02
    1.6780935969524827e-01   -6.0798417292959282e-03
    4.3980663393368574e-01   -3.5800568784723273e-04
    1.6371845412035185e-01    5.9705709472480236e-03
   -7.1256068684966995e-03   -8.6436344377309462e-05
    2.9348976951077899e-02    9.4954096892889558e-04
    1.6696842244163873e-01    1.9650881071926994e-02
    2.8073786894384688e-02    9.6678399133726610e-04
   -4.9773222929926149e-02   -1.7537698413036231e-02
   -5.2178948742135613e-02    5.2673921353882640e-03
   -5.7973842853060384e-03    3.2242125292584448e-04
   -5.0435605035577091e-02   -5.2189033924659785e-03
   -4.8010377567300588e-02   -5.9302785987382176e-04
   -1.6258978631040377e-17   -7.1688393344472360e-18
   -1.7677433765747400e-17   -2.8788606327495128e-20
   -3.9078019325843452e-18   -6.6882918863304839e-18
    2.1706707631845457e-17    1.7803697183695996e-17
   -1.3786328309578215e-17   -7.7255811178903536e-19
    3.8096810798010482e-19   -1.5536232991467508e-18
    2.1144478087361179e-17   -2.0042687348047361e-17
   -1.4074461350998994e-17    7.9490111352703558e-18
    1.2683441718677420e-17   -6.2018623315455945e-18
    2.7231267463673507e-17    1.3319663111904033e-17
    1.0124467966734263e-17   -2.4503219768859360e-18
   -2.5371150661795772e-17   -2.0538811337258997e-17
    1.7712191266194478e-18   -8.8123848324998488e-18
    5.8959926120387626e-18    4.9211792197565067e-18
   -3.7571088627996181e-18    7.9294700188477036e-18
   -3.2501918630874928e-19   -3.6638177151409237e-18
   -4.8286369646297692e-02    1.6113506988890160e-02
    2.5870395488769349e-02   -3.0522021102042361e-04
    1.6921250514948064e-01   -1.8712084024109357e-02
    2.7882152462831357e-02   -1.0552486745669068e-03
   -7.2479606163212166e-03    8.9432209307473988e-04
    1.6591971014807017e-01   -5.5561370559139619e-03
    4.3622793676347199e-01    5.6036220537337988e-05
    1.6721246583410093e-01    7.0551415488217294e-03
   -4.8980678580320514e-02   -1.7935239711043289e-02
    3.1550060973631062e-02   -7.0388717408822207e-04
    1.6696824896410098e-01    1.7901506262414289e-02
    2.7406704739131548e-02   -1.6066677074481450e-04
   -4.4984817121316328e-02   -4.2561019033729111e-04
   -5.0659844483315640e-02    6.1673865300074316e-03
   -3.8598142799130242e-03    6.5325788149173678e-04
   -5.2032862437424998e-02   -5.1858433423558432e-03
    1.7282429387542680e-17    7.5457233317685494e-18
    3.9413737120813410e-17    3.1142961888508136e-17
    6.8566520886316999e-17   -2.1043737585247611e-17
   -1.8820065460076284e-17   -1.2457782005966583e-17
   -1.7152100800523791e-17   -2.0870453858694983e-17
   -1.2585029435938643e-17    2.1295627870943981e-17
   -1.6562166339516428e-17    1.6762543143906800e-17
   -5.3879782656545363e-17   -1.0859150737914562e-17
    3.8956118099787721e-17   -3.5180494039632632e-17
   -1.7470392465236090e-17    5.0873685278064790e-18
   -1.1166445956710329e-17    9.4394067532669428e-18
    5.9613783793989774e-18    5.7317014546337897e-18
    2.1598624578281380e-19    2.7031388998728895e-18
   -4.0013208667432558e-17   -1.1474307650126102e-18
   -1.9953958952364852e-18   -3.3288361934015017e-17
   -2.1715599029523696e-17    8.0563061631118228e-18
    2.8935131572480975e-02   -6.2763685956560076e-04
   -4.7421536285480508e-02    1.7317098538550513e-02
    2.4267001723809391e-02   -1.5734915982547411e-03
    1.6315679003118308e-01   -1.9528953913416008e-02
    1.6540841449929880e-01    7.5514239572872623e-03
   -6.3169101611488376e-03    6.5449573638883321e-04
    1.6769055172250169e-01   -5.5360361551954184e-03
    4.4356542888251688e-01    1.5521078183173358e-04
    2.6390427776890369e-02   -5.1084148650058022e-04
   -4.9137256254058716e-02   -1.7961717972562012e-02
    2.9257412378379078e-02   -4.2177329227088844e-04
    1.6850441529343324e-01    1.7451226912941171e-02
   -4.9701006441088366e-02   -4.9176909897949688e-03
   -4.5227183450564479e-02    2.8962908550559610e-05
   -4.9777965290575092e-02    6.3800085872495029e-03
   -6.6264214962088938e-03    1.4875010653525133e-03
   -8.7104766795273993e-18    1.2622125800033888e-17
    1.0032565384156151e-17    2.8091451784734889e-18
   -2.7319041267357734e-17   -9.1420215445302712e-18
   -4.1205285891557696e-17    6.8944846137479474e-18
    3.4239034056926190e-17    7.6411434397677224e-18
    1.1019821326038773e-18    8.5489513997375426e-18
    1.8333946490992592e-17    9.9807297044859676e-18
    4.0438731319813270e-17   -4.4011333009824656e-18
   -1.1997988918334164e-17   -2.6090652240988059e-17
   -5.4965251703063711e-17    4.5619125708262490e-18
   -2.4924733581829009e-17    5.5558676894089526e-18
    8.4986957131935628e-17   -3.0630256067032053e-17
    9.3018891347083801e-18    3.7868694691387858e-18
    2.5582518015373788e-17    1.1455202033038337e-17
    8.5578578099775152e-18   -2.9327422527279817e-17
    4.2651267121171182e-17    2.1536465785718813e-17
   -7.1158984381043070e-03    6.7021786818519937e-04
   -5.4744320922787595e-02   -6.0533264110215115e-03
   -4.5349780790481228e-02    2.6479925799543900e-04
   -5.0095821945113396e-02    6.7609616443604541e-03
    1.6819954282295160e-01   -1.9464198942056799e-02
    2.9461984224061773e-02   -1.3104069643074877e-03
   -4.5310966919618403e-02    1.6517517187931711e-02
    2.8648724623489163e-02   -6.9110948697397436e-04
    4.4127867269402693e-01    3.9050698792658710e-04
    1.6623259798783147e-01    6.9867259339076891e-03
   -8.0322726835073376e-03    2.9785693017803842e-04
    1.6517034650607926e-01   -5.2659720684766643e-03
    1.6728517799859949e-01    1.8240412982133490e-02
    2.6353919963886800e-02    3.8610329340346228e-04
   -4.6015547067908877e-02   -1.7742734663452189e-02
    2.9364206958352079e-02   -3.4424828623223628e-04
    6.9014495429440237e-18   -9.1342367277325802e-18
   -2.1446750318537832e-17   -8.9010660231939751e-18
    9.3332530196152584e-18   -6.7360462400233158e-18
    2.3827305888265658e-17   -1.3915987744675398e-18
   -1.1330864877158554e-17   -7.6563105746504222e-18
   -3.1930404474858055e-18   -4.6668986683194880e-18
    1.9468203189098822e-19    1.1617237002407582e-17
   -2.4411575319631465e-17    6.0207330063874560e-18
    5.4496593948780676e-18   -3.3489127607095825e-18
    4.3205165025262197e-17    8.9303607886944642e-18
    1.2032013538717661e-17   -5.2025235222551227e-18
   -6.6586289902500357e-17    9.4921917397136105e-19
    5.3148343753782877e-18    3.6422891790053563e-18
   -1.3739219837463940e-17    5.3208999996251539e-18
   -1.4614043717104325e-17   -1.3451919532203139e-17
   -2.5105886118474615e-17    1.9709327686262960e-17
   -4.9706464430186989e-02    5.7398227206923082e-03
   -4.5158060440428621e-03    3.9884278905088545e-04
   -5.0439576472245548e-02   -4.4435325988014321e-03
   -4.8880952326669079e-02   -5.7031392681084782e-04
    3.0496729176061547e-02   -1.7453031705950178e-03
    1.6885329926268083e-01   -1.9024810448636208e-02
    3.0538844197798572e-02    1.8917840583615556e-04
   -4.8785813624420651e-02    1.8149163336372516e-02
    1.6732683696406248e-01   -6.4188363823069724e-03
    4.3265937757514344e-01   -1.1402365472444574e-04
    1.6616883851553482e-01    5.9515645775232925e-03
   -7.3667679521992342e-03    2.8861387256934399e-04
    2.7509016133550834e-02    1.0958299790898729e-04
    1.6668612764301685e-01    1.9600358561056914e-02
    2.9230563191342422e-02    6.0371938069687914e-04
   -4.8096257851903142e-02   -1.8014165854927121e-02
   -8.7065569671365914e-18   -8.8975013345287359e-18
   -1.6601663802802038e-17   -1.2335162735831452e-17
   -7.1099896594843679e-18   -4.3681471093945789e-18
    8.7772791884848762e-18    1.1440232949296738e-17
   -6.1042213250571040e-18   -1.9900513226989699e-18
    2.1706389879687180e-18   -1.2061900733911501e-17
    1.2786832701680702e-17   -3.9855011588591547e-18
    2.3810289362990308e-18    8.7276081587187683e-18
   -2.5436704960982354e-18   -1.9697560570754813e-18
    7.2413684163352303e-18    4.9173732910161927e-18
   -1.0379224807503983e-18    4.5811423772807657e-18
   -1.4615261308709130e-18   -8.0089403377156656e-18
    1.8506902885039921e-18    1.9811507260277551e-18
    1.0700498335531648e-17    5.1663610315205239e-18
   -8.6308522600805283e-18    1.3565918424154773e-17
    5.2430145900210983e-18   -3.8245663959464978e-18
   -4.5920425354478725e-02    2.4512277499637373e-04
   -4.9818353036215166e-02    7.2227213916030526e-03
   -4.9685655312582270e-03    8.7891656428197725e-04
   -4.8387272608314352e-02   -6.6538186585424599e-03
   -4.9284311359135732e-02    1.6453699289073441e-02
    2.8241172172784483e-02   -1.6127550571392538e-03
    1.6578813841258008e-01   -1.7440287563549907e-02
    2.7436924627053594e-02    7.8013545797956589e-04
   -6.2098930083080012e-03    7.4363068769954977e-04
    1.6807524033647053e-01   -7.1524015090009049e-03
    4.3996073892567616e-01    1.4211000245369809e-04
    1.6573841466752906e-01    6.8746523588334354e-03
   -4.7902004550630949e-02   -1.6758604956431493e-02
    2.9638435448218890e-02    1.1037663574222560e-03
    1.6521961460630599e-01    1.8086862645139298e-02
    2.8107360132641389e-02   -3.4205195151142424e-04
    3.0412543987064233e-18   -1.4776530180035992e-18
    4.4762788002669974e-17    2.1951869778569471e-17
    1.2963551123743889e-18    9.9397859858735665e-18
   -4.9698857779394948e-17   -2.4187782150375559e-17
    2.6212197831743828e-17   -2.5933677495575702e-17
   -3.5513668142791126e-19    5.1308503534076163e-18
   -3.0845529070897032e-17    3.8665310160574623e-17
    3.8924757396424775e-17   -1.2439989907421483e-17
    2.0616291745811745e-18   -1.5555221564600072e-17
   -6.1282299753010140e-17   -1.5173412272413682e-17
   -3.2398976800837183e-17    8.6472568902435971e-18
    1.0554622344054186e-16    5.2777692421352146e-17
   -1.6128160604298778e-17    9.2807651798397137e-18
    2.2428299048131082e-18    2.5873073771766735e-18
    4.6251941730876334e-17   -5.9923700662997502e-17
   -2.2660911493974006e-18    3.1171909480268685e-17
   -5.1966703550600971e-02   -4.1903951610754468e-03
   -4.8198597560415016e-02   -2.4940879242511978e-04
   -5.3310806981975378e-02    6.0739661840297958e-03
   -5.0691841206845240e-03    3.0068612308600400e-04
    3.0797815976700928e-02    8.7210800418344885e-05
   -4.7971463086373289e-02    1.6656148588116409e-02
    2.8745941564145394e-02    1.7332115418466931e-04
    1.6614019105003880e-01   -2.0180905744934346e-02
    1.6566790598628628e-01    7.0993654014537954e-03
   -8.0501214005439265e-03    1.7503413357040465e-04
    1.6500362123467788e-01   -5.0686361590730322e-03
    4.3033292496355768e-01    4.5275380940349621e-05
    2.9969780422571680e-02    8.8687054850168092e-04
   -4.8416552198225965e-02   -1.8689544212966959e-02
    3.3337685927411945e-02   -2.0515613481401023e-04
    1.7035932273353280e-01    1.8531401029103854e-02
   -9.4373373182037111e-18    1.2104262355587464e-17
   -4.2034429307532665e-17   -3.7344565330288620e-17
   -7.2062272266844552e-18   -3.0982329269237246e-17
    3.7299630761233063e-17    2.1012279834184489e-17
   -1.5160963429125282e-17    2.0109371629558518e-17
    2.9303382347198607e-19    3.5078187075780768e-19
    2.1682517824287244e-17   -2.2381899249519867e-17
   -1.0916883531658945e-17    2.0804231604768224e-17
    1.8439912000425699e-17   -8.9244907995134988e-18
    2.2783766892318002e-17    1.8992868144715211e-17
    6.7929002455171567e-18    4.1936290300186291e-18
   -2.6101088914146987e-17   -3.9202599463881687e-17
    2.1469037968749749e-17    5.9352386840662519e-18
    1.9243772213175732e-17    1.7281741172603986e-17
   -3.4754381262254793e-18    2.2316367105292798e-17
    8.0155749773694085e-18   -2.2503422009072830e-17
    1.6702076722618803e-01    1.7604415540839635e-02
    2.6279317191020973e-02    5.8754792348818079e-04
   -4.6518301414746929e-02   -1.8499097243578351e-02
    3.0150054554909482e-02    3.1049454823615642e-04
   -6.4959459410382017e-03    4.4231319247005059e-04
   -5.3174497581594260e-02   -4.3544808157718138e-03
   -4.7605462129364590e-02    6.0902221910287340e-04
   -5.0793519025520192e-02    5.6957323016881287e-03
    1.6916610699257614e-01   -1.9169420847419048e-02
    3.2933144868478328e-02   -6.5523198191512521e-04
   -4.7231381355576127e-02    1.6146164471166499e-02
    2.8735518042528073e-02   -2.1152559039571968e-03
    4.3568236029473467e-01    1.9840201577896164e-04
    1.6633509301059890e-01    6.4133775234332859e-03
   -6.8746604582773261e-03   -3.4089802018838413e-04
    1.6268829920209621e-01   -4.8944017996337416e-03
    5.3904595291143466e-18   -1.0572697045264368e-17
    4.1576638207493709e-17    2.5649932699638405e-17
    8.3748667199801150e-17   -9.3581968004345721e-18
   -4.1507963962426589e-17   -2.5241137939959948e-17
   -1.7476597045799786e-17   -1.8243404356423742e-17
   -1.3867646063062115e-17    1.2678148059777334e-17
   -9.5292067746712915e-18    2.4925421467227309e-17
   -3.5788476796271276e-17   -2.7896618542118180e-19
    4.0395212582856600e-17   -3.2873733103958939e-17
   -1.9256944497220931e-17   -6.7878122715549502e-18
   -7.3573479677698195e-18   -1.6940157440385462e-18
    3.4042841687913329e-17    2.1760901636447198e-17
   -1.4524861497666462e-17   -8.5258606715858090e-18
   -9.3666145242069887e-17    7.0733212255830848e-18
   -8.1341438264593498e-18   -2.2927633662248757e-17
   -1.8173053113848829e-17   -1.1226417792725570e-18
    2.9362307196233721e-02    4.3235202078641480e-04
    1.6921168283638363e-01    1.8307327883875651e-02
    2.6624092073825462e-02   -4.3288980491211135e-04
   -4.9500291956771934e-02   -1.7289394769536812e-02
   -5.0962888763004456e-02    6.5218587965338000e-03
   -6.4348030213549181e-03    1.9418472402325609e-04
   -5.1108606511770668e-02   -5.1880062284488009e-03
   -4.6243820425723774e-02    5.7075051022921909e-04
    2.6879318295743866e-02   -1.5408465871059322e-03
    1.6720228392612585e-01   -1.9279802137857509e-02
    2.8929281741946554e-02   -8.7783163264556466e-04
   -4.8602730638484803e-02    1.6884640547953866e-02
    1.6614684081675415e-01   -6.3276816739301165e-03
    4.4313016997228372e-01    8.7918834384409636e-05
    1.6758471520882723e-01    7.3127637379508297e-03
   -6.8234565786818788e-03    8.3106493790544977e-04
   -3.6354802973741107e-18    8.4320916895121277e-18
   -1.3309907141992071e-17   -4.7855638136589494e-18
   -5.2575610455499082e-18   -4.3671287334836076e-18
    1.2004628406050641e-17    1.4466561170660796e-17
   -9.8136800158294502e-18    3.0548362851029018e-17
    6.6878735284825474e-18   -1.2099025785776103e-17
    1.2236391950528121e-17   -3.4082928984119495e-17
   -7.9433862707266822e-18    9.5264499394735969e-18
    1.3721883820666792e-18    1.0528778814336309e-17
    1.3611723320444705e-17    2.6171491516731612e-18
   -2.2134087997437261e-19   -2.1181690377895478e-19
   -6.6298012978673453e-18   -1.4409513290374823e-17
    1.6021174043978893e-17   -1.9806429724579276e-17
    2.8499010620489196e-18   -1.2376188506433582e-17
   -3.5547757969176893e-17    6.2908366527825933e-17
    3.1202304547814900e-17   -4.1517564300942523e-17
   -4.7031022328522437e-02   -1.6934580895854891e-02
    3.1769119835269623e-02    2.1149217597309410e-03
    1.6781763688372439e-01    1.8374417966723428e-02
    3.0580892096480832e-02    1.4129970971959351e-04
   -5.0469291654454837e-02   -4.3895674003693760e-04
   -5.2451033166711278e-02    4.4976168699489890e-03
   -5.4858227364980713e-03   -6.8603318177981338e-04
   -4.8895647860505112e-02   -5.9860449998069745e-03
   -4.8749528996569445e-02    1.7684269676438213e-02
    2.7516835142586370e-02   -1.5027696230866861e-03
    1.6889098113860157e-01   -1.8436636676526050e-02
    3.1730578944730872e-02    1.7039291678893065e-03
   -6.6817839444262301e-03    4.0222178426123980e-04
    1.6780625121180676e-01   -5.6767375434516572e-03
    4.2956321399225067e-01    4.5020665272523559e-05
    1.6561752509706346e-01    5.8385366650944414e-03
   -1.0249623537972707e-18   -4.0753320469834677e-18
    1.9032604613818303e-17    2.6382252423151647e-18
    5.2093019470043655e-18    3.6607120597849108e-17
    1.0165234324953907e-17    1.5980709921471922e-19
   -9.7445580899507755e-18    1.9266691137499092e-18
    1.4015690107137305e-17   -1.6741730001451623e-17
   -1.6948952526085936e-17   -2.1384406657699491e-17
   -7.7754586094372307e-18   -6.7188938061137208e-18
   -1.3255717485055236e-17    3.5344208666890828e-17
    8.4682175498982973e-18   -1.0891641567592436e-17
    1.0582340237546571e-17   -5.6537103924261326e-18
   -2.2677449907850461e-17    2.9606530906789027e-17
   -2.4548517936774474e-17   -6.4263856842213761e-18
   -1.7908326616715880e-17   -1.6064643334639482e-17
   -5.3910135784531010e-18    3.7750006671058886e-17
   -6.3280519871968967e-17   -1.5813619097166209e-17
    3.0947774386546466e-02   -5.7778253651336151e-04
   -4.6966875775463837e-02   -1.7550318834254688e-02
    2.6341013741213733e-02    1.1811773720351768e-03
    1.6899970553443250e-01    1.9153494306525527e-02
   -4.9860778629715233e-02   -5.4219810360469564e-03
   -4.7034249728538674e-02    1.3350247330943800e-04
   -5.1523802372809201e-02    4.8913933292082865e-03
   -6.2349536737229582e-03   -7.9456290581250027e-04
    2.6162185467432857e-02    1.2407463433349307e-04
   -4.8587668753434607e-02    1.7025963342364614e-02
    2.9217444677391246e-02   -3.9301309413464328e-04
    1.6714553583617400e-01   -1.9070879356691807e-02
    1.6511582346519713e-01    6.6253950728705959e-03
   -6.4734053548695381e-03    3.9743609357367559e-04
    1.6560432034418440e-01   -6.9868870683206684e-03
    4.3951597440564172e-01   -1.9831563459652164e-04
