    4.3822413630028934e-01
    1.6597896053268507e-01
   -1.3234197113856132e-02
    1.6994441577889147e-01
    1.6723259708050761e-01
    3.4882557496704152e-02
   -4.8751652182282876e-02
    3.0504738024526717e-02
   -1.4685035084884062e-02
   -4.7273930239522186e-02
   -4.7891393038460045e-02
   -5.5030778027149861e-02
    1.6894098743659786e-01
    3.2106707193104531e-02
   -4.9981419985857235e-02
    3.2486515975401802e-02
    4.5535343723365291e-17
    2.2609313658973950e-17
    8.8865512644631188e-18
    1.6407088345478369e-17
    4.3815003873778460e-18
    1.9397155024874907e-17
   -3.0222000223176810e-17
   -1.7244759582252009e-17
   -7.8189391147494455e-18
    7.1675504034372197e-18
    4.1616643987517513e-17
    1.6250947812669983e-18
   -1.2162996930404521e-17
   -3.3529989827131580e-17
    1.2037837641627987e-17
   -1.5076649494732617e-17
    1.6568197846744606e-01
    4.4039844734363676e-01
    1.6869338715443297e-01
   -1.3013039642960088e-02
    3.1252735950652741e-02
    1.7028850256054329e-01
    3.1762043050895042e-02
   -5.1481812879066870e-02
   -4.7494224445555712e-02
   -9.7811750382039674e-03
   -5.0762623338450073e-02
   -4.8157568604849960e-02
    3.0367429259934946e-02
    1.6746276003858335e-01
    2.9946547525847588e-02
   -4.9010909857831512e-02
   -1.7885396855458473e-17
    1.7625196789848811e-17
    4.5141409031597253e-17
    2.1298407753314151e-17
   -1.4111115207531585e-18
   -6.1907685333047215e-17
   -3.4911768995757126e-18
    4.2411864689309381e-17
    2.2742546431969529e-17
   -7.1460931764682812e-18
   -6.3198149298806227e-17
   -2.3861118366129285e-17
   -1.2752221365947540e-17
    5.6458947608012390e-17
   -4.4239668441841166e-18
   -4.1814635931200193e-17
   -1.0980045048551993e-02
    1.6766046592932332e-01
    4.3814965524694910e-01
    1.6416820331929727e-01
   -4.9868271461052098e-02
    3.2950770384892351e-02
    1.6777292572462238e-01
    2.8861453137594327e-02
   -4.7327860912734478e-02
   -5.2606225878857257e-02
   -9.0633380453653822e-03
   -4.7566541587144968e-02
   -4.8445875702138617e-02
    2.9091391248223762e-02
    1.6728348113458458e-01
    3.1747275371070693e-02
   -1.0035903353541834e-17
    3.7605946779436874e-18
    3.8289717726973424e-17
    1.2908643376934212e-17
   -2.7960881077466399e-17
   -3.4341126512548028e-17
   -1.4023877176120508e-17
    2.7082695673950852e-17
    9.5649774196122023e-18
    1.7601309249496365e-18
    2.6393260055440436e-19
   -1.3162321689081621e-17
    6.9425342647763863e-19
   -5.4433548144171982e-18
   -5.0113688723794154e-18
   -1.1068241143594472e-17
    1.7028547305784988e-01
   -8.4188517463574374e-03
    1.6793345347839111e-01
    4.4105013924557668e-01
    3.2697521398750991e-02
   -5.3077097014357678e-02
    2.7992668513785873e-02
    1.6566273114311575e-01
   -4.9818840309107389e-02
   -4.6075801176695505e-02
   -4.6343718529714209e-02
   -1.2477517930043138e-02
    3.1553069865160183e-02
   -5.0274901089386703e-02
    3.2330919116295306e-02
    1.6621862083330935e-01
   -1.2332861337488482e-18
   -2.7046454410337241e-17
   -2.4265618051072595e-17
   -1.5979058048542418e-18
    2.0359823522902612e-17
    4.8007249069755288e-17
    5.3564961632952963e-18
    3.5607924855449636e-19
    1.4590583503478434e-17
    4.4973237046617012e-18
   -7.2073404224064109e-17
   -1.4948751945676903e-17
    1.6535554657296268e-17
   -8.4286053627829376e-18
    2.3128037329916150e-19
    1.0252998387933453e-17
    1.6838963227092746e-01
    3.1483827780559047e-02
   -4.7904072275393242e-02
    3.2152726385607525e-02
    4.3523004251641051e-01
    1.6432266434863904e-01
   -8.8655691374001384e-03
    1.7007974035638940e-01
    1.6836074150762431e-01
    3.2063438857293500e-02
   -5.0643845009348508e-02
    3.2465383562332167e-02
   -1.1907009637288279e-02
   -5.0210868385721585e-02
   -5.0607973723886743e-02
   -5.4151486360561586e-02
    8.7338548588030929e-18
    5.5291763270324521e-17
   -4.7271064445937332e-17
   -2.5550556858810129e-17
    2.9233110750576379e-17
    5.0116604150016805e-17
    4.9262624668230520e-17
    2.6741082017841288e-17
   -1.0479529587828315e-16
    3.3907412650114193e-20
    4.8716236636040380e-17
    1.5256183864112508e-17
   -5.8876761781418206e-17
    3.4668031589581571e-17
    1.1670807743695314e-18
    3.9653745989806105e-17
    3.0059585789852562e-02
    1.7079914589829345e-01
    3.5674151935630935e-02
   -4.9099331434215299e-02
    1.6472020039752061e-01
    4.3606755239936995e-01
    1.6777929474831749e-01
   -7.2388020357364424e-03
    3.2083486011889970e-02
    1.6754184973566139e-01
    2.7851192017297362e-02
   -4.8425819763291217e-02
   -5.1642180845989968e-02
   -1.0327510825379079e-02
   -5.2573126653502875e-02
   -5.1422090698264332e-02
    3.1545435533137295e-18
   -1.4323759380281016e-17
   -7.5415796157119588e-18
   -2.1335789734942353e-17
   -3.2138014215018763e-18
   -9.6993693302489081e-17
    6.1294158300842527e-18
    1.7074936539663787e-17
    1.3770897835806275e-17
   -1.2020874152886531e-17
   -3.7855215501913699e-17
    1.7159531868125073e-18
    1.9053243973813232e-17
    2.7724629408487644e-17
    1.4170159686332310e-17
   -1.1866474049142624e-17
   -4.9955937085469151e-02
    2.8588903745082155e-02
    1.6291114396386280e-01
    2.9063142219886630e-02
   -8.5451026747334364e-03
    1.7129865103076125e-01
    4.3647692732037957e-01
    1.6449995117420391e-01
   -5.3286925626940519e-02
    2.8208979468502322e-02
    1.6758562736169361e-01
    3.0274888686810088e-02
   -4.7038138496880419e-02
   -4.9802096009337722e-02
   -8.0680585040615108e-03
   -4.4750299504944371e-02
    1.8827562437657728e-17
   -1.5340561118405867e-17
    2.6856722688727251e-17
   -1.6600262376120873e-17
    1.1509480427052542e-17
   -4.2586763722479879e-18
   -1.6771130689319428e-17
   -5.9970509375231504e-17
    5.0056075989884109e-17
   -2.8163847731495659e-17
   -2.3068260375432528e-17
    1.1630165346255991e-18
    4.9357838053042398e-17
   -1.5319913860476671e-17
    2.9086798302480398e-19
   -1.6182713268661312e-17
    3.1863751644809549e-02
   -5.1702764390039145e-02
    2.9667900271392128e-02
    1.6767698941747450e-01
    1.7208945214835364e-01
   -1.2914221304580295e-02
    1.6214403790595505e-01
    4.3842214841530069e-01
    3.4761317005815209e-02
   -4.9743404094711133e-02
    3.0260498398626511e-02
    1.6759956894061304e-01
   -5.2069839231614110e-02
   -4.5367609562754208e-02
   -4.5680831217117669e-02
   -1.1782949446128153e-02
   -5.5367748099005629e-18
   -1.4783963102001849e-17
   -1.8280678630883053e-17
   -1.8887837559747525e-17
    1.4542763290255855e-17
    3.1405640777305225e-17
    1.9480675393181932e-17
   -1.9988695009485066e-17
    2.1673222575082463e-18
   -1.5707532340088771e-17
   -2.3256109202863237e-17
    2.6501945986824712e-17
    9.0459685408319322e-18
   -2.8159600071267637e-18
   -7.0916006616958814e-19
    4.0986637946513191e-17
   -1.0252128166979057e-02
   -4.8157964634196901e-02
   -4.9652394784306705e-02
   -5.4736250508837916e-02
    1.6902994986937056e-01
    3.3022434066038650e-02
   -4.9295811090288619e-02
    3.0430462757195808e-02
    4.3527371746223392e-01
    1.6477742607454507e-01
   -7.6486464716707669e-03
    1.6820649758739778e-01
    1.6966339168231692e-01
    2.7314617886591591e-02
   -4.9647023928674906e-02
    3.1064538423094656e-02
    9.1626783239783603e-18
   -4.0057613728008770e-18
    2.2166807675602009e-17
    3.0531459027574702e-17
   -5.2894854302868322e-18
   -2.8816024402234572e-17
   -1.3444804948805291e-17
   -1.5394587206665014e-17
    1.1025702048334796e-17
    1.2030395930039374e-17
    2.5348602150027715e-17
   -2.0351829829171808e-17
    3.0873184041005688e-17
   -4.8465855402207409e-17
   -9.3304920107528326e-18
   -1.9248929512011384e-17
   -4.6954606352628714e-02
   -9.7097834906256335e-03
   -4.9968794680643185e-02
   -4.7034224995855009e-02
    3.1303544789514456e-02
    1.6501736695235189e-01
    2.9926842191155083e-02
   -4.8744677101813669e-02
    1.6689562741192326e-01
    4.4509702878969498e-01
    1.6939419643342180e-01
   -1.1143336879944061e-02
    2.9185471744999379e-02
    1.6755698582212636e-01
    3.1733838581640153e-02
   -5.1554865406959603e-02
    1.8877234201249018e-18
   -1.0834017537767088e-17
    7.9320416193046020e-18
    1.6775721595473605e-17
    2.0956944097636652e-17
   -7.5414074140033568e-18
   -3.0599426466142821e-17
   -1.4459142233138684e-17
    3.4048643042836381e-17
    7.1542173299683581e-18
   -3.3417328642666485e-17
   -1.0585314372235230e-17
    6.6964545893132590e-18
    1.0189712338557196e-18
    8.9894150596849477e-18
   -4.7770566216112365e-18
   -4.7696355638397643e-02
   -5.2456273028838096e-02
   -1.0922002786009764e-02
   -4.4356624851274770e-02
   -5.0265780637230931e-02
    3.2907098771278079e-02
    1.6833485076688728e-01
    3.1985402424391088e-02
   -1.2007692511382742e-02
    1.6847544980718429e-01
    4.3128652372907494e-01
    1.6300355278977380e-01
   -4.6659430838366107e-02
    3.0727135205652928e-02
    1.6572994288530801e-01
    3.5030092975692033e-02
    1.5345775680720224e-17
    2.5642585897334428e-17
    4.6969097742641345e-18
    1.5105047912715212e-17
    1.0617524155435764e-17
    1.5709856307766881e-18
    1.6168964405930156e-17
   -4.1366884813660199e-18
   -2.7929240973863825e-17
    2.4985565405363156e-17
    1.0444895024704333e-16
   -7.4357518949701567e-18
   -6.5115905816926687e-17
   -2.0954061999491719e-17
    1.7715771878910801e-17
   -2.0711256550404057e-17
   -5.3110516047495594e-02
   -4.6304488168030469e-02
   -4.8444864631568815e-02
   -1.2102948959063829e-02
    3.1426087773074360e-02
   -4.8347052092031946e-02
    2.9540525347755725e-02
    1.6774099982922455e-01
    1.6869196556866273e-01
   -9.7412813550444600e-03
    1.6423523842295684e-01
    4.4028645877510719e-01
    3.0857408384273734e-02
   -5.0321042654215463e-02
    2.9718053918105530e-02
    1.6909857702223954e-01
    5.7189519793329957e-18
   -2.0519307765179024e-18
    4.2459354399729837e-17
    1.2346709103106150e-17
    4.5536191605203638e-18
   -8.0523836345069954e-17
   -2.8796531552716168e-17
    1.9361389798795761e-17
    5.6943096466894943e-17
    4.9234975650576706e-18
    7.3413516317695382e-18
    1.1910555203957701e-17
    1.8197669509980749e-18
   -7.7600898196904661e-18
   -6.7992889814257296e-18
   -3.5799495809172239e-17
    1.6718487928208867e-01
    2.9737848486653583e-02
   -5.1998676966777714e-02
    3.0971167142305835e-02
   -1.0993828025192925e-02
   -4.5607964274661669e-02
   -4.8343185080267928e-02
   -5.2781945749919325e-02
    1.6758309478286623e-01
    2.8191829119281541e-02
   -4.8454754186035016e-02
    3.2066476336415226e-02
    4.3829106289830344e-01
    1.6437677352534871e-01
   -8.9162464515587340e-03
    1.6965276967668472e-01
    4.4356128574183937e-18
   -1.9772600555611809e-17
   -4.5917104104471421e-18
   -1.0825663978885381e-17
    7.2974797548871352e-18
    6.3647423320288093e-17
    2.2274476035241670e-17
   -5.0387176678262054e-17
   -8.5406898539409518e-18
    1.2234074052111372e-19
   -4.0021193741927488e-18
   -1.4987187740656902e-17
    1.3751060511666038e-17
   -4.2985732053012560e-17
   -3.7381046160777170e-18
    2.6485283595461895e-17
    3.0956806457182000e-02
    1.6661457458924786e-01
    3.0700572246216369e-02
   -4.9159532604238061e-02
   -4.7087134458202430e-02
   -1.2777651738081925e-02
   -5.0967964645224240e-02
   -4.8076278762029259e-02
    3.3089547658696074e-02
    1.6826059834258991e-01
    3.0091286451773679e-02
   -4.9354404958357481e-02
    1.6257516072340181e-01
    4.4045491360061667e-01
    1.7053580902687390e-01
   -9.4280600930613905e-03
   -3.2986887270141149e-17
    7.9902467394402867e-19
   -2.7303560834275582e-17
   -2.4123724200282491e-17
   -1.1301985238944381e-17
    6.6901272170409531e-17
    3.3020484049946503e-17
    1.2689045463251336e-17
   -3.8919612851716964e-17
   -2.4039765318572297e-17
   -4.4082965067793630e-17
    2.3635760673747980e-17
    3.0545948349854775e-17
    5.8821270558616744e-17
   -1.7014302553765296e-17
    4.8388047844940200e-17
   -5.0841316795944211e-02
    2.8924245501233535e-02
    1.6739161786489395e-01
    3.2096121519949818e-02
   -4.7894657595299678e-02
   -5.1146265462669961e-02
   -9.1275798178270928e-03
   -4.4190379764160771e-02
   -5.1913488650813376e-02
    3.0512338565634577e-02
    1.6541916258890960e-01
    3.1584873873736360e-02
   -8.8006894156699572e-03
    1.6900951820230639e-01
    4.3522216695449067e-01
    1.6407703728496689e-01
    1.0824718186549332e-17
    2.4610515828515421e-17
   -3.8826681807319685e-17
   -1.2331572208467310e-17
   -1.6831419132052252e-17
   -4.2960711030534423e-17
    2.7181777823414472e-17
    1.2247565968766255e-17
   -6.7718696286231106e-17
   -6.0017768240391445e-19
    1.0947413001741840e-16
    1.6262327331354701e-17
   -1.2098207091539434e-17
    3.9678083898264452e-17
   -4.4683145461119430e-18
    1.0598410979081635e-17
    2.9873541959005028e-02
   -4.9099251098269056e-02
    3.3009051445775102e-02
    1.6726880539829500e-01
   -5.0479656598074296e-02
   -5.0040595325733128e-02
   -4.8548338102306562e-02
   -9.9910431627223024e-03
    3.2206102495970480e-02
   -4.9656704407352238e-02
    3.2080722208854384e-02
    1.6780070665253319e-01
    1.6740906188313004e-01
   -8.0658137759755250e-03
    1.6398635321585239e-01
    4.3006907900256464e-01
   -7.0608719203397940e-18
   -2.0957299971093993e-17
   -1.4005474768518816e-17
    5.5584526485196764e-18
   -6.6514318421001742e-18
   -2.8482601100545700e-17
    1.9255428271745244e-17
    1.3967790833703897e-17
   -2.2615602295168608e-18
    1.6054877745829334e-17
   -1.2066487901524830e-17
   -2.9759687058207086e-18
    4.5819032811805406e-18
    1.8421650153696221e-17
   -2.4301812982156074e-17
    6.0531612246091216e-18
   -1.5029367973178142e-17
   -1.8186678719275785e-18
   -2.3636603465922370e-18
   -4.9472747256894049e-18
    5.6840003073505100e-18
    5.8625498970857144e-18
    2.7310758110488272e-18
    3.1156211895748719e-18
   -4.1919599568501967e-18
    1.3116875821207328e-17
    9.6436110079108706e-18
   -5.0743316767006073e-18
   -1.1805708144008328e-17
    3.4849854908787377e-18
    6.3499546202280079e-18
   -1.1682905655783223e-18
    4.3557489074589706e-01
    1.6691326074345711e-01
   -9.6215290354836266e-03
    1.6996862538411284e-01
    1.6663688525383952e-01
    2.8946397272229731e-02
   -5.0728936125929804e-02
    3.1113306588186479e-02
   -1.1467740312735687e-02
   -4.5249303049738288e-02
   -4.5994835682556620e-02
   -4.9674966176079777e-02
    1.6607442811128348e-01
    3.0186487944083035e-02
   -5.0829148984434983e-02
    3.1689329933055052e-02
    1.4204683310210578e-17
   -1.2003734975817127e-17
   -1.3906257635209936e-17
    4.3720249152566955e-18
    1.9199856794908130e-17
   -6.5465398318570024e-18
   -1.1190004394330277e-17
    2.0403389647623399e-18
   -3.8102348412792582e-18
    9.1411105489196592e-18
    2.1194394455032968e-17
   -8.6067465109479921e-18
   -3.1191366549506064e-18
    1.7243674475092513e-18
    1.5055391060805556e-17
    1.5885704468445617e-18
    1.6184852384854048e-01
    4.3674082503719874e-01
    1.7127395357992575e-01
   -8.5323631856673333e-03
    2.8399698013148116e-02
    1.6829674473754075e-01
    3.2763034608037186e-02
   -5.1895149059372356e-02
   -4.6027275479056121e-02
   -1.0792766379588429e-02
   -5.2889731136191109e-02
   -4.8508448265608718e-02
    3.2435904900490878e-02
    1.6978054718163119e-01
    2.9357649202265974e-02
   -4.9523449101124363e-02
    8.2109240191925334e-18
   -3.9767407829340996e-18
    4.8404669209467529e-19
   -4.6315895810161839e-19
    1.0485169655359994e-18
   -4.5009716273223468e-18
    5.1981754994318393e-18
   -5.4727521207149179e-18
    5.0841663731390058e-18
   -3.4511627413618647e-18
    7.0328397143741127e-19
    2.4380906443732146e-18
    1.0304015878408687e-17
   -2.6518772412711491e-19
    5.6080208450890686e-18
   -7.5570714083269970e-18
   -6.2503022206513697e-03
    1.6657717962811369e-01
    4.3543714033646258e-01
    1.6709213111424687e-01
   -5.0555846587420815e-02
    3.2190218618021439e-02
    1.6701436851967208e-01
    3.3055404560988669e-02
   -5.0028487043911982e-02
   -5.0295817850183201e-02
   -8.6110049446943247e-03
   -4.4230679868842118e-02
   -5.1910638519395494e-02
    3.0439940388772062e-02
    1.6477567285162570e-01
    3.1005043107366043e-02
    6.5602311588266325e-18
    1.6878259599782367e-17
    5.0328585390064225e-19
   -2.0984785123424532e-18
   -3.5904348705107869e-17
    8.7809557209358984e-18
    1.1177874490892722e-17
    1.2796914010912728e-17
   -2.3115604340350539e-17
   -1.2054516093959748e-18
    5.8063735997839111e-18
    3.3001145830412498e-18
   -6.7155967628928591e-19
    7.6557686687846127e-18
   -1.4069789738391319e-17
   -1.3135203159488711e-17
    1.7039732263044344e-01
   -7.7434164447527497e-03
    1.6388184397042541e-01
    4.3101405765603029e-01
    3.3035230647662152e-02
   -5.0591397416869702e-02
    3.2108459970211584e-02
    1.6584000190134990e-01
   -4.9618159764423811e-02
   -5.2190324863206426e-02
   -4.6990437357622358e-02
   -9.1121145330954612e-03
    3.1725785679543914e-02
   -5.0667509046060655e-02
    3.0769876008915703e-02
    1.6781932170813918e-01
    9.6714594324320299e-18
    9.1430194470907281e-18
   -6.2259435818747175e-18
   -7.3624646825663215e-18
   -3.6025585551703739e-18
    9.8086831433956266e-19
    1.4030542791370053e-19
   -6.2848869862220518e-18
   -3.4882437237668330e-18
   -6.2328066245344408e-18
    1.0098869859441833e-17
    1.2628914327263700e-17
   -1.0246216695112678e-18
   -1.6426636940580034e-18
   -7.2066304141518680e-18
    5.1985863387156391e-18
    1.6921772867239990e-01
    2.9922702754543212e-02
   -5.0629702071238444e-02
    3.2644863790593885e-02
    4.3914291582108883e-01
    1.6583197737267982e-01
   -1.1031743265047826e-02
    1.7203362099871070e-01
    1.6605988101970073e-01
    3.1636545565557631e-02
   -4.9720398647681616e-02
    3.2583559263058400e-02
   -1.0270341883847778e-02
   -4.8739347586279264e-02
   -4.6483475825121585e-02
   -5.0770214240100267e-02
    3.5432456777088161e-18
   -2.5623319316911487e-18
   -7.2974112882302491e-18
    3.3242303412144129e-18
    1.2196305914442957e-17
   -1.8841400904913347e-17
   -2.9916943238106859e-18
    1.8723930922845041e-17
   -1.6167064276875162e-18
   -3.0442387620770313e-18
    6.2571288804778740e-18
   -4.0532262750852245e-18
    2.5105430547571703e-19
    1.1921587962619434e-17
    1.1854926932666233e-17
   -1.2095682416969216e-18
    2.9424334797881278e-02
    1.7122054635673906e-01
    3.1899919991656894e-02
   -4.8911656254191464e-02
    1.6264889846198974e-01
    4.3943418344709928e-01
    1.7055760250570295e-01
   -1.0508311434392688e-02
    3.0701882427531142e-02
    1.6640204042514389e-01
    2.9953148181300248e-02
   -4.8415766834044124e-02
   -4.6332953103090234e-02
   -9.6508187617637322e-03
   -5.1691505874240783e-02
   -4.8142297964006833e-02
   -1.7669475381107354e-17
   -7.3923806816409723e-18
    5.5963893609600964e-18
   -1.3705126895538604e-18
    1.7196461564295833e-17
   -8.3579854045003415e-18
   -5.3091988966970266e-18
    8.5790536487026361e-18
    1.7094468964872276e-17
   -4.7706453367085182e-18
   -3.3527521797239752e-17
    5.1287283987401793e-19
    2.3727982285575094e-19
    4.1000456964068417e-18
    9.6105429783747207e-18
    5.4335534845194865e-18
   -4.8118122891778047e-02
    2.8798462019173687e-02
    1.6604486121046722e-01
    3.0235382396579347e-02
   -1.1256146722073177e-02
    1.7023102871396145e-01
    4.3911540339571681e-01
    1.6511119788575268e-01
   -5.1441183390892799e-02
    3.3583802331616189e-02
    1.6816966364904182e-01
    3.1999005915781226e-02
   -4.6867859236723167e-02
   -4.9583995422604679e-02
   -1.2258599241698902e-02
   -4.9413439677001937e-02
    3.2190724817156167e-18
    1.0845883969105095e-18
   -4.7602211344048962e-18
   -5.7099907262788624e-18
    3.2458692008050684e-18
    7.9844188731170887e-18
   -6.8465319549814140e-18
   -3.3577298662835732e-18
   -3.9524423151690054e-18
   -5.7440822884473972e-18
    2.7713942828333483e-18
    1.1034050267705851e-17
   -5.0316264048691877e-18
   -1.0661716555370301e-17
    4.7011601818636570e-19
    2.2749069238793491e-19
    3.2541124664281391e-02
   -5.0357152064813768e-02
    3.2894222422293340e-02
    1.6269849991539687e-01
    1.7447875446362396e-01
   -9.5878347697479875e-03
    1.6431005743008867e-01
    4.3617335248329442e-01
    3.3762453290816855e-02
   -5.4406603543671814e-02
    2.6528440801549792e-02
    1.6580166575195124e-01
   -4.9906258884561808e-02
   -4.7254279195403530e-02
   -4.4999298524971185e-02
   -1.3544689449182971e-02
   -4.8732989981354531e-18
   -8.1073591308893688e-18
    1.2096325563133997e-17
    3.2277286391696650e-18
    1.6513607539869693e-18
   -1.6270093770274291e-18
   -6.1290197360681489e-18
   -1.3040386647058727e-17
    2.3074621753889847e-17
    5.5786735914662573e-18
   -1.1303978428009848e-17
   -1.3034550167884793e-18
    1.8692383129281673e-18
   -9.8592954131773732e-19
    6.3075014606851883e-18
   -2.6290690987742857e-18
   -1.2680404789766713e-02
   -4.8987144096158439e-02
   -5.0078880566959784e-02
   -5.0398078679157798e-02
    1.6757565916915768e-01
    3.2602568899258402e-02
   -5.2532748944548777e-02
    3.1912641639625240e-02
    4.3963264679694564e-01
    1.6625589876579691e-01
   -1.1090056415295041e-02
    1.6914725535969033e-01
    1.6649185126846280e-01
    2.9144876171394395e-02
   -4.9557245693151307e-02
    3.3224040143981760e-02
   -1.8262954367509499e-17
    1.8365992126875274e-18
    2.7710544748548804e-17
    8.1286558921857459e-19
   -1.9759283777871127e-17
    3.1845588497932908e-18
    2.7214562101095758e-17
    1.0782406469849512e-18
    1.3671313637250585e-18
    1.1949793607976002e-17
   -1.9547937945653814e-17
   -7.3893346947585229e-18
    1.4715076962328937e-17
    1.5778841965773055e-18
   -1.3718148206817621e-17
   -1.0449831899743408e-17
   -4.5659217512822411e-02
   -9.8804346159551745e-03
   -5.1994493215490677e-02
   -4.9003915342183423e-02
    3.1270490886544329e-02
    1.6669945915166193e-01
    3.1274820987898203e-02
   -5.3198496711937569e-02
    1.6671536539987311e-01
    4.3149548522128550e-01
    1.6695802194323622e-01
   -1.1953196363593070e-02
    3.1978988111579842e-02
    1.6445247832065740e-01
    3.2167913301450704e-02
   -4.9796991675098393e-02
   -2.4585981045396049e-18
   -4.1216654152268728e-17
    1.2396949954869947e-18
    5.3759426074531402e-19
    5.2780617302542240e-17
    5.3790585656258098e-18
   -7.4924193896602048e-18
    1.5021513640294372e-17
    4.5163725517228135e-18
    1.3299249294179032e-17
    4.4037034344778240e-17
   -4.2207712408646824e-17
   -2.2125199457228839e-17
    1.6558382791790222e-18
    5.9906459288269346e-17
    2.3801082901645822e-18
   -5.0079171496231277e-02
   -5.0572207535316674e-02
   -9.6946109017477765e-03
   -4.6270844358275456e-02
   -5.0952261851651179e-02
    2.8347204949140854e-02
    1.6638362671022855e-01
    2.8592168579690224e-02
   -1.0228711694283523e-02
    1.7055442396306553e-01
    4.4451073714003986e-01
    1.6594673635444965e-01
   -5.0152909891810225e-02
    2.9421260718636190e-02
    1.6706121223354381e-01
    3.0619187459716424e-02
    1.2158306669903290e-17
   -2.6368707338749015e-17
   -2.0765046442707229e-17
    6.8046069675657848e-18
    3.1931278465816199e-17
    1.2136960807450982e-18
   -2.0960503789653734e-17
    1.2693994209499704e-17
   -9.4308756721573694e-18
    1.1971522827752951e-17
    2.9254536022086268e-17
   -2.0929289129352431e-17
   -1.6308474011510254e-17
    3.5938744543723129e-18
    2.8769190299187111e-17
    6.9624487864089257e-18
   -5.4274972315626349e-02
   -4.5519275809494317e-02
   -4.4177851543750327e-02
   -9.2175204989640123e-03
    3.0434459534790598e-02
   -5.0518553996002045e-02
    3.1637079232706762e-02
    1.6607265309315086e-01
    1.6838271841059185e-01
   -1.2010468137457498e-02
    1.6503411465311385e-01
    4.3463026301160601e-01
    3.0665986055030008e-02
   -4.8920129456425716e-02
    2.9083069196742906e-02
    1.6800671719412530e-01
   -1.0498371327324491e-17
    1.4443492455189782e-17
    9.7029659503409652e-18
   -5.2583455818742018e-18
   -8.3440171411564676e-18
   -7.8987793393292357e-18
    8.1082467036178427e-18
   -1.3484536618297194e-18
    1.6291358432855749e-17
   -3.7784004301556448e-18
   -1.3313062460282653e-17
    3.1510284972012034e-19
    1.7322671620909371e-18
    6.4507557490478395e-18
   -9.5558412590756952e-18
   -1.2002771277104875e-17
    1.6928482862121971e-01
    3.0891490427932950e-02
   -5.0803693159281550e-02
    3.0907492640968471e-02
   -1.1054781940221473e-02
   -4.6341735743960374e-02
   -4.9090580788925205e-02
   -5.0987183531855128e-02
    1.6766306816130003e-01
    3.4831382739088548e-02
   -4.8048291629109674e-02
    2.9613421637435699e-02
    4.3494634378224895e-01
    1.6310973774164791e-01
   -9.6367072911711892e-03
    1.6837071114815200e-01
   -1.9605830082848310e-18
    1.9217987407933948e-17
   -8.6392833303922394e-18
   -6.7894862209377989e-18
   -9.2303545379041869e-18
    3.0088715842441504e-18
   -5.2970902891721500e-18
   -8.2535057687638672e-19
   -6.5995557260638990e-18
    7.2211738950807571e-19
    1.3503707605531797e-18
    1.3035852935775204e-17
   -5.0109873660707174e-18
   -8.0751778552120164e-18
   -1.4319531556598447e-17
   -1.1995112299106182e-17
    3.1205839046969525e-02
    1.6654884022854849e-01
    2.9917284839110814e-02
   -5.5064386355228298e-02
   -4.4733792496948151e-02
   -1.1629709981070628e-02
   -4.7540794125390654e-02
   -4.6574803839924128e-02
    3.3011657432091078e-02
    1.6241107792973491e-01
    3.0133209937743006e-02
   -5.5255846907254699e-02
    1.6639474076595734e-01
    4.3740240560380217e-01
    1.7231901482639636e-01
   -1.1731356370689356e-02
    7.5724083597741296e-18
    6.6026151026869803e-18
   -1.2762809649678393e-17
   -1.1249185328771914e-17
    7.2755768967479595e-18
    2.1421939348636294e-18
   -1.7200047179295229e-17
   -1.2374489437765111e-17
   -1.3547537058790879e-19
   -7.4591959395234794e-18
    1.2876244550049416e-17
    3.6064851177105830e-18
   -3.2154787910956221e-18
   -9.8416134859769578e-18
    3.0557234775072116e-18
    2.8206730935862770e-18
   -4.9027418111734479e-02
    3.0554905450990481e-02
    1.6583199071319740e-01
    3.3771071239545931e-02
   -4.5789965407703130e-02
   -5.2496283063666563e-02
   -1.4745796716007115e-02
   -4.6155912049564062e-02
   -5.1703402379152677e-02
    3.3072782810258786e-02
    1.6774640997541448e-01
    3.0486036742365295e-02
   -1.0821456750124978e-02
    1.6931420730474367e-01
    4.4182469425635629e-01
    1.6523636979624653e-01
   -2.2544179096149901e-18
   -1.1832408491577703e-17
    1.9723415075841554e-18
    7.0097659997799316e-18
   -1.3248230632540248e-18
   -5.8990724212346953e-18
    5.7055913035170186e-18
    4.0704387408631328e-18
   -2.0955787099462468e-18
   -1.2868466079472120e-18
   -8.4403634922301672e-18
   -6.8251787851292692e-18
    9.9034349762464327e-18
    6.8381491660572957e-18
    1.8728190789843354e-18
    1.6137070687834197e-17
    3.0469361934767819e-02
   -4.7229550235590306e-02
    3.2073521017994940e-02
    1.6903526367099278e-01
   -5.2876638968169978e-02
   -4.6517299397983811e-02
   -4.7583916193038110e-02
   -1.1837992168787514e-02
    3.1172540370302725e-02
   -4.9366142235003130e-02
    3.0417769955080776e-02
    1.6933308848333148e-01
    1.6909723530290127e-01
   -1.1250860498634012e-02
    1.6346614154483202e-01
    4.4292465526491814e-01
