                     1                     3
 (-1.00000000000000,0.000000000000000E+000)
                     1                     2
 (-1.00000000000000,0.000000000000000E+000)
                     1                     7
 (-1.00000000000000,0.000000000000000E+000)
                     1                     4
 (-1.00000000000000,0.000000000000000E+000)
                     1                    10
 (-1.00000000000000,0.000000000000000E+000)
                     1                    10
 (-1.00000000000000,0.000000000000000E+000)
                     2                     3
 (-1.00000000000000,0.000000000000000E+000)
                     2                     1
 (-1.00000000000000,0.000000000000000E+000)
                     2                     8
 (-1.00000000000000,0.000000000000000E+000)
                     2                     5
 (-1.00000000000000,0.000000000000000E+000)
                     2                    11
 (-1.00000000000000,0.000000000000000E+000)
                     2                    11
 (-1.00000000000000,0.000000000000000E+000)
                     3                     1
 (-1.00000000000000,0.000000000000000E+000)
                     3                     2
 (-1.00000000000000,0.000000000000000E+000)
                     3                     9
 (-1.00000000000000,0.000000000000000E+000)
                     3                     6
 (-1.00000000000000,0.000000000000000E+000)
                     3                    12
 (-1.00000000000000,0.000000000000000E+000)
                     3                    12
 (-1.00000000000000,0.000000000000000E+000)
                     4                     6
 (-1.00000000000000,0.000000000000000E+000)
                     4                     5
 (-1.00000000000000,0.000000000000000E+000)
                     4                     7
 (-1.00000000000000,0.000000000000000E+000)
                     4                     1
 (-1.00000000000000,0.000000000000000E+000)
                     4                    13
 (-1.00000000000000,0.000000000000000E+000)
                     4                    13
 (-1.00000000000000,0.000000000000000E+000)
                     5                     6
 (-1.00000000000000,0.000000000000000E+000)
                     5                     4
 (-1.00000000000000,0.000000000000000E+000)
                     5                     8
 (-1.00000000000000,0.000000000000000E+000)
                     5                     2
 (-1.00000000000000,0.000000000000000E+000)
                     5                    14
 (-1.00000000000000,0.000000000000000E+000)
                     5                    14
 (-1.00000000000000,0.000000000000000E+000)
                     6                     4
 (-1.00000000000000,0.000000000000000E+000)
                     6                     5
 (-1.00000000000000,0.000000000000000E+000)
                     6                     9
 (-1.00000000000000,0.000000000000000E+000)
                     6                     3
 (-1.00000000000000,0.000000000000000E+000)
                     6                    15
 (-1.00000000000000,0.000000000000000E+000)
                     6                    15
 (-1.00000000000000,0.000000000000000E+000)
                     7                     9
 (-1.00000000000000,0.000000000000000E+000)
                     7                     8
 (-1.00000000000000,0.000000000000000E+000)
                     7                     1
 (-1.00000000000000,0.000000000000000E+000)
                     7                     4
 (-1.00000000000000,0.000000000000000E+000)
                     7                    16
 (-1.00000000000000,0.000000000000000E+000)
                     7                    16
 (-1.00000000000000,0.000000000000000E+000)
                     8                     9
 (-1.00000000000000,0.000000000000000E+000)
                     8                     7
 (-1.00000000000000,0.000000000000000E+000)
                     8                     2
 (-1.00000000000000,0.000000000000000E+000)
                     8                     5
 (-1.00000000000000,0.000000000000000E+000)
                     8                    17
 (-1.00000000000000,0.000000000000000E+000)
                     8                    17
 (-1.00000000000000,0.000000000000000E+000)
                     9                     7
 (-1.00000000000000,0.000000000000000E+000)
                     9                     8
 (-1.00000000000000,0.000000000000000E+000)
                     9                     3
 (-1.00000000000000,0.000000000000000E+000)
                     9                     6
 (-1.00000000000000,0.000000000000000E+000)
                     9                    18
 (-1.00000000000000,0.000000000000000E+000)
                     9                    18
 (-1.00000000000000,0.000000000000000E+000)
                    10                    12
 (-1.00000000000000,0.000000000000000E+000)
                    10                    11
 (-1.00000000000000,0.000000000000000E+000)
                    10                    16
 (-1.00000000000000,0.000000000000000E+000)
                    10                    13
 (-1.00000000000000,0.000000000000000E+000)
                    10                     1
 (-1.00000000000000,0.000000000000000E+000)
                    10                     1
 (-1.00000000000000,0.000000000000000E+000)
                    11                    12
 (-1.00000000000000,0.000000000000000E+000)
                    11                    10
 (-1.00000000000000,0.000000000000000E+000)
                    11                    17
 (-1.00000000000000,0.000000000000000E+000)
                    11                    14
 (-1.00000000000000,0.000000000000000E+000)
                    11                     2
 (-1.00000000000000,0.000000000000000E+000)
                    11                     2
 (-1.00000000000000,0.000000000000000E+000)
                    12                    10
 (-1.00000000000000,0.000000000000000E+000)
                    12                    11
 (-1.00000000000000,0.000000000000000E+000)
                    12                    18
 (-1.00000000000000,0.000000000000000E+000)
                    12                    15
 (-1.00000000000000,0.000000000000000E+000)
                    12                     3
 (-1.00000000000000,0.000000000000000E+000)
                    12                     3
 (-1.00000000000000,0.000000000000000E+000)
                    13                    15
 (-1.00000000000000,0.000000000000000E+000)
                    13                    14
 (-1.00000000000000,0.000000000000000E+000)
                    13                    16
 (-1.00000000000000,0.000000000000000E+000)
                    13                    10
 (-1.00000000000000,0.000000000000000E+000)
                    13                     4
 (-1.00000000000000,0.000000000000000E+000)
                    13                     4
 (-1.00000000000000,0.000000000000000E+000)
                    14                    15
 (-1.00000000000000,0.000000000000000E+000)
                    14                    13
 (-1.00000000000000,0.000000000000000E+000)
                    14                    17
 (-1.00000000000000,0.000000000000000E+000)
                    14                    11
 (-1.00000000000000,0.000000000000000E+000)
                    14                     5
 (-1.00000000000000,0.000000000000000E+000)
                    14                     5
 (-1.00000000000000,0.000000000000000E+000)
                    15                    13
 (-1.00000000000000,0.000000000000000E+000)
                    15                    14
 (-1.00000000000000,0.000000000000000E+000)
                    15                    18
 (-1.00000000000000,0.000000000000000E+000)
                    15                    12
 (-1.00000000000000,0.000000000000000E+000)
                    15                     6
 (-1.00000000000000,0.000000000000000E+000)
                    15                     6
 (-1.00000000000000,0.000000000000000E+000)
                    16                    18
 (-1.00000000000000,0.000000000000000E+000)
                    16                    17
 (-1.00000000000000,0.000000000000000E+000)
                    16                    10
 (-1.00000000000000,0.000000000000000E+000)
                    16                    13
 (-1.00000000000000,0.000000000000000E+000)
                    16                     7
 (-1.00000000000000,0.000000000000000E+000)
                    16                     7
 (-1.00000000000000,0.000000000000000E+000)
                    17                    18
 (-1.00000000000000,0.000000000000000E+000)
                    17                    16
 (-1.00000000000000,0.000000000000000E+000)
                    17                    11
 (-1.00000000000000,0.000000000000000E+000)
                    17                    14
 (-1.00000000000000,0.000000000000000E+000)
                    17                     8
 (-1.00000000000000,0.000000000000000E+000)
                    17                     8
 (-1.00000000000000,0.000000000000000E+000)
                    18                    16
 (-1.00000000000000,0.000000000000000E+000)
                    18                    17
 (-1.00000000000000,0.000000000000000E+000)
                    18                    12
 (-1.00000000000000,0.000000000000000E+000)
                    18                    15
 (-1.00000000000000,0.000000000000000E+000)
                    18                     9
 (-1.00000000000000,0.000000000000000E+000)
                    18                     9
 (-1.00000000000000,0.000000000000000E+000)
