    4.9962858094275481e-01
    5.0052851927309638e-01
    4.9986145081828620e-01
    4.9987853324737724e-01
    4.9948827999580864e-01
    5.0010528134885068e-01
    5.0011851346538672e-01
    5.0015487764904898e-01
    4.9956018705638922e-01
    5.0045947121188183e-01
    4.9989498510413904e-01
    5.0044642360961844e-01
    4.9927468613080406e-01
    5.0067456162780244e-01
    5.0072034505449214e-01
    4.9931966588916210e-01
    5.0000639901808519e-01
    5.0075598976845670e-01
    5.0069155904518348e-01
    4.9972712570143207e-01
    5.0038246702162725e-01
    5.0045594971244234e-01
    4.9876157857597336e-01
    4.9997449796938565e-01
    4.9992970993873898e-01
    4.9912296100231457e-01
    5.0036942348286972e-01
    4.9898490056595768e-01
    5.0058302735976479e-01
    4.9964144717335734e-01
    5.0055842799034189e-01
    4.9994017324918133e-01
