   -4.0353542223207256e-01
    4.1326216371685065e-01
   -4.2902311709932445e-01
    4.2063852582613631e-01
    3.2406630690098975e-01
   -2.7611191572227134e-01
    3.4077372166526532e-01
   -2.7572233867056595e-01
   -1.6191597728890100e-01
    2.3916107492807936e-01
   -1.8605899625330008e-01
    2.6076065154058503e-01
    2.1507569190919340e-01
   -1.0274546595596579e-01
    2.0200358698179055e-01
   -9.8799624476903575e-02
   -1.1579253073271409e-01
    2.1309248814729989e-01
   -9.6942480101966683e-02
    2.1384845360271440e-01
    2.4213942015607109e-01
   -1.6034049793121283e-01
    2.4430361793304789e-01
   -1.6695180565574630e-01
   -2.6117653930857077e-01
    3.2169432339737258e-01
   -2.4168507099196795e-01
    3.0722957204844414e-01
    4.3321892246266525e-01
   -4.2053402453108502e-01
    4.2131330361877295e-01
   -4.1524601788273946e-01
