    5.0673912791211417e-01
    5.0727521387439278e-01
    5.0688233839229069e-01
    5.0698498926887237e-01
    5.0182474441732861e-01
    5.0230001739697372e-01
    5.0186950747278902e-01
    5.0183969203915768e-01
    5.0138137816041550e-01
    5.0114955506985170e-01
    5.0137899770562333e-01
    5.0197410481573845e-01
    4.9673907209407225e-01
    4.9618026112920299e-01
    4.9672171157260847e-01
    4.9712720014483469e-01
    4.9701120885878619e-01
    4.9693379223279777e-01
    4.9736260219124773e-01
    4.9717502700360838e-01
    4.9692429057384957e-01
    4.9606543072145359e-01
    4.9649847880091319e-01
    4.9631346572509560e-01
    4.9956697958318419e-01
    4.9887416073588187e-01
    4.9938862584341009e-01
    4.9936017789054304e-01
    4.9962126393966422e-01
    5.0023171373536723e-01
    5.0023425890988871e-01
    4.9976909958871696e-01
    4.9973203745668443e-01
    5.0018746505000089e-01
    4.9967728960389279e-01
    5.0031776556958052e-01
    4.9863896079983278e-01
    4.9932458045412020e-01
    4.9930941456758077e-01
    4.9951295658669220e-01
    4.9722660211204850e-01
    4.9692165653836262e-01
    4.9681362287538045e-01
    4.9680722768899083e-01
    4.9727150611631116e-01
    4.9667932806031334e-01
    4.9621146472903643e-01
    4.9611976438832261e-01
    4.9719269120137982e-01
    4.9660131991330414e-01
    4.9704091122358623e-01
    4.9707710728877902e-01
    5.0078907368976222e-01
    5.0105524947720204e-01
    5.0138440423915853e-01
    5.0199115983425469e-01
    5.0215873149390089e-01
    5.0181591291437522e-01
    5.0280828163349989e-01
    5.0188056487043320e-01
    5.0695212072747708e-01
    5.0697591495871441e-01
    5.0709689005998204e-01
    5.0672953607636328e-01
