   -3.0989635827917072e-01
    3.1530796400191219e-01
   -3.1107002683183210e-01
    3.1095371859471865e-01
    1.8531492455067225e-01
   -1.8591735931202905e-01
    1.8693476630378753e-01
   -1.8811981536000591e-01
   -1.2600530974796370e-01
    1.2849325324877064e-01
   -1.2867228217906906e-01
    1.2614141886791569e-01
    6.4587261517562944e-02
   -6.8414866501638749e-02
    6.8169682962225697e-02
   -6.4071941479751704e-02
   -1.4339503004793419e-02
    1.2048758637416945e-02
   -1.4190655951998421e-02
    1.3734342277531980e-02
   -2.8238472802217696e-02
    3.1565902761013592e-02
   -2.9397273732609086e-02
    2.6470548563396007e-02
    5.8906638548695711e-02
   -5.9232733946604998e-02
    5.7773055323628919e-02
   -5.7331618271543927e-02
   -7.4871243838379370e-02
    7.0472796121856751e-02
   -7.1248073984095966e-02
    7.9773824782617742e-02
    7.5878632518228850e-02
   -7.2905500245832366e-02
    7.4111765356439485e-02
   -7.8404241905860872e-02
   -5.8163080848892823e-02
    6.1266291306437931e-02
   -5.8972313435707802e-02
    5.5688600904560126e-02
    3.4894728930776192e-02
   -2.9827829238778802e-02
    2.7533922034765596e-02
   -2.5963335669470788e-02
    1.2286068753479429e-02
   -1.4361817195561705e-02
    1.2961689643987778e-02
   -1.9189963986530695e-02
   -6.1591453158119591e-02
    6.7506360370235940e-02
   -6.9082410866398158e-02
    6.1179314748517066e-02
    1.2772434964060517e-01
   -1.2966382755832831e-01
    1.2380069046850561e-01
   -1.2613961819375616e-01
   -1.8730993741363508e-01
    1.8360406695158316e-01
   -1.8296743107690150e-01
    1.8833495946684101e-01
    3.1191976834461477e-01
   -3.1108300516377085e-01
    3.1182122209574409e-01
   -3.1051798741779646e-01
