   -3.1423146617784981e-01
    3.1493508867769898e-01
   -3.1458328084519810e-01
    3.1542261704301855e-01
    1.9178697642834147e-01
   -1.9450023041348036e-01
    1.9265692838134782e-01
   -1.9235158898897778e-01
   -1.3024928471714353e-01
    1.3212718436947804e-01
   -1.3257687512295446e-01
    1.3507665201621549e-01
    6.7958260153782479e-02
   -7.4075945253616465e-02
    7.2146897253941383e-02
   -6.5417688819639136e-02
   -2.1281363574459644e-02
    2.1368992446990476e-02
   -1.2289571401090466e-02
    1.2985299035803727e-02
   -2.8825198711016742e-02
    2.7816425064862843e-02
   -2.7607654750055027e-02
    2.8801840976461185e-02
    6.0514657016667778e-02
   -6.2260681923038741e-02
    5.8105485067284302e-02
   -5.7963621383043035e-02
   -8.2269156199648058e-02
    7.9888987465256828e-02
   -7.9397932574249180e-02
    8.1658087336496349e-02
    7.6646461390082993e-02
   -7.8778447656432882e-02
    8.2195233399920603e-02
   -7.9934352427092348e-02
   -6.1122249637500486e-02
    6.0178583345890352e-02
   -5.8958215438523948e-02
    5.7790350985884587e-02
    3.0323275021723495e-02
   -3.1749240507166182e-02
    3.5155680566622854e-02
   -2.9981667444564458e-02
    1.5393602954072882e-02
   -2.1481627524850000e-02
    1.6026565120661002e-02
   -1.6607441423927893e-02
   -6.8856009883540403e-02
    6.9590665514298711e-02
   -7.0886730642011508e-02
    7.0697043568997114e-02
    1.2995153698357725e-01
   -1.3080933429202085e-01
    1.3233585971824552e-01
   -1.3040503260908182e-01
   -1.8921433300231980e-01
    1.9145394762266774e-01
   -1.9328607706187895e-01
    1.9200194492268022e-01
    3.1261258698928540e-01
   -3.1247423282521547e-01
    3.1397737485847899e-01
   -3.1515455846514906e-01
