   -3.1215532881105712e-01
    3.1498396932290118e-01
   -3.1206036101747237e-01
    3.1192267904564280e-01
    1.9195884610104025e-01
   -1.8876816790874146e-01
    1.8919707381011053e-01
   -1.9013678742080087e-01
   -1.3447665450163371e-01
    1.3374254319682038e-01
   -1.3010724390514625e-01
    1.3337960893947748e-01
    6.9515119532964298e-02
   -6.9831324716593840e-02
    7.2786658019604378e-02
   -6.8218480140023435e-02
   -1.6893522687410512e-02
    2.1806823895191813e-02
   -2.1466062433989186e-02
    1.4275044100822781e-02
   -2.9131740143794799e-02
    2.4629070800409242e-02
   -2.5745210487407466e-02
    2.7852645524104019e-02
    5.5576956967404417e-02
   -6.0905567706946051e-02
    6.0961442020762535e-02
   -5.8003486881949867e-02
   -7.7497808937075502e-02
    7.4954938769216495e-02
   -7.7377944894315986e-02
    8.0017043905820401e-02
    7.9576029076950161e-02
   -8.0607871351802168e-02
    7.9896118386529824e-02
   -8.0471151064819918e-02
   -5.7698771006117505e-02
    6.0766443892072725e-02
   -6.3958188119314752e-02
    6.1765010115160307e-02
    2.8010774083284146e-02
   -2.9676061567527584e-02
    3.0376743389541300e-02
   -2.6984738819241266e-02
    1.6616138233763345e-02
   -1.7796877038025766e-02
    1.1680267466898347e-02
   -1.4066051981800554e-02
   -6.6211331795380052e-02
    6.9237127173698787e-02
   -6.7937754607330925e-02
    6.8141083287322296e-02
    1.3041636283934313e-01
   -1.2644973957761577e-01
    1.2540013264525354e-01
   -1.3245037965017492e-01
   -1.8918240901311012e-01
    1.8506712010208692e-01
   -1.9120049265541114e-01
    1.9192080448636598e-01
    3.1195292797669200e-01
   -3.1464570542206077e-01
    3.1379259399099291e-01
   -3.1006292483415643e-01
