   2.1809324807454946E-003
   2.0296032734118865E-003
   2.1979038116813504E-003
   2.3833047062795402E-003
   2.5343580546463669E-003
   1.9553377306308125E-003
   1.6023888085969300E-003
   2.6434008794931963E-003
   3.2408763792500131E-003
   3.0705205539376555E-003
   3.3329235657149460E-003
   2.6428954270572213E-003
   2.2433826344642814E-003
   2.7445323508379928E-003
   3.0152044283591499E-003
   1.6899864961625807E-003
   0.0000000000000000     
   0.0000000000000000     
   0.0000000000000000     
   0.0000000000000000     
   0.0000000000000000     
   0.0000000000000000     
   0.0000000000000000     
   0.0000000000000000     
   0.0000000000000000     
   0.0000000000000000     
   0.0000000000000000     
   0.0000000000000000     
   0.0000000000000000     
   0.0000000000000000     
   0.0000000000000000     
   0.0000000000000000     
   1.8566480595697738E-003
   1.6098235763566300E-003
   2.5525464032455977E-003
   2.4718743613886818E-003
   2.6926716816162979E-003
   2.3732059853236124E-003
   1.9678256842075772E-003
   2.2565857886039983E-003
   3.1977881467695106E-003
   1.9039317454636446E-003
   2.3078482925848530E-003
   2.5818427556224505E-003
   1.3949999957021948E-003
   1.6304046691097151E-003
   2.5158037629990377E-003
   2.4723745049739163E-003
   0.0000000000000000     
   0.0000000000000000     
   0.0000000000000000     
   0.0000000000000000     
   0.0000000000000000     
   0.0000000000000000     
   0.0000000000000000     
   0.0000000000000000     
   0.0000000000000000     
   0.0000000000000000     
   0.0000000000000000     
   0.0000000000000000     
   0.0000000000000000     
   0.0000000000000000     
   0.0000000000000000     
   0.0000000000000000     
   2.2215368535598973E-003
   1.7261539981514335E-003
   2.2636758852367252E-003
   2.2526854701113066E-003
   7.7566191718143503E-003
   2.2250425614151349E-003
   2.1177545701062186E-003
   2.9856826005826183E-003
   2.5152742482295030E-003
   1.5748807712600017E-003
   4.5595794394327439E-003
   1.9626800958452437E-003
   1.8519431957843191E-003
   2.0210973007992630E-003
   2.2461181872204016E-003
   2.4261919655376076E-003
   0.0000000000000000     
   0.0000000000000000     
   0.0000000000000000     
   0.0000000000000000     
   0.0000000000000000     
   0.0000000000000000     
   0.0000000000000000     
   0.0000000000000000     
   0.0000000000000000     
   0.0000000000000000     
   0.0000000000000000     
   0.0000000000000000     
   0.0000000000000000     
   0.0000000000000000     
   0.0000000000000000     
   0.0000000000000000     
   1.7895134838126785E-003
   2.4302385260757042E-003
   1.7080324015226710E-003
   2.0602484184608204E-003
   2.8225420733375109E-003
   2.6133262487111216E-003
   2.5659960011194249E-003
   2.5048899792878871E-003
   2.1464518459274320E-003
   2.0504617648357372E-003
   2.8037462894827539E-003
   2.8642034131008283E-003
   3.2622051151558213E-003
   2.0387138521029396E-003
   2.1643046652415577E-003
   1.7549200973542441E-003
   0.0000000000000000     
   0.0000000000000000     
   0.0000000000000000     
   0.0000000000000000     
   0.0000000000000000     
   0.0000000000000000     
   0.0000000000000000     
   0.0000000000000000     
   0.0000000000000000     
   0.0000000000000000     
   0.0000000000000000     
   0.0000000000000000     
   0.0000000000000000     
   0.0000000000000000     
   0.0000000000000000     
   0.0000000000000000     
   2.7329888859692290E-003
   2.1531920370004938E-003
   2.6230927535593127E-003
   2.0845537421173527E-003
   2.1095401936763172E-003
   2.4254576624701514E-003
   2.0848387172414475E-003
   2.1903591434608502E-003
   2.2128004174766930E-003
   2.5438632339081272E-003
   2.5487665407400058E-003
   2.8573627889838895E-003
   3.2297161983195501E-003
   2.3813889302968794E-003
   3.0966003265237270E-003
   2.4530570982616066E-003
   0.0000000000000000     
   0.0000000000000000     
   0.0000000000000000     
   0.0000000000000000     
   0.0000000000000000     
   0.0000000000000000     
   0.0000000000000000     
   0.0000000000000000     
   0.0000000000000000     
   0.0000000000000000     
   0.0000000000000000     
   0.0000000000000000     
   0.0000000000000000     
   0.0000000000000000     
   0.0000000000000000     
   0.0000000000000000     
   3.2275526832717598E-003
   2.1588157553463676E-003
   2.6670191962121178E-003
   1.8469294194802569E-003
   2.2693494424259652E-003
   1.7466367718658512E-003
   2.9299912173285231E-003
   2.2676027480663411E-003
   1.3925448561841426E-003
   2.0850289658180640E-003
   2.5495707629091323E-003
   2.6366482524298870E-003
   3.0750982257301742E-003
   2.4017025756355951E-003
   2.5528049477413386E-003
   2.5517449289120357E-003
   0.0000000000000000     
   0.0000000000000000     
   0.0000000000000000     
   0.0000000000000000     
   0.0000000000000000     
   0.0000000000000000     
   0.0000000000000000     
   0.0000000000000000     
   0.0000000000000000     
   0.0000000000000000     
   0.0000000000000000     
   0.0000000000000000     
   0.0000000000000000     
   0.0000000000000000     
   0.0000000000000000     
   0.0000000000000000     
   2.4040741063112436E-003
   2.3265420062388272E-003
   3.4655515502489756E-003
   2.4325761144218918E-003
   2.3703990542375177E-003
   3.6661454394811954E-003
   1.8989139090024665E-003
   2.4645952127836943E-003
   2.0109637881006934E-003
   2.7487631544223577E-003
   2.6853948888213774E-003
   2.6490331184755730E-003
   3.4450010107032717E-003
   3.4106732269622380E-003
   3.1947738453689334E-003
   3.3042218182164499E-003
   0.0000000000000000     
   0.0000000000000000     
   0.0000000000000000     
   0.0000000000000000     
   0.0000000000000000     
   0.0000000000000000     
   0.0000000000000000     
   0.0000000000000000     
   0.0000000000000000     
   0.0000000000000000     
   0.0000000000000000     
   0.0000000000000000     
   0.0000000000000000     
   0.0000000000000000     
   0.0000000000000000     
   0.0000000000000000     
   2.2878473808496799E-003
   1.8806721541966163E-003
   4.3549150090404377E-003
   2.5818308469173746E-003
   5.7585619041487417E-003
   2.4757150598499569E-003
   2.8386093426470489E-003
   2.3764359228078819E-003
   3.1650148545664843E-003
   4.1488708786873336E-003
   1.7540182513324024E-002
   2.8020458541699734E-003
   2.3422045121446349E-003
   3.0831168144788298E-003
   2.0434721418272654E-003
   2.4815865406646364E-003
   0.0000000000000000     
   0.0000000000000000     
   0.0000000000000000     
   0.0000000000000000     
   0.0000000000000000     
   0.0000000000000000     
   0.0000000000000000     
   0.0000000000000000     
   0.0000000000000000     
   0.0000000000000000     
   0.0000000000000000     
   0.0000000000000000     
   0.0000000000000000     
   0.0000000000000000     
   0.0000000000000000     
   0.0000000000000000     
   3.2149215336284977E-003
   2.1139692348315984E-003
   2.7108522541179139E-003
   1.9996959460908490E-003
   2.0287811056865176E-003
   2.0601370993243236E-003
   1.5727158884488988E-003
   2.0273770244327834E-003
   2.2682186546983066E-003
   2.1783589680152539E-003
   2.2486224112139869E-003
   2.1772626640265678E-003
   2.6401735786309110E-003
   2.3168629267339320E-003
   1.7964138856436894E-003
   2.4646114990917755E-003
   0.0000000000000000     
   0.0000000000000000     
   0.0000000000000000     
   0.0000000000000000     
   0.0000000000000000     
   0.0000000000000000     
   0.0000000000000000     
   0.0000000000000000     
   0.0000000000000000     
   0.0000000000000000     
   0.0000000000000000     
   0.0000000000000000     
   0.0000000000000000     
   0.0000000000000000     
   0.0000000000000000     
   0.0000000000000000     
   2.1607558585853130E-003
   3.2320783550433586E-003
   2.2697995998301581E-003
   3.1736700289891951E-003
   2.3761056053838688E-003
   2.0224419161325338E-003
   3.3671651015292022E-003
   2.3300722748730400E-003
   2.8248426438835387E-003
   1.2581103151298768E-003
   2.1412530600350027E-003
   2.2878928661299622E-003
   5.1573064868122498E-003
   2.5727463531827004E-003
   1.9633470044826355E-003
   3.2494054949730746E-003
   0.0000000000000000     
   0.0000000000000000     
   0.0000000000000000     
   0.0000000000000000     
   0.0000000000000000     
   0.0000000000000000     
   0.0000000000000000     
   0.0000000000000000     
   0.0000000000000000     
   0.0000000000000000     
   0.0000000000000000     
   0.0000000000000000     
   0.0000000000000000     
   0.0000000000000000     
   0.0000000000000000     
   0.0000000000000000     
   3.2986987482237083E-003
   2.5839485630379340E-003
   2.5548940994633766E-003
   3.4384749597832880E-003
   1.6321862226817460E-003
   1.6441938772697802E-003
   2.5902222534740530E-003
   3.2384184604909269E-003
   3.3261615119914989E-003
   2.3115007932283044E-003
   2.6420179614955507E-003
   1.9636732641067777E-003
   2.6330713876648189E-003
   2.2043146885353014E-003
   1.6485456633700424E-003
   2.0511284884514682E-003
   0.0000000000000000     
   0.0000000000000000     
   0.0000000000000000     
   0.0000000000000000     
   0.0000000000000000     
   0.0000000000000000     
   0.0000000000000000     
   0.0000000000000000     
   0.0000000000000000     
   0.0000000000000000     
   0.0000000000000000     
   0.0000000000000000     
   0.0000000000000000     
   0.0000000000000000     
   0.0000000000000000     
   0.0000000000000000     
   1.5744431173278571E-003
   2.5147534263350998E-003
   2.2410531707733553E-003
   1.6385170312452218E-003
   3.3605460122544863E-003
   2.5072430989228427E-003
   2.0025458450693401E-003
   2.3782152923788108E-003
   2.1944650562733831E-003
   1.6545037266148634E-003
   2.1227488225193420E-003
   1.2571341783648373E-003
   1.7756239601893682E-003
   2.5422601328893377E-003
   2.6095578050682623E-003
   2.8153785860319377E-003
   0.0000000000000000     
   0.0000000000000000     
   0.0000000000000000     
   0.0000000000000000     
   0.0000000000000000     
   0.0000000000000000     
   0.0000000000000000     
   0.0000000000000000     
   0.0000000000000000     
   0.0000000000000000     
   0.0000000000000000     
   0.0000000000000000     
   0.0000000000000000     
   0.0000000000000000     
   0.0000000000000000     
   0.0000000000000000     
   1.7155133489271653E-003
   2.4427629405079860E-003
   2.0137584595698618E-003
   2.3662343233764641E-003
   2.9682338520013378E-003
   2.9825921542765395E-003
   2.6831972247761404E-003
   2.6722145138241707E-003
   2.7778719879057983E-003
   2.9590445989761769E-003
   2.3599124368573433E-003
   2.3297383889433567E-003
   1.6812918634207586E-003
   2.5330231483004484E-003
   3.1114463783551076E-003
   2.6594589605782155E-003
   0.0000000000000000     
   0.0000000000000000     
   0.0000000000000000     
   0.0000000000000000     
   0.0000000000000000     
   0.0000000000000000     
   0.0000000000000000     
   0.0000000000000000     
   0.0000000000000000     
   0.0000000000000000     
   0.0000000000000000     
   0.0000000000000000     
   0.0000000000000000     
   0.0000000000000000     
   0.0000000000000000     
   0.0000000000000000     
   3.0608999982606575E-003
   3.0492911984970092E-003
   1.6365436896401200E-003
   2.2643127360685790E-003
   3.4339912660597653E-003
   2.9717731599162647E-003
   1.9658971758167872E-003
   3.6855398853536067E-003
   2.5015131740511267E-003
   2.7706685015576079E-003
   2.3985670109599459E-003
   2.4638740613244278E-003
   2.2325264995491324E-003
   1.8879514782209111E-003
   2.8101174199105161E-003
   3.7789908774646052E-003
   0.0000000000000000     
   0.0000000000000000     
   0.0000000000000000     
   0.0000000000000000     
   0.0000000000000000     
   0.0000000000000000     
   0.0000000000000000     
   0.0000000000000000     
   0.0000000000000000     
   0.0000000000000000     
   0.0000000000000000     
   0.0000000000000000     
   0.0000000000000000     
   0.0000000000000000     
   0.0000000000000000     
   0.0000000000000000     
   2.4226125676742824E-003
   1.7832161120055936E-003
   2.7193542773478827E-003
   2.7724817038691529E-003
   2.7445337132555089E-003
   2.3146804843067149E-003
   1.3570822945802128E-003
   2.1838299057168032E-003
   3.3970617842061365E-003
   2.6139276947892975E-003
   2.8299031046702741E-003
   2.0321281337566154E-003
   3.5787358561107669E-003
   3.4559035526428705E-003
   1.7395918052773784E-003
   2.0613867600450825E-003
   0.0000000000000000     
   0.0000000000000000     
   0.0000000000000000     
   0.0000000000000000     
   0.0000000000000000     
   0.0000000000000000     
   0.0000000000000000     
   0.0000000000000000     
   0.0000000000000000     
   0.0000000000000000     
   0.0000000000000000     
   0.0000000000000000     
   0.0000000000000000     
   0.0000000000000000     
   0.0000000000000000     
   0.0000000000000000     
   3.2798724928224795E-003
   1.4640810392910317E-003
   2.3738474039031515E-003
   2.7998738229175800E-003
   3.3005267255871939E-003
   4.7864107940644657E-003
   2.9259837329283951E-003
   2.1559829163770470E-003
   2.6221200319270499E-003
   2.3223235730931587E-003
   2.3877831137334563E-003
   2.1535821666243721E-003
   2.3004743998162212E-003
   2.8747315713145141E-003
   2.3082076074168725E-003
   1.6352452477345440E-003
   0.0000000000000000     
   0.0000000000000000     
   0.0000000000000000     
   0.0000000000000000     
   0.0000000000000000     
   0.0000000000000000     
   0.0000000000000000     
   0.0000000000000000     
   0.0000000000000000     
   0.0000000000000000     
   0.0000000000000000     
   0.0000000000000000     
   0.0000000000000000     
   0.0000000000000000     
   0.0000000000000000     
   0.0000000000000000     
   0.0000000000000000     
   0.0000000000000000     
   0.0000000000000000     
   0.0000000000000000     
   0.0000000000000000     
   0.0000000000000000     
   0.0000000000000000     
   0.0000000000000000     
   0.0000000000000000     
   0.0000000000000000     
   0.0000000000000000     
   0.0000000000000000     
   0.0000000000000000     
   0.0000000000000000     
   0.0000000000000000     
   0.0000000000000000     
   2.1030158790460384E-003
   1.8548299364541661E-003
   1.9377290238571791E-003
   1.8177203034055438E-003
   2.1775869087986071E-003
   2.5601756269010645E-003
   2.4262715491353295E-003
   1.6205664650744966E-003
   2.6587557265912139E-003
   3.2024612321433733E-003
   3.3481790834963697E-003
   2.2508152689611153E-003
   2.3607960525029717E-003
   2.3641159717053633E-003
   2.4267325484186521E-003
   2.6931534828753085E-003
   0.0000000000000000     
   0.0000000000000000     
   0.0000000000000000     
   0.0000000000000000     
   0.0000000000000000     
   0.0000000000000000     
   0.0000000000000000     
   0.0000000000000000     
   0.0000000000000000     
   0.0000000000000000     
   0.0000000000000000     
   0.0000000000000000     
   0.0000000000000000     
   0.0000000000000000     
   0.0000000000000000     
   0.0000000000000000     
   2.3691297600490356E-003
   1.8178203769703438E-003
   2.3464988394063602E-003
   1.8968064696386325E-003
   1.7029241192374415E-003
   2.2319813485975715E-003
   2.8615262435849587E-003
   3.3241618205402893E-003
   3.3131222755218136E-003
   2.7273851375719830E-003
   2.7979618372963012E-003
   3.1680375206078353E-003
   2.7655981860280903E-003
   2.2892631458232343E-003
   1.7941438208143997E-003
   2.3667039742766181E-003
   0.0000000000000000     
   0.0000000000000000     
   0.0000000000000000     
   0.0000000000000000     
   0.0000000000000000     
   0.0000000000000000     
   0.0000000000000000     
   0.0000000000000000     
   0.0000000000000000     
   0.0000000000000000     
   0.0000000000000000     
   0.0000000000000000     
   0.0000000000000000     
   0.0000000000000000     
   0.0000000000000000     
   0.0000000000000000     
   2.4377926006657188E-003
   2.6896834991515369E-003
   1.7868542305158231E-003
   2.3460121922754735E-003
   2.6640794590607848E-003
   1.7434252761471282E-003
   1.7562240474147950E-003
   2.5689867452316131E-003
   2.7323978578411515E-003
   1.6718730314416756E-003
   2.0110670507200363E-003
   1.7722032737103517E-003
   2.6771051199290428E-003
   1.7915504980433262E-003
   2.3594542892222117E-003
   1.7982021285745950E-003
   0.0000000000000000     
   0.0000000000000000     
   0.0000000000000000     
   0.0000000000000000     
   0.0000000000000000     
   0.0000000000000000     
   0.0000000000000000     
   0.0000000000000000     
   0.0000000000000000     
   0.0000000000000000     
   0.0000000000000000     
   0.0000000000000000     
   0.0000000000000000     
   0.0000000000000000     
   0.0000000000000000     
   0.0000000000000000     
   2.1531201060988525E-003
   2.4746653636952163E-003
   2.0130464310802523E-003
   1.7810573031322632E-003
   3.3036554838524190E-003
   3.0428295000358408E-003
   2.1099906605210059E-003
   2.4895297718092449E-003
   3.1075702519375186E-003
   3.3431349408790320E-003
   1.8595681559470047E-003
   4.3150997549428567E-003
   2.5951401076693380E-003
   1.8531052340155097E-003
   2.7580129719027560E-003
   2.1647841556732797E-003
   0.0000000000000000     
   0.0000000000000000     
   0.0000000000000000     
   0.0000000000000000     
   0.0000000000000000     
   0.0000000000000000     
   0.0000000000000000     
   0.0000000000000000     
   0.0000000000000000     
   0.0000000000000000     
   0.0000000000000000     
   0.0000000000000000     
   0.0000000000000000     
   0.0000000000000000     
   0.0000000000000000     
   0.0000000000000000     
   2.0488681363778571E-003
   2.0580287714383242E-003
   2.6311269905082472E-003
   2.3133389368812070E-003
   1.7372382900172796E-003
   2.2237893339604399E-003
   2.4035026105900244E-003
   2.5309287990290517E-003
   2.2518079145771694E-003
   3.1505084684292483E-003
   1.7081749659993027E-003
   3.0221520352261516E-003
   2.7768016978213122E-003
   2.6613007290514994E-003
   3.4804781440153634E-003
   2.7126363876850915E-003
   0.0000000000000000     
   0.0000000000000000     
   0.0000000000000000     
   0.0000000000000000     
   0.0000000000000000     
   0.0000000000000000     
   0.0000000000000000     
   0.0000000000000000     
   0.0000000000000000     
   0.0000000000000000     
   0.0000000000000000     
   0.0000000000000000     
   0.0000000000000000     
   0.0000000000000000     
   0.0000000000000000     
   0.0000000000000000     
   1.9719978899638106E-003
   2.4069423170168733E-003
   1.8349447240884958E-003
   2.9338173993288062E-003
   2.2312570959554753E-003
   1.6419978290796342E-003
   2.5004061929317020E-003
   2.6139595202206334E-003
   3.4014449938802888E-003
   2.7903014726475719E-003
   2.4534334659092431E-003
   2.6516710742268091E-003
   2.8439003012593182E-003
   2.6251508556671727E-003
   2.0729255565546203E-003
   3.3785152309480215E-003
   0.0000000000000000     
   0.0000000000000000     
   0.0000000000000000     
   0.0000000000000000     
   0.0000000000000000     
   0.0000000000000000     
   0.0000000000000000     
   0.0000000000000000     
   0.0000000000000000     
   0.0000000000000000     
   0.0000000000000000     
   0.0000000000000000     
   0.0000000000000000     
   0.0000000000000000     
   0.0000000000000000     
   0.0000000000000000     
   2.5203240165133116E-003
   3.2086928116308640E-003
   2.2315717597951590E-003
   2.4558701195351589E-003
   2.5980994329906104E-003
   2.2408744448373760E-003
   1.8210048075277757E-003
   2.2318489098805384E-003
   2.6367460105517103E-003
   2.1342699785079451E-003
   1.8480260192119981E-003
   2.0710591199609874E-003
   2.4899887716073313E-003
   3.1503095180158737E-003
   1.6796705886303173E-003
   2.2821660076132858E-003
   0.0000000000000000     
   0.0000000000000000     
   0.0000000000000000     
   0.0000000000000000     
   0.0000000000000000     
   0.0000000000000000     
   0.0000000000000000     
   0.0000000000000000     
   0.0000000000000000     
   0.0000000000000000     
   0.0000000000000000     
   0.0000000000000000     
   0.0000000000000000     
   0.0000000000000000     
   0.0000000000000000     
   0.0000000000000000     
   1.9911476602693431E-003
   2.7450544153551711E-003
   3.3356189629718128E-003
   2.7553136093149203E-003
   2.1788238670715533E-003
   1.7259259709749642E-003
   2.8536607730230935E-003
   2.2164868017848869E-003
   2.9926678643196368E-003
   2.9610118208207021E-003
   2.8048283438533530E-003
   2.6744831018419182E-003
   2.1500189176338279E-003
   2.3803962145752381E-003
   2.3335126307284636E-003
   1.9053097623679992E-003
   0.0000000000000000     
   0.0000000000000000     
   0.0000000000000000     
   0.0000000000000000     
   0.0000000000000000     
   0.0000000000000000     
   0.0000000000000000     
   0.0000000000000000     
   0.0000000000000000     
   0.0000000000000000     
   0.0000000000000000     
   0.0000000000000000     
   0.0000000000000000     
   0.0000000000000000     
   0.0000000000000000     
   0.0000000000000000     
   3.9950385621774784E-003
   4.6077688011600974E-003
   2.7060226604294583E-003
   2.4008293100142341E-003
   3.6061165158542807E-003
   2.5921753482860562E-003
   2.2129211285334010E-003
   1.8142887774161758E-003
   2.3995369286126428E-003
   1.8663742723142697E-003
   2.0314123957509622E-003
   2.1238940744005429E-003
   2.6274033437656374E-003
   2.1774138987079163E-003
   1.6534651328409327E-003
   3.0123085435624576E-003
   0.0000000000000000     
   0.0000000000000000     
   0.0000000000000000     
   0.0000000000000000     
   0.0000000000000000     
   0.0000000000000000     
   0.0000000000000000     
   0.0000000000000000     
   0.0000000000000000     
   0.0000000000000000     
   0.0000000000000000     
   0.0000000000000000     
   0.0000000000000000     
   0.0000000000000000     
   0.0000000000000000     
   0.0000000000000000     
   7.8389289221323256E-003
   2.2903892975027450E-003
   4.8618297072152775E-003
   2.3317204809301692E-003
   2.8899774690727929E-003
   2.4256227867509189E-003
   2.4794801760819303E-003
   1.9535714003614114E-003
   2.2244483388349388E-003
   1.2709575796015552E-003
   2.5543585840480821E-003
   3.0049249133423440E-003
   2.1821673420978752E-003
   2.0595471422323840E-003
   2.0737510064145512E-003
   2.6306747360546087E-003
   0.0000000000000000     
   0.0000000000000000     
   0.0000000000000000     
   0.0000000000000000     
   0.0000000000000000     
   0.0000000000000000     
   0.0000000000000000     
   0.0000000000000000     
   0.0000000000000000     
   0.0000000000000000     
   0.0000000000000000     
   0.0000000000000000     
   0.0000000000000000     
   0.0000000000000000     
   0.0000000000000000     
   0.0000000000000000     
   3.0443619228097897E-003
   1.7789960952290414E-003
   2.1796753352521974E-003
   2.1142499139302365E-003
   2.1715951005156970E-003
   2.2805355790313552E-003
   2.5649467608770816E-003
   2.8426220612660920E-003
   2.3180493366732158E-003
   2.0182811043688931E-003
   1.9839702269363033E-003
   2.1229871359816875E-003
   2.3408213171158660E-003
   1.0853181805508903E-003
   1.8871037037150626E-003
   2.0919423240630176E-003
   0.0000000000000000     
   0.0000000000000000     
   0.0000000000000000     
   0.0000000000000000     
   0.0000000000000000     
   0.0000000000000000     
   0.0000000000000000     
   0.0000000000000000     
   0.0000000000000000     
   0.0000000000000000     
   0.0000000000000000     
   0.0000000000000000     
   0.0000000000000000     
   0.0000000000000000     
   0.0000000000000000     
   0.0000000000000000     
   3.7106274279560614E-003
   2.1803078447958104E-003
   2.4201823454817225E-003
   2.3870791690430711E-003
   4.7476185450395598E-003
   2.0281559429093910E-003
   2.5691859423221056E-003
   2.4773558765500722E-003
   2.8149073661592828E-003
   3.0603106490556522E-003
   2.2036989399870639E-003
   1.8395352254969234E-003
   2.1104011738660835E-003
   1.9220412416153373E-003
   2.3815210053733022E-003
   2.1103423941433936E-003
   0.0000000000000000     
   0.0000000000000000     
   0.0000000000000000     
   0.0000000000000000     
   0.0000000000000000     
   0.0000000000000000     
   0.0000000000000000     
   0.0000000000000000     
   0.0000000000000000     
   0.0000000000000000     
   0.0000000000000000     
   0.0000000000000000     
   0.0000000000000000     
   0.0000000000000000     
   0.0000000000000000     
   0.0000000000000000     
   2.1097284868926802E-003
   2.8744356322763791E-003
   2.1014393706408020E-003
   2.4655399984025222E-003
   6.7603226008831254E-003
   2.3824368647066235E-003
   2.6363400470294117E-003
   2.6635990201439069E-003
   3.2587617611614006E-003
   2.1094425676800397E-003
   2.8680755178388307E-003
   2.1535842684725698E-003
   1.9942985628899853E-003
   2.1219636291592366E-003
   1.9365414581709558E-003
   1.9510374981582422E-003
   0.0000000000000000     
   0.0000000000000000     
   0.0000000000000000     
   0.0000000000000000     
   0.0000000000000000     
   0.0000000000000000     
   0.0000000000000000     
   0.0000000000000000     
   0.0000000000000000     
   0.0000000000000000     
   0.0000000000000000     
   0.0000000000000000     
   0.0000000000000000     
   0.0000000000000000     
   0.0000000000000000     
   0.0000000000000000     
   1.7514191250747871E-003
   2.2611243273664549E-003
   3.2741767088902089E-003
   2.7515769214686843E-003
   4.0777630884447826E-003
   2.0599143792339545E-003
   1.8648145309514306E-003
   3.2847542199285380E-003
   1.5282798286358726E-003
   2.4592727876891029E-003
   1.9986181850643772E-003
   2.4121569653044769E-003
   2.4569617319493428E-003
   1.7897784820970544E-003
   1.8856226687880505E-003
   1.8764885216166452E-003
   0.0000000000000000     
   0.0000000000000000     
   0.0000000000000000     
   0.0000000000000000     
   0.0000000000000000     
   0.0000000000000000     
   0.0000000000000000     
   0.0000000000000000     
   0.0000000000000000     
   0.0000000000000000     
   0.0000000000000000     
   0.0000000000000000     
   0.0000000000000000     
   0.0000000000000000     
   0.0000000000000000     
   0.0000000000000000     
   2.4624569350684619E-003
   2.0685905901741478E-003
   1.6791115299353144E-003
   2.3690675446400664E-003
   2.1836555262052587E-003
   1.6644775257704208E-003
   2.1744379667302523E-003
   2.4626686427675830E-003
   3.1659701647853713E-003
   2.5474188658821100E-003
   2.0303169336619107E-003
   3.0094654302188200E-003
   2.1932938340614638E-003
   1.9630302560521918E-003
   1.9645535472754289E-003
   1.7730088550601819E-003
   0.0000000000000000     
   0.0000000000000000     
   0.0000000000000000     
   0.0000000000000000     
   0.0000000000000000     
   0.0000000000000000     
   0.0000000000000000     
   0.0000000000000000     
   0.0000000000000000     
   0.0000000000000000     
   0.0000000000000000     
   0.0000000000000000     
   0.0000000000000000     
   0.0000000000000000     
   0.0000000000000000     
   0.0000000000000000     
   1.3745472710198240E-003
   2.7528306848499705E-003
   2.3303145014393618E-003
   2.6309528706122062E-003
   2.6484207526804907E-003
   2.4728828205112440E-003
   2.3882937948542203E-003
   1.8619824068724555E-003
   2.1658096150550749E-003
   1.9644806795809070E-003
   2.0231027372351229E-003
   2.3112349703646754E-003
   2.2131858502815412E-003
   3.1846380929380158E-003
   2.0486953390868412E-003
   1.6875090619128566E-003
