2
32 32 
    3.7656706354862052e-01    3.1798949456314572e-06
    1.4310667408171560e-01    2.1588726045136835e-06
    1.6187166270608060e-02    1.2108856981915280e-06
    1.5133035498032985e-01   -7.8745137001368220e-06
    1.2636092259259163e-01    8.2589080497027126e-06
    3.2906016413662441e-02    1.9217428748690046e-06
   -2.5674273633047702e-02   -7.3005975846560149e-06
    3.7286765628463711e-02    6.0145148843695674e-07
    3.4886185915167719e-02    1.6410298308738327e-06
   -2.6757492007480344e-02   -1.3268741178684198e-07
   -7.2848099412494108e-02   -2.5154184177242664e-06
   -1.6373445401096465e-02   -4.6047570876154276e-08
    1.3498456464788569e-01    1.1676619561110353e-06
    2.8965455613294042e-02   -6.6398824262073716e-06
   -3.8555143413123917e-02    8.4036658494870912e-06
    3.8764711716061787e-02    6.8797064231454377e-06
   -1.0625440537471283e-02    2.1445562441331399e-05
   -7.8018726704692622e-03    4.1344174194356071e-07
   -4.7161644001077240e-03   -9.7312403241246250e-09
   -1.0823667209126601e-03    8.3758617317168134e-06
   -1.1035272665609896e-02    7.8203402919991686e-06
   -3.8503644316766833e-03   -9.4338096507231995e-06
   -3.6420326105252021e-04   -1.6071536346097302e-05
    3.3766944922527638e-02   -3.3042881217025264e-06
   -1.0395412301943524e-02   -2.9558854400170004e-06
    1.0975453800162042e-02   -2.2703628236711997e-06
   -4.0422316929688860e-02    1.0993205511350628e-05
   -1.4155730146420109e-02   -3.9858741178640298e-06
   -3.4018035564436756e-02    5.9907862296909758e-06
    4.2694742904778689e-03   -6.0419901626876082e-06
    1.6450328717272557e-02    9.1092701652548981e-07
    2.8047568554117226e-02    1.0535817987764230e-06
    1.3756679257042731e-01   -1.0827001560093920e-05
    4.1044888315528599e-01   -6.3883150848874106e-06
    1.5043745065167682e-01    1.0178842269124136e-05
    2.6125852097546476e-02   -6.9841303037683030e-06
    8.4944935368488524e-03    2.7151683853943839e-06
    1.5923172568543281e-01    1.6752205905479490e-05
    4.2576411204518688e-02    5.7011400664020643e-06
   -3.2957633844721133e-02    3.3765076222167156e-06
   -3.9953443657317497e-02   -5.7120596099685189e-06
    4.5100097073858411e-02   -1.2933411933371140e-06
   -5.0398222813568865e-02   -5.1744743743406297e-05
   -1.1621483485252895e-01   -8.6748212447545843e-06
    2.0147884854607390e-02   -1.9031628990619519e-05
    1.4151717194275304e-01    4.1963567991641040e-06
    6.3554844876019631e-02    1.8216509798642646e-04
   -2.8487261342095751e-02    1.1531841604779553e-05
   -2.2522824163855072e-02   -4.0509585246143053e-05
   -3.8354466519261894e-02   -5.1739330534706217e-06
    8.9331792746035841e-03   -4.8588192120191999e-07
   -6.4698720615884745e-03    4.2909793981554290e-05
   -9.5911462243596709e-04   -2.0321285922694813e-05
    5.4431227173428222e-03   -4.7501696948027148e-07
   -1.9191428219293434e-02    1.7456806191194498e-05
    1.3268528802078511e-02    4.4775904118382338e-05
    3.9008640228807602e-03    1.0506966261021622e-05
    3.3541704931914851e-03    3.2868435599363584e-05
    7.6446083033109100e-03    4.0067162727914463e-06
    1.6419484950634444e-02   -1.8061304755453866e-05
    4.0648817903875527e-02    8.0612476786731048e-05
   -1.1495433631255090e-04   -9.4218680373934314e-05
    3.5360754534914485e-03   -1.5839183578400523e-05
    5.1061975157635463e-02    2.1476770531603359e-04
    6.2855793588787482e-03   -2.4902846416889396e-07
    1.2476077044663557e-01    1.9057761897301724e-06
    4.7074793292010669e-01    6.4744904163791407e-08
    1.4140136841196638e-01    4.4391029756826127e-06
   -3.4223470302904554e-02   -2.8701485662779869e-06
   -8.9874945039165512e-03    3.5767353626692489e-06
    1.4644422095559734e-01   -2.1645351134744173e-07
   -1.2161307909251705e-02   -3.8858458267896732e-08
   -5.9799000709350840e-03   -1.8267918758755349e-06
   -2.4996744742398293e-02   -4.3883609554651836e-07
    6.9762576103148760e-02   -3.5081536328077468e-06
   -4.7468676296577202e-02   -2.8974563191145805e-06
   -2.2510157324680563e-02    5.6917840140626280e-06
   -1.1117508572249879e-02    3.4919531268643372e-06
    1.1768974154574675e-01    9.8261773659705693e-06
   -7.6966336360544734e-03   -7.6486582945167842e-07
    1.0799211425173889e-02   -1.8720607459639065e-07
    1.1288274739109459e-02   -3.9309830595444023e-06
    1.1533810520719151e-01   -7.8052476314699980e-05
   -7.6208621518438126e-03   -3.2326846001355432e-05
   -7.8057713099611405e-03   -5.4484103991262116e-06
   -2.4729185626846454e-02   -1.6631401796135206e-05
    1.3570747465376375e-03    4.3887567637836895e-06
   -1.9162974572952088e-02    1.2315242149255888e-05
    8.9716796772775064e-03    6.0943372748574148e-06
    2.9928302773398179e-03    3.0073326369991025e-05
    5.5595588322731792e-03    3.6719876023377305e-05
    3.3971347679901218e-02    1.9155724778928099e-06
    1.2740540857956220e-02    1.9044335458844259e-05
   -1.8464854083038947e-02   -1.9145893133099132e-05
   -1.4439447268083799e-02   -5.5586022872008750e-05
   -9.8263518763990719e-03    5.3211461244008613e-05
    1.3030150255234565e-01    1.5513103616260394e-06
    1.6678543458620538e-02   -2.0988675286730628e-06
    1.3992995694846994e-01    3.7754769221951270e-07
    4.6108753018043402e-01   -2.6041022704304691e-06
   -8.7870549198458721e-03    1.3802376214778790e-06
   -2.8199074760393752e-02   -3.0852126025670697e-07
   -7.3112999368341999e-03   -5.8095991861029338e-07
    1.3332943483262841e-01   -4.8384117124378242e-07
   -3.0108701485858556e-02   -1.6387876253685889e-06
   -1.3882370399713906e-02   -1.8698366749091492e-06
   -2.7130196029034295e-02   -7.4226970033563310e-06
    6.0316814536509153e-02   -8.2235137846832682e-07
   -5.6666590215578693e-03   -1.2496578040055528e-06
   -2.0789226444341426e-02   -3.7869174168120469e-06
   -9.5193389405321353e-03    2.0603973791545876e-05
    1.2992939302780690e-01    2.6334636629302954e-06
   -1.0032333235068556e-02   -1.3835224144043947e-06
    3.6622576527765580e-03    7.3399709111935869e-06
   -7.5012400015559925e-03    7.3056517992174693e-05
   -1.1240196347526094e-01    9.8039783855622481e-06
    9.9631075207447257e-03   -1.7157397918241951e-05
   -5.8199750309772674e-03    8.4100114077299979e-06
    2.6031786168806244e-02    4.3219576841944518e-07
   -4.2489552306277109e-03   -1.3153829259899543e-05
   -2.7835747503733421e-03   -8.5688716034938844e-06
   -5.5571599940915997e-03   -2.6164253811202892e-05
   -1.9298592637247700e-04   -1.7521832630261979e-05
    2.5059230384547316e-02    3.7206084263765232e-05
    2.0696329448074310e-02   -1.4642285661461726e-05
    2.5860332372368683e-03    2.3898191416746845e-06
   -1.7955039338930813e-02    3.3764266395056734e-05
    9.8305552661928919e-03   -1.8808070262940482e-05
    1.3959414514776686e-01    3.9881971164032846e-06
    2.3003780427468794e-02    1.8162995599715003e-06
   -3.0685903000022843e-02   -2.2121873499021193e-07
   -8.3318407503600554e-03   -9.5165431022225352e-06
    4.5350336372946626e-01    4.8558917661143193e-06
    1.4236205381732200e-01    6.1054560179407057e-07
   -1.6632720715877600e-03    1.2486670230600237e-05
    1.2755077017907127e-01   -2.9961159748811019e-07
    1.2133215576179784e-01   -2.1687397431186964e-06
    4.2045957032288460e-03   -2.0041429668480424e-06
   -1.9562942872465731e-02   -8.8495994296600660e-06
    5.4033205298243861e-02   -5.6174055289941104e-06
   -3.2047823317012926e-02    1.2795646086883603e-06
   -3.1152207894773201e-02    6.7409196302806783e-06
    4.1803261499843763e-03    1.4360865696041096e-05
   -5.0152975967667886e-02   -4.1450934950690386e-05
   -8.6453921096070717e-03    1.5474410904715755e-09
   -4.5140205793092669e-03   -2.2159042419881551e-05
    4.3594627864980235e-03   -6.1113334753817948e-06
    1.0236324377498315e-02   -8.0459067532211346e-06
   -1.3767627391632828e-01    8.0795595101568611e-05
   -8.3997383690524677e-03    5.9223131750775138e-07
    2.7226596628796999e-02    3.9826055240573576e-06
    2.0250422177353132e-03    7.1144400161411482e-06
   -3.4548144724072046e-03   -1.7687061108939476e-07
    1.8342810083370333e-02    1.9511356055935593e-05
    1.3364747008529208e-02    1.1718163539471050e-05
    3.9433234732622890e-02    2.3441496835227908e-05
    2.4198230477212993e-03    1.0615100255205255e-05
    6.0521701283311590e-03   -1.3026307652230111e-05
   -4.6308083212183576e-02   -1.5062618546627052e-05
   -4.6460072288175723e-03    3.6081731513505303e-05
    2.1362938652581091e-02    3.0577291706202446e-06
    1.4464286027812240e-01   -4.1571371823411418e-07
   -2.2375729946497332e-02   -2.2232954397040636e-06
   -3.8037225368312118e-02    4.9679863958840004e-06
    1.3416693400458707e-01   -7.2306868708972087e-06
    4.5700746054047570e-01   -5.8195461742229458e-06
    1.3274693359695014e-01    1.8855572753124733e-06
    2.0635145727078062e-02   -5.5091822872004179e-07
    2.1335483009702182e-03   -1.3693903565081814e-06
    1.2546381171386548e-01    1.0485557522720562e-06
    4.1005068169957998e-02    2.0690013027803730e-05
   -3.2957919754814852e-02    1.0196640575387726e-06
   -1.9919978616709758e-02   -9.9237744356531809e-07
   -2.6368184687197632e-02   -1.3785758785173414e-06
   -2.9390314059614446e-02   -9.6506257518359881e-05
   -1.0191585375562697e-02    1.3192124507273806e-05
   -9.3957116095837751e-03    1.1854814764822168e-05
    4.9271816717291958e-03    2.5044270522527330e-06
   -3.7733332058253868e-02    7.4207322735227401e-06
   -1.8471567210801680e-03   -2.4402742870279378e-05
    3.5985326118062891e-02   -1.4157297229046848e-05
    8.4944500689177263e-02    1.3286805801265907e-05
   -2.8926723853251221e-02    2.2285780879369038e-05
    1.4862251501574034e-02   -8.5563017674081105e-05
    1.4441468145529874e-02   -5.1384358795844341e-06
   -2.0591716102870217e-03   -3.3742672325102759e-05
    1.5262288552764852e-02   -1.0483979860406297e-05
    5.5403201673230483e-03    5.3474368457875022e-06
   -8.5296643276151784e-04   -2.3846762241783504e-05
   -4.6614913898495113e-02    3.8706821526616170e-05
    3.6810261813513344e-02   -4.5896354223267908e-05
   -3.0914406938722795e-03   -1.1349504714640139e-04
   -3.0353434198400798e-02   -6.4228739278544165e-06
    3.1833048343461824e-02    3.8838974489694915e-07
    1.1989365136552431e-01    8.6417902438707453e-07
   -6.6538003256981842e-03    1.6978889436961532e-06
   -9.7081034639415458e-03   -2.2664823735950205e-06
    1.2834791549526881e-01   -7.2994117699707378e-07
    4.4856670450942504e-01   -1.2817399837639983e-06
    1.1116486251465094e-01    6.4996403276140405e-08
   -2.5547053866297478e-02    1.6300574450231490e-06
   -1.7217693542826647e-02    4.0067029221919688e-07
    1.3392592934036512e-01    3.3797961793273821e-06
    3.0909038021606203e-02    2.3017322105681684e-08
    7.2221878320210845e-03   -3.2286474197799924e-07
   -2.2716539557270918e-02   -6.4355792898283258e-07
   -2.3037753306867099e-02   -1.1677655224963266e-05
   -1.4433405174304390e-02    2.4242640416724033e-06
    6.4455689067691585e-03    9.8258550601926112e-08
   -5.7708588843802412e-03    2.5420665054489581e-06
    3.7256728335660146e-03    1.4098625308130302e-05
    3.1961111437572545e-03   -5.5772353905181931e-06
    1.4777701542764065e-02    3.3669447920780214e-07
    2.9655858056233928e-03   -3.2922147940414721e-06
   -9.6275597983916272e-02    2.5591641992279063e-05
    3.0005894675190180e-03   -2.0291203620829117e-05
    1.9870318389068006e-03   -3.0404773569201450e-06
    2.1407316294808063e-02   -1.4136615936611163e-05
   -7.1446166840211040e-03   -5.3772736640567109e-06
    3.5440905711876650e-03    2.1696416387249476e-06
   -2.6029554643514242e-02   -4.7523011295005522e-07
   -4.5350399456696444e-03    1.3355107296505865e-05
    2.1236008671398562e-02   -5.0034084255788587e-06
   -1.0777858087397665e-02   -2.3182755280982006e-05
    5.0202160617539800e-02   -8.8805258481941269e-06
   -2.5075629466682427e-02   -3.4613923322910212e-06
    1.2439752363302854e-03   -1.3577440934368508e-06
    1.1547724448131137e-01    6.7925546724778002e-06
    1.4239242719239206e-01   -1.0110676567053778e-05
    7.5817883509018569e-03    2.8708937873752986e-06
    1.1543128509933255e-01   -2.5252577390404826e-06
    4.4356189083505465e-01   -3.6268623235650830e-06
   -1.1268883852998946e-02    7.9232518787685614e-07
   -3.2982131745987658e-02    9.3095807533812865e-06
    3.2967253168239190e-03    1.2632864874108566e-05
    1.4100431975215283e-01    5.6270142121168050e-06
   -2.7903219073244893e-02   -2.9543799329176578e-06
   -3.1185496113903784e-03   -4.2150251319599841e-07
   -3.2860569226605803e-02    8.2902886798805511e-06
   -1.1023912186508540e-02    4.2142065578784665e-06
    2.2326727992517770e-03   -1.1071385108957413e-05
   -4.7959646827382555e-03   -3.7649649388877888e-06
   -2.6497878799693194e-03   -3.3221849424358865e-06
    9.0204049629139752e-03    1.2634203251001746e-05
   -3.9155540131317603e-03    2.7915484852105943e-05
   -1.2704732210479705e-02   -8.0677679942056886e-07
    1.5984887679342488e-02    7.6916141674532224e-06
    7.7488329421181279e-02    1.8321572946460057e-05
   -5.2492671146852918e-03    5.7323617114841861e-06
   -7.6788694069336461e-03    5.2492635956921242e-06
   -9.3977220578252228e-03   -8.5476342893271719e-06
   -4.7880322117454542e-02   -3.4803877194834658e-05
    1.8764230609757480e-02    3.7090955489125617e-07
    6.6600497453234413e-03   -4.8433866813302966e-06
    2.0211031731391653e-02    1.2873913373820728e-05
   -2.0020803796202823e-02    9.7934365640974310e-06
    5.2363673063122451e-02    1.2892874448624480e-05
   -4.1277536475927627e-02    6.8470332613439522e-06
   -1.0709028334819667e-02   -3.8373916042697760e-07
   -7.5590493399892390e-03   -1.5019446019770923e-05
    1.1896484360605993e-01    1.9622883713630244e-05
    7.9591424037620733e-04   -1.1407470193663978e-05
   -5.2652841787325294e-02    1.3701247568037552e-07
   -3.8992653498317840e-02    1.1776278712182940e-05
    4.7332573712124421e-01    2.5155609268323145e-06
    1.2222277331922379e-01   -1.0105263949382437e-06
    3.7188308942641822e-02    2.6976196679514654e-06
    1.4137920209053748e-01   -6.8818099867047207e-06
    1.2744206177509587e-01    8.1355621859429137e-06
   -9.1884568677261854e-03    2.8861272911577067e-06
   -3.3382274862360777e-02   -8.3196832241127705e-05
   -1.4756983987166267e-02   -6.4379208655600510e-06
    1.2211015878937456e-02    8.8206085994702992e-06
    1.2078715432872889e-02    1.8445049638845555e-05
    4.0649797923087618e-03    1.2806256999137802e-05
   -1.3454323492246335e-02   -8.5945937955417194e-06
   -1.4839791860614505e-02    2.2214642654399116e-05
   -1.2310974612996571e-02    3.3532034745550374e-06
    6.8723444702430761e-03   -6.1187420858694095e-06
   -1.8017129568225460e-02   -2.1645329856351974e-05
    3.7730120571125195e-02   -6.5255002331293402e-06
   -1.5787211397892343e-02   -7.7525660996639680e-06
    1.0688515127616587e-02   -3.3035751902617141e-06
    5.6471687966096248e-03   -1.0052317790822083e-06
   -1.0038653925541244e-02   -3.6721985777152679e-05
    4.1899642020371303e-02    5.7879964092667474e-05
    8.4937000204646715e-03    1.3433521862469075e-06
   -2.6913523323976719e-02   -6.9154953946328705e-05
   -3.9423616383982639e-02    1.3696698830984338e-05
    3.5782544058375769e-02    1.5390584541850745e-05
   -3.7168171217145628e-02   -1.1798451718677610e-05
   -1.0983256977185310e-03    2.8753534267468598e-05
   -3.6354133942274659e-03   -4.9122858579144096e-06
    1.2144451406349344e-01   -4.4524551975250842e-05
   -2.3641877256772813e-02   -1.6573982115886303e-06
   -3.7008532987859062e-02    1.3208582135392518e-05
    1.3161768151910069e-01    1.2688289640442519e-05
    4.3856336830514475e-01    9.5879031345066992e-06
    1.4930857837638434e-01    1.2456663300356550e-04
    1.6238793779439622e-02    5.3095478974380593e-06
    1.2491563954454703e-02    2.6962371159343173e-05
    1.3172108807898367e-01   -1.2356066054398161e-05
   -5.8200619799028290e-02   -5.9873861953213666e-04
   -3.7069099749836805e-02   -3.1970855691646148e-05
    2.2560930542527974e-03    1.2270897243406873e-04
    4.3568497925442172e-02    1.0140812412689492e-04
    7.8239482508111427e-04    4.3535949938542475e-05
   -3.1032910123693705e-02   -1.6406150526934041e-04
    7.0349137646480934e-03   -9.1426940080714295e-06
    8.6589736484473136e-03    2.2546167591922325e-05
    1.6763872509750956e-02   -8.3022404865322446e-06
   -1.7599133800404076e-02   -2.5070007441495171e-04
    1.1585958150944059e-03   -4.6232020421593318e-05
   -1.3867413390143063e-01   -2.4604705134916152e-04
   -1.6097078208806414e-02   -2.4292646259652859e-05
   -1.5652238600470630e-02    1.9942842163627233e-05
   -1.3958098955421824e-02   -2.2073004917765547e-04
    6.3832389630642333e-02    4.3893295824890471e-04
    3.5883187281772561e-02    5.6707896602773787e-05
   -9.2720761676856972e-02   -7.1545613893844002e-04
   -9.4359527220249664e-02    1.6770023222918154e-07
   -4.2511412810503996e-02    4.8145499212971463e-09
    6.7233318606008841e-02    1.6783028030273592e-06
   -3.9640926959254245e-02   -8.3783624296314759e-06
   -3.0484555565717903e-02    2.8080579581620467e-06
    3.7473394496257695e-02    9.4814692364702291e-06
    1.5193231639817781e-01    1.1751213700020285e-07
    3.0482960917648481e-02   -1.4966768103489710e-06
    2.8428037800274582e-02   -1.8634936518473520e-06
    1.3200587623709803e-01   -2.9039971834559325e-06
    3.8810198855011330e-01   -2.7948578047997425e-05
    1.5300086163748847e-01   -1.8785462116468510e-06
   -3.4177540010350976e-02   -2.5441186690271832e-06
    4.8220198945495799e-02    1.2281491243403925e-07
    1.7866974093903648e-01    1.1156698143204220e-04
    2.1316267924722642e-02    9.2551027715306912e-06
   -2.6235043019023723e-02   -2.0454298485056893e-05
    2.3159482017093285e-03   -2.3854816489640461e-05
    3.2068881951686147e-02   -2.3494449907277221e-05
   -1.1133092332951814e-03    2.4418200665562040e-05
    1.0779562692757247e-03    1.1544293908262480e-07
    2.0410099837145177e-02    1.5864358423064004e-06
    6.5119489572263451e-03    5.7386552187279526e-06
   -2.9868212990358787e-03    5.7855021190226068e-05
    3.6232019377637624e-03    1.1233092156322159e-05
    2.1285471265803844e-03    1.6285333157870531e-05
    1.1397192318343647e-02    1.7353883748587692e-05
    2.9105013216377148e-02    1.4950118336486760e-06
   -7.8287832617560094e-04    3.5268354083066038e-05
    9.6758381406548792e-03   -8.2582260978429381e-05
   -5.2923351460973773e-02    1.7556193786371657e-05
    2.1481939417624659e-02    1.2788135420516492e-04
   -3.0134541239790182e-02    4.3405435612984234e-06
   -7.2401038790426711e-02    6.0043189925457176e-06
   -3.3022469964827300e-02    1.9319943239882322e-06
    4.4042346480844118e-02   -8.9427733943638489e-06
    2.6182416685928613e-02    9.8552369717084893e-06
   -3.0835887931313068e-02   -3.0225224097250485e-06
    2.3218412889140668e-02   -7.6045585678458420e-07
    1.3763298598253867e-01    2.1126303076578641e-06
    1.2936220619459349e-01   -1.1261172440580063e-06
    4.1795040793233533e-02   -2.5555582137721557e-06
    1.7186191054647174e-01   -5.2495513800039310e-06
    3.8638082679689117e-01   -1.1796885016171957e-06
    3.5995120003000335e-02    2.8307242564430166e-06
   -2.5718137989244081e-02   -8.1862675625275448e-07
    1.9463693568972124e-02    1.5852441546149048e-06
    1.3387180444909128e-01    3.9593746240908646e-06
   -2.8037328723500856e-03   -3.9649335794310211e-06
    3.0498073567831727e-02    3.0386710579082927e-06
   -7.4189871824589700e-03   -1.9693108840375090e-05
    3.2355690617359330e-02    3.2734994651086763e-05
    3.6135386196506449e-02    2.4930456407966074e-05
   -6.7629067345422577e-03   -1.0149067537718561e-06
    9.1525745629447534e-03    1.1623717266940190e-06
    4.8907917118014912e-02    2.9965432905922879e-05
    2.6567924988484887e-02    9.8383175252581175e-06
   -2.0708976377434567e-02   -5.5025077639052747e-06
   -3.2748344165693624e-02   -1.4381297731903320e-05
   -1.8132074353695465e-01   -1.4124371868151503e-04
   -8.7360098476653835e-03    1.0060878449788756e-07
   -1.8468936620783239e-02   -1.5621013043820715e-05
    8.1318014498268504e-02    4.9115468864176101e-05
    7.2313635514916078e-03   -5.1670986265382877e-06
    1.4323549672384905e-01    1.6293459656268327e-05
    9.9201727384415350e-03    9.2488579848988889e-06
   -3.3052890496816804e-02   -9.3008786877357883e-06
   -1.5305792703136232e-02    8.3980989965704693e-06
   -1.5813828437511925e-02   -3.1497153927075834e-06
   -3.5272815233042085e-02   -1.7814840974202869e-05
   -6.4262174600219343e-03   -5.3849006997545624e-06
   -3.1450260254726928e-02   -2.5901370827395321e-07
    1.2012990476362095e-01    4.4437553568532705e-06
    5.3698580680882381e-03    2.1917435920536776e-06
   -1.1019251533991139e-02    6.7867529772706029e-05
    4.4692834534423652e-02    8.3408132394862690e-06
    4.4297429011397937e-01    2.0219991127248220e-05
    1.2602468024669192e-01   -8.2775710895372194e-06
   -7.0617270717948325e-03   -3.1046907516619262e-04
    1.3059690858212758e-01   -6.6025107620672338e-06
   -4.5299072358834262e-03    5.9576124585906065e-05
    1.5629520054661322e-02    3.3102492304981560e-05
    1.2733093623293435e-02   -1.4538405707682072e-06
    9.5388927616477971e-03   -7.7451730705031341e-05
    2.0466944402032321e-02    2.0093874277555822e-06
   -1.3248509769892424e-03    1.6424913779230801e-05
   -4.9353941696883190e-03   -4.7307569207645197e-05
   -3.6782421211559342e-02   -7.3075769807879118e-05
   -3.1230529344346580e-03   -2.6845128063093456e-05
    1.4969872211804852e-02   -6.5340264260273299e-05
   -3.4775950517006327e-02   -7.2118619633811527e-06
   -1.9431204642683980e-03    2.8809957792441568e-05
   -1.4038944666075787e-01   -1.3463196743874670e-04
    2.5972779633321310e-02    1.9168323920015670e-04
    4.8220769111565354e-03    2.3219289646541787e-05
   -1.7200433422300564e-02   -3.2064968117364212e-04
    2.6913904748090460e-02   -3.1108513355512718e-06
    1.3726078870145547e-01    7.4955293296694013e-07
   -2.1131991399734873e-02    1.9769438727517892e-06
   -2.3594730293646581e-02    1.5245679770312174e-05
   -2.7301415482448754e-02   -3.6480685911653238e-06
   -5.7697886968103599e-03   -1.7801346047699631e-05
   -2.2901357936112629e-02    1.6402363634991492e-06
   -1.9052635877258074e-02    7.5002289863986693e-06
    1.4614985978198172e-02    4.9989169820808803e-06
    1.4016034942128736e-01    5.3411017805361758e-06
    3.0566006037850365e-02    4.1916292273422895e-05
   -5.8403144889380094e-02   -6.7064243720335575e-06
    1.2622252954526825e-01   -5.8369122451292481e-06
    4.4059007693312330e-01   -4.6735281176010940e-06
    1.1820844588187919e-01   -1.7596455679986384e-04
   -4.6320630675604291e-03   -1.4019771311464835e-05
    2.3423023130010270e-04    2.5461164328404266e-05
    6.0003161491377598e-03    2.7646070291917441e-05
   -1.8028979657518786e-02    1.0454538428321018e-05
   -7.9521139518420169e-03   -5.2058171491323572e-05
   -2.2358355280219851e-02   -1.6929940190398107e-05
   -7.1028503136843398e-03    4.6232066928828050e-06
    1.0662093090215227e-02   -2.8411621517401780e-07
   -4.2458980837864714e-03   -6.5614597678982734e-05
   -1.0005721644701109e-02   -2.1727203897724229e-05
   -1.7356767093742852e-02   -6.7565479291548691e-05
    2.5912139486874385e-02   -3.0766965001473793e-05
    3.3510210746257027e-02    2.6535321047925335e-05
    3.6541638153368850e-03   -7.0303742599243810e-05
    1.4988949001649987e-01    2.8173609252668953e-04
   -3.1771570003579698e-02   -3.1400463468060999e-06
   -4.0497653762288366e-02   -2.1045688529881275e-04
   -3.9036013162765323e-02    3.6598528964601008e-06
    4.2239692117641267e-02    3.1391965769411017e-07
    1.3456182608131623e-01   -3.5719305850026058e-06
   -9.8734462397892832e-03    1.7293415899569870e-06
   -2.9593425576028946e-03   -3.8274646710729275e-06
   -2.7965432302712596e-02    1.5667448613981440e-06
   -1.5211143479425360e-02   -3.3580667657725621e-08
   -2.0623973121429003e-02   -8.1751637518415365e-07
   -1.9560128202168656e-02   -2.9529123964256326e-06
   -2.3412975073246082e-02   -4.5088021271039759e-07
    1.3570188765972413e-01   -1.5829549859851656e-07
    2.4384270373743404e-02    8.8247752406225175e-07
    1.1718126545029926e-02    8.2174080454214874e-07
    1.2806414986084713e-01    9.6360110653507724e-07
    4.5030818660131045e-01    1.5986156163652450e-05
    1.1690741825059743e-01   -1.0179830123012691e-06
   -2.9633382582397770e-03    5.8840620772098233e-06
    7.9163483144321835e-03   -1.4431409831896872e-06
    1.9334110038746005e-02   -2.7151161635755075e-05
   -3.8563682461986212e-03   -3.5404359916043409e-05
   -3.6651321371449934e-02   -1.1781995900197863e-05
   -2.2887939071862731e-02   -2.5300990502849134e-06
    1.5565338778766740e-02    2.3023810781170696e-06
   -1.3614292125906750e-02    2.8669665779615510e-06
   -1.0582798705172347e-02   -6.5266723419106189e-07
    3.4793043634990792e-02    2.5909543448729549e-05
    1.5023483239884233e-03    2.8934390686264083e-05
    8.1469718967971422e-02    4.9776795655007021e-05
    2.0365973237357771e-02    2.3675989196140038e-05
    2.9247544188981435e-02   -6.3751462824660275e-06
   -2.0723824743704819e-01   -7.3092527379878521e-05
    1.8964919198527115e-02    4.3440770305903188e-05
    3.0970035495413478e-02   -3.1529873233223778e-06
   -2.2712081242994061e-02   -1.0248884781357540e-06
   -1.8191455561345563e-02   -1.1814034782791748e-06
    1.1353838037450056e-01    8.0370550980756968e-06
   -2.8601156020554755e-02   -1.1009740849642942e-05
   -5.1995641316099142e-03   -1.7068330230371570e-06
   -3.9816064075712358e-02    7.9881364040495719e-06
   -9.6828280400921528e-03   -1.6332684027505498e-06
   -1.7105059715667351e-02   -2.6982172494309990e-07
   -3.1691975209455089e-02   -2.5553827445329538e-06
    1.4817460590110861e-02    2.5839281755137309e-05
    1.3115298361392105e-01    3.6092310108157733e-06
    1.2383519826057904e-01    8.9606509747660088e-07
    6.5842718553440786e-03   -4.6592397401623567e-06
    1.2458565221573030e-01   -3.9462614305154538e-05
    4.5826469615933507e-01   -2.8877824640619804e-06
    1.9102485676549912e-02    5.1545924057481402e-06
    9.5803136766122680e-03    3.2769345922938292e-07
    2.0648302196898168e-03    3.9556625908943619e-06
   -6.1091920379034359e-03   -1.5496532749114899e-05
    1.8130820376253860e-02   -3.9086195413523926e-06
    7.4651374763133526e-03    8.5157104205556040e-07
   -1.4245171226689012e-02    5.6503056905206890e-06
   -2.0555218730058462e-02   -2.7129981193723900e-05
   -1.5444084806884384e-02    1.8478181010103402e-06
    2.3851145377851199e-02    4.5443780443422738e-06
    6.6966119995572190e-03    1.8014749226428830e-05
    1.7822254585673436e-02    2.7831128198907556e-06
   -1.2557142859892165e-02   -1.4744429162656863e-05
   -1.2079893273887135e-02   -6.0647113510853597e-06
   -9.6378332312438697e-03   -1.9045534456361090e-05
    7.6900355189033071e-02   -7.8649409042786918e-05
    2.2669743615927557e-01   -7.8969554207362167e-05
   -5.6654316578960270e-03    9.4369545123154018e-06
   -6.2489105854138065e-04    1.6231702007452580e-06
    1.6122492102868109e-02   -6.9058354440621581e-06
   -3.1780488506537537e-02    2.4104604708250123e-05
   -1.5309004538794342e-02    1.9936464620313415e-06
   -1.7414977645252537e-02   -3.3890256314365074e-06
    7.1021721548398707e-04   -8.5409553736192572e-06
    1.3358331369036615e-02   -2.6461009658765232e-06
   -1.5418621328674817e-03   -2.7383529630454997e-06
   -8.1556430474356567e-03    4.8251853430267974e-06
    3.5483117360373814e-03    3.3425671705689729e-06
   -2.4121195777361885e-02    1.0250758431295447e-05
   -1.0041757763496358e-02    3.5032555250760868e-06
   -2.7501121350635991e-03    4.9356656872450557e-06
   -1.9900035518830130e-03    3.2671717091471948e-06
    4.1227116426859672e-01    7.6585341878567754e-07
    1.6272167689689102e-01   -2.1519228584391432e-06
    1.9446191176586525e-02   -2.2121339822251333e-05
    1.2655292414381300e-01   -6.0070302387425930e-06
    1.5512197530223026e-01   -9.4309220411511348e-07
    4.0097468442928670e-02   -1.1848777775992718e-06
   -2.5251975532800765e-02   -2.1855423148072296e-06
    3.8443495052869536e-02    3.5326015192882105e-06
    3.5759728051120807e-02   -5.0734659277667770e-06
   -4.6523002063565223e-02    3.1190924201938522e-05
   -1.1003938448775627e-01    4.5773006932689466e-06
   -4.0631616426558999e-02    3.6533851562132088e-07
    1.5947634433301813e-01    1.6841745087568336e-06
    3.0030858052220156e-02   -3.8472149985117203e-06
   -3.2942533642090127e-02   -2.3762058373149481e-05
    5.3319871862090182e-02    6.8813992010577167e-06
    1.1538143256545936e-02   -1.4247002945037946e-05
    1.5627820928124172e-03   -6.4305955815417316e-06
    6.7091090495990649e-03    1.1783064128957416e-06
   -1.7849213204831064e-02    1.3322033220957271e-05
   -7.3905116649216080e-03   -1.6466472758825744e-05
    6.9715756393783574e-03   -3.6878377184194934e-06
   -5.4407888050747848e-04   -9.2670324274244372e-07
   -2.2267276604536799e-04   -9.2886582999340666e-06
    1.6816076294542254e-03    3.8117008282350740e-06
   -8.1271008729947268e-03    2.3232298562641760e-06
   -6.4277282066214827e-03    1.6121840412464725e-05
    1.3459643465352063e-02    8.3340224180385289e-06
    3.5162438763489115e-03   -5.5503435101489987e-06
    1.3923823203382315e-02    1.6189518260431676e-06
   -1.1281671328739569e-02   -5.4346434224799507e-06
    2.7635911076863101e-03   -4.4137249809510598e-06
    1.4425110592101836e-01    2.3631930956052365e-06
    3.7384885427661341e-01   -1.9032118997087496e-07
    1.4498050807809651e-01   -1.3900202978011808e-06
    4.1600644305721378e-02   -1.2209670902819333e-06
    2.0694703088921310e-02   -7.3871915580968678e-07
    1.3160438977305097e-01    2.0845105823683164e-06
    4.6329751591765896e-02   -8.2987361598961188e-07
   -1.9686011936703440e-02    1.4112861796972143e-06
   -4.2645189558284786e-02   -4.3185024793216544e-06
    3.9386676967472070e-02    3.5102718869005980e-06
   -4.3268683263883577e-02    5.6170535180172536e-07
   -7.8209312130091677e-02    4.2191085299004095e-06
    2.6295498797661049e-02    8.5083755844355351e-07
    1.4039674074018876e-01   -2.9037847105219111e-06
    4.4228959814105226e-02   -4.0507721408274466e-06
   -3.8043616850074881e-02    3.7782903272087551e-06
   -2.6657200535429412e-04   -1.0464735813819141e-06
    2.6701295547131548e-02   -1.0349067775374509e-05
    5.9717642364404487e-02   -1.4512199940367095e-05
   -2.9148819098382120e-03   -3.1427760769026320e-06
   -4.0458693573198930e-02    2.1965447056757937e-06
   -1.1659163363323096e-02   -1.2373657193955734e-05
    4.4842678140538774e-03   -8.2307203377004744e-06
   -7.0695437270451187e-03    1.3944259899113226e-05
    1.4586242948269537e-02    7.2702380533134938e-07
    6.6098292966485506e-03   -5.4196668413014373e-06
    3.3448259697941428e-02   -2.2875509319703045e-06
    2.9863061146249245e-02    8.5629321883646232e-05
    3.8342352210950963e-03   -9.1907171403709469e-06
   -1.9427925795455450e-02    7.4358332229161962e-06
   -3.7201884495422249e-02   -3.2594165470929607e-06
    1.6563520550082252e-03    1.0786765317392926e-05
    1.7051300945129161e-02    1.3381563743138705e-06
    1.3895505232315894e-01   -3.3018992473424601e-06
    4.3227291817119595e-01   -4.8114048922973583e-07
    1.3319095613604215e-01   -5.5927474883949115e-07
   -4.0513582998907074e-02   -4.1787596750873639e-06
   -1.3911919771474388e-02    4.3119356262197207e-08
    1.2852358104159353e-01   -2.5845473059097562e-07
    8.7155327641696232e-03    1.0141145536699418e-06
   -1.7596091676936982e-03   -1.1868663317243635e-06
   -3.2911012049785547e-02    1.4094485549286115e-06
    2.9057417565846465e-02    8.7087881055389665e-07
   -2.3043674458065082e-02    1.2188697746461529e-06
   -2.4360201937913800e-02    1.5072652846199769e-06
   -1.4443514738670275e-02   -4.5222767759789076e-07
    1.3070413734908312e-01    2.0423043025611899e-06
    1.0443088962126260e-05   -3.8826079285559695e-07
   -7.6533283310405075e-03    6.2326353811064845e-06
   -4.8411246743157894e-03   -7.5778281777844954e-06
   -4.4357937995460695e-03   -5.2878533682150372e-06
   -9.7210875919856513e-02    2.1065212141825109e-05
    2.8435660494612700e-02   -6.1863297747682128e-05
    8.8166834292884768e-03   -3.6869673127781396e-06
    2.0521287358766165e-02    1.5577183583983717e-06
    6.8505379359878873e-03   -2.8813905632944996e-06
   -6.6645560396932507e-03    4.9227811692375719e-06
   -1.2750977886793024e-03   -1.8820863014497761e-06
    3.5517875705939205e-03   -2.2949073268499200e-06
   -5.3774483026583896e-03   -1.9509258305031919e-06
    1.9433629848870166e-02   -3.9809883582158621e-06
   -4.5020456144032519e-03   -4.3847614285812071e-06
    2.5103750289491519e-02   -3.0296345773439025e-05
   -2.0896525262975329e-03    5.9996411944129415e-06
    1.2977881601761307e-01    3.4604652140263042e-06
    3.6870112523924345e-02   -6.8547979914869745e-06
    1.4165656012579769e-01   -1.7610165361345586e-06
    4.5371302664937813e-01    9.4448762553770533e-07
   -1.6412790379307231e-02    1.6527641727969694e-06
   -3.2547306315000510e-02   -3.7846880641398048e-06
   -6.7900761754735306e-03    1.6519686736283984e-07
    1.2532504572922754e-01   -2.0509958276226408e-07
   -1.9022445106065971e-02   -3.7847245718119614e-06
   -5.6216228538869791e-03    6.5290324355810185e-06
   -3.4943273494115343e-02    2.2010069343819087e-06
    2.2749165315387544e-02    3.3733931511406481e-06
   -1.2840369489395145e-02    2.9879405354626862e-07
   -2.1171682407562988e-02   -1.0081114494994045e-06
   -1.1428902032157371e-03   -2.1506490125943106e-06
    1.1015808215382517e-01    9.2924014022067806e-08
    1.1183998698955804e-01   -6.9531358881677843e-05
    8.8532385727216490e-03    1.0362716463672505e-05
   -6.7716491280634089e-02    2.1354240454005251e-05
    4.9892693474171038e-02   -2.8922836751395394e-05
   -2.2155705811575080e-01    3.9145831878890621e-05
   -1.2218315881503433e-02    1.5939052166552939e-05
    7.8969263218134148e-03   -9.8277227025553058e-06
   -1.2618209864743405e-02    1.8803745675434180e-05
   -2.8573457413043038e-03    7.9310151073578517e-06
    2.6204107626109684e-03    9.8997269932026148e-06
    2.4457803808252958e-02   -3.6704394352451152e-05
   -3.5189932703205039e-04   -7.7048135291517889e-06
   -5.9171843363287355e-03    1.1676976534118349e-05
   -5.3781195116339242e-03    1.2819050187467181e-06
   -4.0436768277224693e-02    4.1578031018947729e-06
   -1.2953759305593938e-02    3.8573822318349981e-07
    1.5246901943967869e-01   -7.3360864295440168e-06
   -1.7619950512525129e-02    2.5657079371769321e-05
   -3.7925270015312450e-02    2.0268915158688917e-06
   -1.9332165136152588e-02   -7.2237731407758726e-06
    4.4312834546774427e-01   -5.6196718245638509e-08
    1.2481829126765315e-01    5.3161944604740147e-06
    6.3991994046595658e-03    2.2795677876378513e-06
    1.3172437156051164e-01   -1.7668745055259951e-06
    1.1485394894437008e-01    7.7904689970939345e-06
    1.7955172644935329e-02   -9.8687332937366243e-06
   -3.6151563472373908e-02   -1.1402889537731715e-07
    2.6048843134429015e-02    1.4718388142197996e-06
   -1.2365737809173664e-02    2.3734678994379761e-06
   -2.5976243552035181e-02   -8.3866073271465819e-07
    4.0281728594822597e-03   -3.0211931899108054e-06
   -2.9330486286658498e-02    3.1483444693252695e-07
   -4.6551010031488016e-03   -8.2794538850595096e-06
   -1.1748982843999098e-02   -8.3735485299113928e-06
   -4.8781331825131320e-03    1.0595854461702053e-05
   -3.5215931400637730e-03    2.9670594999604435e-06
    1.1397984705920733e-02   -2.9898950381084155e-06
    8.0218465083397611e-02   -1.1186504271439917e-05
    2.0024677853996566e-02   -4.9826498843639096e-06
   -2.0557941747697189e-02   -1.8653628975102740e-06
   -1.3878917204484194e-04    2.0382042207058849e-06
   -5.8397218662861791e-03    4.4743736189767142e-06
    1.1425999473281741e-02    3.9224085385954771e-06
   -4.0567300247298741e-03   -1.7436152007288877e-05
   -5.5825536217827595e-03    1.0637535240924198e-06
   -1.3591527842135158e-02    5.6706930522184468e-06
    4.9366606584624308e-02    2.4339466310439805e-05
    1.4762598227215517e-02   -3.4539305592399781e-06
    3.2967869048332384e-02   -3.8842345246937762e-06
    1.4367343089051846e-01    4.3257294155860024e-06
   -1.7972780016409021e-02    2.5294082571278220e-06
   -1.8941939389426149e-02    3.2638539099862561e-06
    1.2772905391526526e-01    1.3247331747216789e-06
    4.5134188748434129e-01    1.2197927908448578e-06
    1.2390545316086404e-01   -1.3284183253164868e-06
    5.3336676713962982e-03    4.8530997586278559e-06
   -6.6908698982385498e-03    4.4282232196904020e-06
    1.4759245735882504e-01    3.2929246907703607e-07
    5.0082899110740861e-02   -2.7489430785548987e-06
   -3.2008737322832249e-02   -4.0077246230685443e-06
   -3.8075442436181300e-02    3.5666226831503747e-06
   -3.0485979916026414e-02   -8.6147985234348624e-06
   -3.1742225681411634e-02    2.8170358303671931e-06
   -1.1811956376893164e-03    9.6736197742953129e-06
   -6.6202481482069017e-02    3.3751377545097395e-05
   -8.6771642747022083e-03    9.0595058326506283e-06
    2.1425017295044702e-02    3.5835407914604170e-06
    1.4572763880413364e-02   -1.7813414253024360e-05
    1.6495257525717361e-02    2.2919555280308671e-05
    2.6724939431571580e-03   -6.2383559092233354e-07
   -1.3326433165271731e-01   -1.6834568887123896e-05
    1.0047036216742114e-02    7.4995622418697672e-06
    1.1824686009829883e-02   -5.8224541668145227e-06
    1.1170614498543209e-02   -7.5714216499275563e-06
   -1.7531196360894400e-02   -3.5137527898663076e-05
    9.3796447865734482e-03    3.4306028631880105e-06
   -1.8017960250164545e-02   -1.5327423925839686e-06
    3.8101074979154156e-04    2.6655839033875393e-06
    4.6840815508003439e-02    5.5975517633747892e-06
   -5.1945476123340896e-03    2.6559392636910468e-06
   -2.5677966409799018e-02   -5.0092981378421913e-06
    4.3487354284308832e-02    5.2893862715191859e-06
    1.3516436280979127e-01    2.5889469128880063e-06
    2.5900595721389812e-03    5.4964820323131242e-06
    8.4212426007593578e-03   -3.8592095432778207e-06
    1.3682460070587690e-01   -1.3418842372459671e-06
    4.4975648685517150e-01    1.2901680505556878e-06
    1.2404321075098954e-01   -4.9680623603485480e-08
   -4.0051101366465273e-02    7.2976842014849105e-06
   -1.3984307934012008e-02   -5.1122816427617192e-06
    1.4664137902258442e-01   -4.5907260362720178e-06
    3.4054688348858768e-02    2.1292728549126548e-06
   -1.0591834423355373e-02   -1.4380153064422055e-06
   -2.8202114785056295e-02   -1.4065995688972447e-08
   -2.2274223761117585e-02    1.5204983217664522e-06
   -3.6733503747320317e-02    4.6049212834542409e-06
    4.5141415253434770e-02   -3.6766683610476461e-05
   -1.2475854678487126e-02    9.6350228062073384e-06
   -1.3838038251376325e-02    3.2980464480270571e-06
    9.6359034928910421e-04    3.6089344706479457e-06
   -1.0373893163513436e-02   -2.5242609629514325e-06
   -2.0112352277797667e-02    9.9573293254807343e-06
   -6.1053826690639036e-03    6.1627200580231196e-07
    1.2309329656065739e-01    6.4665658831068719e-06
   -1.2085829752764893e-02   -4.7206294091749873e-06
    7.8611683936796323e-03   -2.1533302168431658e-07
   -9.3127002815718320e-03    6.7640397416156854e-06
    1.0602044939847314e-02    2.4295934339059701e-06
    8.0410950782880495e-03    3.4996423909543623e-06
    2.6739804248681689e-02   -7.7342293741535692e-06
   -1.2499798359476627e-03   -1.5024966006482591e-06
   -1.5963481643652480e-02   -4.2575550454150250e-06
    4.9483094529539910e-02    2.5146805765600463e-07
   -3.0277063154386774e-02    3.3146462084860583e-06
    4.0536934466088807e-03    1.2287909262624860e-05
    1.2569577082200428e-01    8.5342805694669567e-07
    1.3862245191578590e-01   -9.5332023326132286e-07
   -2.8697662056110665e-03    1.6486655926805206e-06
    1.2385335674411099e-01    5.4629967232113391e-06
    4.5924989619063245e-01   -1.9892744790077584e-06
   -1.2214910728531161e-02    5.7199980061521073e-07
   -3.5776994969181908e-02   -1.3563796093368628e-05
    1.4817650393363855e-02   -1.4618857994018002e-06
    1.3455119198719670e-01    1.4900752173168409e-06
   -3.1397969636433709e-02   -2.7492700973569011e-06
    8.6122729349095688e-03   -1.4002752206575619e-06
   -2.5307492373318773e-02    8.0719211512444757e-06
   -2.6551852642490516e-02   -3.8660417603675697e-06
    5.4342236655233127e-02   -2.3085064546668808e-05
    1.4411651617904670e-03   -3.6234897868570505e-07
   -4.3617906142814234e-03    4.7570362528780057e-06
    1.6822787094659879e-02   -5.2063347262425187e-06
   -5.2327714215223482e-02   -1.4736452387017299e-05
   -2.3157343464061619e-02    1.7728377394225798e-05
    1.3342894516478347e-02    1.0048746382849837e-05
   -2.6126417851556609e-02    5.3313136513101832e-06
    4.2097198516137149e-02   -3.4886156320637869e-05
   -3.3617523748113716e-03   -1.0752765947211497e-05
    1.0544436528465632e-03    1.3046627511560622e-05
   -6.2964118557708440e-03   -5.3967696948882793e-06
   -4.3517877758593526e-03   -1.3367881867804085e-06
   -1.4733974991234926e-02   -8.2683535791091448e-07
   -7.1522544413747599e-03   -5.8466919293784019e-06
   -1.4179428505631237e-02    8.0571742419821243e-06
    4.9762565665108512e-02   -4.6582971139308536e-06
   -3.6881129375284226e-02    2.6451318685620090e-05
   -9.1670383922133284e-03    3.7080142071600747e-06
   -2.4182646357679659e-02   -9.2122982725305496e-06
    1.2169993780887198e-01    7.9952646119732934e-07
   -3.5325363845246337e-03    5.1835621241823857e-06
   -3.6152327491755884e-02    3.1467471029300319e-06
   -2.8239454645826376e-02    7.4626329877009050e-07
    4.2712323214043135e-01   -1.5022899137682950e-06
    1.3119273721074950e-01   -4.6846397071534376e-06
    2.1848075778047191e-02    1.4490523773395930e-06
    1.3984742882561788e-01    2.6448312676738538e-06
    1.1763988738657764e-01   -1.1933045318642183e-06
   -1.9319412340918964e-03    4.4593401538178002e-06
   -3.0407012822410016e-02   -7.0105320846414021e-06
   -2.4819979182591066e-02    1.5952365793927029e-06
   -6.1465527719188964e-03   -2.1556056403941503e-05
    9.4031247329913958e-04   -3.5369825203588166e-06
    3.3114242709692873e-03    1.1393386488475150e-06
   -1.5045342773280413e-02    3.6116783282454026e-06
    1.2822801973725173e-02   -6.9855944219972607e-06
    6.5063879450828676e-03    1.0058895081029756e-05
    1.0347136509228824e-02   -2.2604412274254330e-06
   -1.3286985109810571e-03    4.3947505174466595e-07
   -4.6623400673204045e-03    1.8447690789305916e-05
   -6.7287203302087317e-02    3.4811666847083137e-05
    5.1880622999001397e-03   -1.0132034813750558e-05
    2.7090654990552195e-02   -5.8900374376451084e-06
   -2.2048329017936097e-03    4.1480314853644720e-06
    8.8804530068450644e-03   -8.1744359687500316e-06
    1.1056797337501126e-02   -1.2817554582740709e-05
   -1.0173438151532606e-03    4.0500079411840985e-06
   -3.3944736019719715e-02    4.4377227221123826e-07
    7.1460256145166615e-02    9.7094319426574041e-06
   -2.5009053154235197e-02    2.7036092022722347e-06
   -2.1581647687910627e-02   -1.8699696769363850e-06
    7.3380394534723848e-03   -4.1286914660174855e-07
    1.3688651931593240e-01    1.8355933375189994e-06
   -1.9277075903578321e-02    1.7966131504358015e-07
   -2.8536547491289008e-02    1.6594426564368027e-06
    1.1608791943529703e-01    2.0242912734449259e-06
    4.6380491536136642e-01   -7.7160057089686686e-07
    1.4210166703909299e-01    1.4577456796548488e-06
    1.4185890871361736e-02   -1.2008750140001753e-06
    1.4165572930082630e-04    1.9032233165210393e-06
    1.4279663703472173e-01   -1.8943826653858728e-06
   -8.9596366836332195e-03   -3.3484580381280606e-06
   -2.4641850700730526e-02    1.1924738764184187e-06
   -6.0921894390219902e-02    1.1068059294792693e-05
    4.8657204404895672e-03    3.5186111909349498e-07
    4.9322445093426710e-02   -2.1338825022460761e-05
    4.4946915498085332e-03   -1.6034987987405072e-06
    5.4991032059322868e-02    1.0889929393728830e-05
    1.4713271902564655e-02   -4.0708830131335250e-06
   -1.6765149351234517e-02    5.6137253454560138e-06
    2.5774977853482380e-03    3.7445360646880731e-06
   -9.0485848819232058e-04    1.5080212489979154e-06
   -1.3888667275750855e-02    2.9872317165682310e-06
   -4.4992660282210162e-02   -4.0980187631435553e-05
    5.4474950216019348e-03    3.1804375067469941e-06
   -4.6258768071151951e-03    1.5422850585287553e-05
    1.7703177897649403e-02    6.0775839381740441e-06
   -8.2177777050296925e-04   -3.9001542707409784e-06
   -4.4831266987541765e-03    2.7719659933273292e-06
   -8.7915355994210256e-02   -6.9907435821189117e-07
   -2.9064265346747685e-02   -5.4506788936403185e-06
    4.9909043452816139e-02   -6.2653961915352531e-09
   -3.2541410943748454e-02    2.0124210628755762e-06
   -3.1088986261415968e-02    7.6311621875368572e-08
    3.2933755617506270e-02   -6.8244291772920840e-07
    1.3622270708814402e-01   -1.4015482386487465e-06
    1.2941309702277578e-02   -1.2534031094798735e-06
    2.6960889801296458e-02    4.4670842793281686e-07
    1.3757049624174222e-01    1.1085083259993395e-06
    3.8827077702371920e-01   -1.5684184538281884e-06
    1.4553104716363166e-01   -6.1621484835034722e-07
   -2.0043348225256215e-02   -3.5977427372363216e-06
    2.6425834489488827e-02    3.3644019290093000e-06
    1.3658101080114438e-01    2.3498171171361225e-06
    5.0405926951696475e-02   -4.1406625734187414e-06
   -5.0369285535486119e-03   -1.1331422294093786e-05
    1.9813271815470487e-02    1.1531819299885936e-05
   -1.0490922633480509e-02    2.2045836806266038e-05
   -1.7919136005579647e-02    1.0648394980722610e-05
    4.0052403609887106e-02   -6.5800444735634360e-05
   -3.0016092015109287e-02    3.8492640435202229e-05
    2.0882097387109839e-02   -1.9872118543930167e-05
   -2.6488484928700422e-03    2.4012640223955495e-05
    1.7079673930534958e-02    1.6318773064407365e-05
   -1.2361882623526142e-02    1.4495143770280692e-05
   -1.1949273702257708e-02    1.4826817615113957e-05
   -4.4120598572024293e-02    1.5177834065560953e-05
    1.2405120161171483e-02    6.6981144020605754e-06
    6.3285621506748444e-03   -3.7690501082958859e-06
   -6.5423498052131377e-03    6.4422574020803444e-08
    2.5727858490177152e-02   -2.8880107791541421e-05
   -4.0248289830028761e-02   -1.9800110717403338e-05
   -1.2341310901604451e-01    9.2948366896667323e-05
   -3.4360039999007247e-02    1.6328933943813837e-05
    4.4952519407150837e-02   -3.4281126590645856e-05
    2.1321761422443051e-02    1.0615053864514109e-06
   -4.5549061883687653e-02    3.4885734625938466e-05
    2.2579227149175696e-02    9.4794581159580722e-07
    1.4179869258689523e-01    2.7280679983505517e-06
    1.3952996636873469e-01   -9.0124277909789521e-06
    3.8482039560484627e-02   -3.4619419517854065e-05
    1.6383166458909237e-01    8.2511299932680431e-06
    4.2403030371754585e-01    1.1361221068676107e-07
    3.0740850201125942e-02    5.1213630964798134e-06
   -4.6104896253632191e-02    8.1808286695805504e-08
    3.1478775771741664e-02   -1.8199841144072227e-05
    1.2955151965059594e-01   -2.3810556629833056e-06
   -9.8427545163160598e-03    7.5677678674923855e-06
    8.6068209008356347e-03    4.7125129508649750e-07
    8.4287636802709200e-03    9.7075851051081504e-08
    2.8658765375711898e-02   -8.6627971668447785e-06
   -2.1748021961855567e-02    2.0746379404189931e-05
    6.1345265326812476e-03   -8.0181832629441730e-07
   -1.8867490791555655e-02    4.0330495127737047e-06
   -1.2115200485638380e-02    3.1658666799722773e-06
   -8.1276956507186030e-03   -4.9856197299013600e-06
    9.5086307450982718e-03   -9.9148700959127934e-06
    1.8822170890618668e-02   -1.7269079248192243e-06
   -6.6126752727937808e-03   -6.6709602336368970e-06
   -6.4848908210308503e-02    2.8002720711093720e-06
   -2.0203332083114690e-02    7.4888630808705147e-06
    1.3010111127579781e-02    6.9929120012741575e-07
    5.3957165174271828e-05    7.3879375655574364e-06
    1.3333864762750627e-01   -1.1541262302837316e-06
    1.8629048270723505e-02   -4.9498190204937639e-06
   -3.1673202584309883e-02   -4.6717026617930641e-06
   -2.6820706854065478e-02    5.6950769067158908e-06
   -9.4936591038800467e-03   -6.4360086014565612e-07
   -1.9881522356987751e-02   -4.2366094246210976e-06
   -1.0107389820253125e-02   -8.7994346984926378e-07
   -3.2756788731290815e-02    1.4133559022860130e-06
    1.2049013154634861e-01    4.3826968131198778e-06
   -5.7067555998236361e-03    1.0469202105137407e-06
   -3.4423477862591687e-02   -8.2949371220160053e-07
    4.6665528213858040e-02   -4.8107520047323622e-07
    4.6039669042500420e-01   -7.5463881134106863e-07
    1.2302893380111191e-01    2.2282032875328408e-06
    2.4434416298829255e-03    2.1857146982833760e-06
    1.2756080107767959e-01    6.4822703587154197e-07
   -4.7924061788055556e-04   -1.0325772576885780e-05
    4.6002729281579863e-02   -1.9550713088241498e-05
   -2.3860071278698752e-02    4.0049691233888683e-06
   -2.5657778217073001e-02    1.2064554060448771e-05
    7.6778588025255071e-03   -1.7862452354668547e-05
    1.3733776054241440e-03   -7.5069096518123235e-07
   -2.9102019545458706e-03    2.1929689414192431e-06
    5.0343047881132613e-02   -1.5499102030222177e-05
   -2.7634617215911518e-02    8.2880687632114700e-06
   -1.7217882728832166e-03    1.3160391528702816e-06
    4.5457830575039351e-04    7.4952985363987507e-06
    1.2195926372821984e-02   -5.2538232792465059e-06
    2.1295861207694965e-02   -3.0977774920535955e-06
    2.2281891027311851e-01   -8.7700722649999266e-05
   -3.5840737570495551e-02    1.4907032179846976e-05
   -1.3465530774983749e-02   -1.8215757217205415e-06
    1.9950293202048525e-02    9.6291203517457146e-08
    1.3461529677610592e-01    1.5498512096109851e-06
   -2.8818245195244108e-02    3.6454472172346094e-06
   -2.6662032805502556e-02    3.3763356464944038e-08
   -2.8320780919257726e-02   -2.7970926535326840e-06
   -2.1576287932849859e-02    4.1517007966973439e-06
   -3.6654198319543536e-02    2.1533028368013807e-06
   -6.4728749556936969e-03   -2.6922738052258886e-06
    9.8969135769817595e-03    8.9181121283108257e-07
    1.4009494529100172e-01   -1.8313012944855301e-06
    6.4558927551800746e-02   -4.8125370416378138e-07
   -2.7535579350564065e-02    1.4821674910468116e-06
    1.3823617230360702e-01   -4.3716534129867507e-07
    4.5777910495600993e-01    2.4241426223666078e-06
    1.2799698880797331e-01    9.3762971925675702e-07
   -1.0228236872292184e-03   -4.4323258929091207e-06
   -2.2841698641524209e-02    1.3379415632938282e-05
    1.2164688598534434e-02   -1.1644556952105067e-05
   -1.2434094653148038e-04   -3.8153136038177959e-06
    2.1147182688417954e-03    1.5942473240345085e-05
   -1.2706332124662708e-02   -1.0200158583931630e-05
   -4.1523592930345007e-03    1.1815345183147180e-05
    2.0095576995369110e-02   -2.7373404171998269e-06
    6.1051947531891096e-03   -2.4072472648436752e-06
   -1.1581981497282607e-02   -1.5543036196480638e-05
    1.3145073490079796e-02    9.4121859472917480e-06
   -1.7722207570917303e-02   -2.1209094003537213e-05
    7.0611992129610305e-03    3.6034988435719260e-07
    2.4356215629913448e-02    1.2441383167467275e-06
    3.9557185326504284e-02   -1.6845349966787953e-05
   -1.3266709086195572e-01   -3.0204686929115549e-06
   -2.0474083145814491e-03   -5.7313426222382724e-06
   -3.3454490281986611e-02    1.7954210888315046e-06
    2.8571638617694177e-02    3.6131081313211095e-06
    1.1579297031316699e-01   -2.0397591062355997e-06
   -8.5614965500923172e-03   -5.0956579206048730e-06
    3.1783677555141930e-03    3.5141931640952327e-06
   -3.5951389252831409e-02    5.1406017666239128e-06
   -1.3090056656307393e-02    3.4204077689030956e-06
   -3.1234158559459067e-02   -9.4918949743996127e-06
   -2.6660449249447826e-02   -1.4696747072739556e-07
   -3.4115701106216895e-02   -7.3440090762242560e-06
    1.3112592982257598e-01    1.2963645897785634e-06
    2.5394527333585971e-02    2.8943943500780264e-06
    4.7124292058924001e-03   -5.4391769289051357e-06
    1.3612647903989639e-01    5.0631186163923580e-06
    4.5203191053747815e-01    1.3879553153118399e-06
    1.2257905211798122e-01   -9.4236411082129800e-06
   -6.9174089398141528e-02    4.9604754170886767e-05
    1.4234424432161373e-02   -1.0840947958636101e-05
   -1.9553720317971951e-02    7.7393158351605794e-06
   -2.3131836812292084e-02    1.2050138700413762e-05
    1.4731538842184774e-02   -1.6178992262930713e-05
    1.6040028783613755e-02   -8.2795298541839131e-06
    1.5195187984686859e-02    2.2218643861359726e-06
   -2.1893587275787059e-02   -8.9153856316856608e-06
   -1.2417522759837131e-02   -7.9381539307988893e-07
   -9.1024218437523521e-03    1.7776872926306175e-06
   -7.3180556296371648e-03   -9.9836346615694531e-08
    3.8923932168647923e-03   -1.1093242580450356e-05
   -2.3978513037088778e-03   -5.8594375709392120e-06
   -4.7808684518104144e-03   -6.3735218112789505e-06
   -9.3221630986923629e-03    9.1490228776478013e-06
    8.3575374864959709e-02   -1.4485097223905682e-05
    6.2551549295843931e-02    2.6944005892488158e-06
   -2.8561444255596154e-02   -9.3056042363512197e-07
    2.8142655851618160e-03   -7.2461495558812764e-07
    1.2116642947676969e-01    1.2994928951226234e-06
   -3.8796470938753061e-02   -4.0728551932673432e-07
    1.4953949160366243e-03    1.4611110246579238e-06
   -1.6723610206503575e-02    8.9206216446185813e-07
   -1.5433015412309337e-02    4.1435084322270798e-07
   -2.4480466733466277e-02    1.0800208408905065e-06
   -3.3853532085316329e-02    6.7334790506950869e-07
    3.1665439599387710e-02    1.5987109394311050e-07
    1.2748722328606041e-01    1.9724089821098455e-06
    1.2400208127232462e-01    4.5898827394449160e-07
   -1.6749132452895808e-03   -1.8105325938731116e-08
    1.1950579350490381e-01   -1.1668347011925291e-06
    4.5098048647477118e-01   -8.3213140780190477e-07
