    3.7656706354862052e-01
    1.4310667408171560e-01
    1.6187166270608060e-02
    1.5133035498032985e-01
    1.2636092259259163e-01
    3.2906016413662441e-02
   -2.5674273633047702e-02
    3.7286765628463711e-02
    3.4886185915167719e-02
   -2.6757492007480344e-02
   -7.2848099412494108e-02
   -1.6373445401096465e-02
    1.3498456464788569e-01
    2.8965455613294042e-02
   -3.8555143413123917e-02
    3.8764711716061787e-02
   -1.0625440537471283e-02
   -7.8018726704692622e-03
   -4.7161644001077240e-03
   -1.0823667209126601e-03
   -1.1035272665609896e-02
   -3.8503644316766833e-03
   -3.6420326105252021e-04
    3.3766944922527638e-02
   -1.0395412301943524e-02
    1.0975453800162042e-02
   -4.0422316929688860e-02
   -1.4155730146420109e-02
   -3.4018035564436756e-02
    4.2694742904778689e-03
    1.6450328717272557e-02
    2.8047568554117226e-02
    1.3756679257042731e-01
    4.1044888315528599e-01
    1.5043745065167682e-01
    2.6125852097546476e-02
    8.4944935368488524e-03
    1.5923172568543281e-01
    4.2576411204518688e-02
   -3.2957633844721133e-02
   -3.9953443657317497e-02
    4.5100097073858411e-02
   -5.0398222813568865e-02
   -1.1621483485252895e-01
    2.0147884854607390e-02
    1.4151717194275304e-01
    6.3554844876019631e-02
   -2.8487261342095751e-02
   -2.2522824163855072e-02
   -3.8354466519261894e-02
    8.9331792746035841e-03
   -6.4698720615884745e-03
   -9.5911462243596709e-04
    5.4431227173428222e-03
   -1.9191428219293434e-02
    1.3268528802078511e-02
    3.9008640228807602e-03
    3.3541704931914851e-03
    7.6446083033109100e-03
    1.6419484950634444e-02
    4.0648817903875527e-02
   -1.1495433631255090e-04
    3.5360754534914485e-03
    5.1061975157635463e-02
    6.2855793588787482e-03
    1.2476077044663557e-01
    4.7074793292010669e-01
    1.4140136841196638e-01
   -3.4223470302904554e-02
   -8.9874945039165512e-03
    1.4644422095559734e-01
   -1.2161307909251705e-02
   -5.9799000709350840e-03
   -2.4996744742398293e-02
    6.9762576103148760e-02
   -4.7468676296577202e-02
   -2.2510157324680563e-02
   -1.1117508572249879e-02
    1.1768974154574675e-01
   -7.6966336360544734e-03
    1.0799211425173889e-02
    1.1288274739109459e-02
    1.1533810520719151e-01
   -7.6208621518438126e-03
   -7.8057713099611405e-03
   -2.4729185626846454e-02
    1.3570747465376375e-03
   -1.9162974572952088e-02
    8.9716796772775064e-03
    2.9928302773398179e-03
    5.5595588322731792e-03
    3.3971347679901218e-02
    1.2740540857956220e-02
   -1.8464854083038947e-02
   -1.4439447268083799e-02
   -9.8263518763990719e-03
    1.3030150255234565e-01
    1.6678543458620538e-02
    1.3992995694846994e-01
    4.6108753018043402e-01
   -8.7870549198458721e-03
   -2.8199074760393752e-02
   -7.3112999368341999e-03
    1.3332943483262841e-01
   -3.0108701485858556e-02
   -1.3882370399713906e-02
   -2.7130196029034295e-02
    6.0316814536509153e-02
   -5.6666590215578693e-03
   -2.0789226444341426e-02
   -9.5193389405321353e-03
    1.2992939302780690e-01
   -1.0032333235068556e-02
    3.6622576527765580e-03
   -7.5012400015559925e-03
   -1.1240196347526094e-01
    9.9631075207447257e-03
   -5.8199750309772674e-03
    2.6031786168806244e-02
   -4.2489552306277109e-03
   -2.7835747503733421e-03
   -5.5571599940915997e-03
   -1.9298592637247700e-04
    2.5059230384547316e-02
    2.0696329448074310e-02
    2.5860332372368683e-03
   -1.7955039338930813e-02
    9.8305552661928919e-03
    1.3959414514776686e-01
    2.3003780427468794e-02
   -3.0685903000022843e-02
   -8.3318407503600554e-03
    4.5350336372946626e-01
    1.4236205381732200e-01
   -1.6632720715877600e-03
    1.2755077017907127e-01
    1.2133215576179784e-01
    4.2045957032288460e-03
   -1.9562942872465731e-02
    5.4033205298243861e-02
   -3.2047823317012926e-02
   -3.1152207894773201e-02
    4.1803261499843763e-03
   -5.0152975967667886e-02
   -8.6453921096070717e-03
   -4.5140205793092669e-03
    4.3594627864980235e-03
    1.0236324377498315e-02
   -1.3767627391632828e-01
   -8.3997383690524677e-03
    2.7226596628796999e-02
    2.0250422177353132e-03
   -3.4548144724072046e-03
    1.8342810083370333e-02
    1.3364747008529208e-02
    3.9433234732622890e-02
    2.4198230477212993e-03
    6.0521701283311590e-03
   -4.6308083212183576e-02
   -4.6460072288175723e-03
    2.1362938652581091e-02
    1.4464286027812240e-01
   -2.2375729946497332e-02
   -3.8037225368312118e-02
    1.3416693400458707e-01
    4.5700746054047570e-01
    1.3274693359695014e-01
    2.0635145727078062e-02
    2.1335483009702182e-03
    1.2546381171386548e-01
    4.1005068169957998e-02
   -3.2957919754814852e-02
   -1.9919978616709758e-02
   -2.6368184687197632e-02
   -2.9390314059614446e-02
   -1.0191585375562697e-02
   -9.3957116095837751e-03
    4.9271816717291958e-03
   -3.7733332058253868e-02
   -1.8471567210801680e-03
    3.5985326118062891e-02
    8.4944500689177263e-02
   -2.8926723853251221e-02
    1.4862251501574034e-02
    1.4441468145529874e-02
   -2.0591716102870217e-03
    1.5262288552764852e-02
    5.5403201673230483e-03
   -8.5296643276151784e-04
   -4.6614913898495113e-02
    3.6810261813513344e-02
   -3.0914406938722795e-03
   -3.0353434198400798e-02
    3.1833048343461824e-02
    1.1989365136552431e-01
   -6.6538003256981842e-03
   -9.7081034639415458e-03
    1.2834791549526881e-01
    4.4856670450942504e-01
    1.1116486251465094e-01
   -2.5547053866297478e-02
   -1.7217693542826647e-02
    1.3392592934036512e-01
    3.0909038021606203e-02
    7.2221878320210845e-03
   -2.2716539557270918e-02
   -2.3037753306867099e-02
   -1.4433405174304390e-02
    6.4455689067691585e-03
   -5.7708588843802412e-03
    3.7256728335660146e-03
    3.1961111437572545e-03
    1.4777701542764065e-02
    2.9655858056233928e-03
   -9.6275597983916272e-02
    3.0005894675190180e-03
    1.9870318389068006e-03
    2.1407316294808063e-02
   -7.1446166840211040e-03
    3.5440905711876650e-03
   -2.6029554643514242e-02
   -4.5350399456696444e-03
    2.1236008671398562e-02
   -1.0777858087397665e-02
    5.0202160617539800e-02
   -2.5075629466682427e-02
    1.2439752363302854e-03
    1.1547724448131137e-01
    1.4239242719239206e-01
    7.5817883509018569e-03
    1.1543128509933255e-01
    4.4356189083505465e-01
   -1.1268883852998946e-02
   -3.2982131745987658e-02
    3.2967253168239190e-03
    1.4100431975215283e-01
   -2.7903219073244893e-02
   -3.1185496113903784e-03
   -3.2860569226605803e-02
   -1.1023912186508540e-02
    2.2326727992517770e-03
   -4.7959646827382555e-03
   -2.6497878799693194e-03
    9.0204049629139752e-03
   -3.9155540131317603e-03
   -1.2704732210479705e-02
    1.5984887679342488e-02
    7.7488329421181279e-02
   -5.2492671146852918e-03
   -7.6788694069336461e-03
   -9.3977220578252228e-03
   -4.7880322117454542e-02
    1.8764230609757480e-02
    6.6600497453234413e-03
    2.0211031731391653e-02
   -2.0020803796202823e-02
    5.2363673063122451e-02
   -4.1277536475927627e-02
   -1.0709028334819667e-02
   -7.5590493399892390e-03
    1.1896484360605993e-01
    7.9591424037620733e-04
   -5.2652841787325294e-02
   -3.8992653498317840e-02
    4.7332573712124421e-01
    1.2222277331922379e-01
    3.7188308942641822e-02
    1.4137920209053748e-01
    1.2744206177509587e-01
   -9.1884568677261854e-03
   -3.3382274862360777e-02
   -1.4756983987166267e-02
    1.2211015878937456e-02
    1.2078715432872889e-02
    4.0649797923087618e-03
   -1.3454323492246335e-02
   -1.4839791860614505e-02
   -1.2310974612996571e-02
    6.8723444702430761e-03
   -1.8017129568225460e-02
    3.7730120571125195e-02
   -1.5787211397892343e-02
    1.0688515127616587e-02
    5.6471687966096248e-03
   -1.0038653925541244e-02
    4.1899642020371303e-02
    8.4937000204646715e-03
   -2.6913523323976719e-02
   -3.9423616383982639e-02
    3.5782544058375769e-02
   -3.7168171217145628e-02
   -1.0983256977185310e-03
   -3.6354133942274659e-03
    1.2144451406349344e-01
   -2.3641877256772813e-02
   -3.7008532987859062e-02
    1.3161768151910069e-01
    4.3856336830514475e-01
    1.4930857837638434e-01
    1.6238793779439622e-02
    1.2491563954454703e-02
    1.3172108807898367e-01
   -5.8200619799028290e-02
   -3.7069099749836805e-02
    2.2560930542527974e-03
    4.3568497925442172e-02
    7.8239482508111427e-04
   -3.1032910123693705e-02
    7.0349137646480934e-03
    8.6589736484473136e-03
    1.6763872509750956e-02
   -1.7599133800404076e-02
    1.1585958150944059e-03
   -1.3867413390143063e-01
   -1.6097078208806414e-02
   -1.5652238600470630e-02
   -1.3958098955421824e-02
    6.3832389630642333e-02
    3.5883187281772561e-02
   -9.2720761676856972e-02
   -9.4359527220249664e-02
   -4.2511412810503996e-02
    6.7233318606008841e-02
   -3.9640926959254245e-02
   -3.0484555565717903e-02
    3.7473394496257695e-02
    1.5193231639817781e-01
    3.0482960917648481e-02
    2.8428037800274582e-02
    1.3200587623709803e-01
    3.8810198855011330e-01
    1.5300086163748847e-01
   -3.4177540010350976e-02
    4.8220198945495799e-02
    1.7866974093903648e-01
    2.1316267924722642e-02
   -2.6235043019023723e-02
    2.3159482017093285e-03
    3.2068881951686147e-02
   -1.1133092332951814e-03
    1.0779562692757247e-03
    2.0410099837145177e-02
    6.5119489572263451e-03
   -2.9868212990358787e-03
    3.6232019377637624e-03
    2.1285471265803844e-03
    1.1397192318343647e-02
    2.9105013216377148e-02
   -7.8287832617560094e-04
    9.6758381406548792e-03
   -5.2923351460973773e-02
    2.1481939417624659e-02
   -3.0134541239790182e-02
   -7.2401038790426711e-02
   -3.3022469964827300e-02
    4.4042346480844118e-02
    2.6182416685928613e-02
   -3.0835887931313068e-02
    2.3218412889140668e-02
    1.3763298598253867e-01
    1.2936220619459349e-01
    4.1795040793233533e-02
    1.7186191054647174e-01
    3.8638082679689117e-01
    3.5995120003000335e-02
   -2.5718137989244081e-02
    1.9463693568972124e-02
    1.3387180444909128e-01
   -2.8037328723500856e-03
    3.0498073567831727e-02
   -7.4189871824589700e-03
    3.2355690617359330e-02
    3.6135386196506449e-02
   -6.7629067345422577e-03
    9.1525745629447534e-03
    4.8907917118014912e-02
    2.6567924988484887e-02
   -2.0708976377434567e-02
   -3.2748344165693624e-02
   -1.8132074353695465e-01
   -8.7360098476653835e-03
   -1.8468936620783239e-02
    8.1318014498268504e-02
    7.2313635514916078e-03
    1.4323549672384905e-01
    9.9201727384415350e-03
   -3.3052890496816804e-02
   -1.5305792703136232e-02
   -1.5813828437511925e-02
   -3.5272815233042085e-02
   -6.4262174600219343e-03
   -3.1450260254726928e-02
    1.2012990476362095e-01
    5.3698580680882381e-03
   -1.1019251533991139e-02
    4.4692834534423652e-02
    4.4297429011397937e-01
    1.2602468024669192e-01
   -7.0617270717948325e-03
    1.3059690858212758e-01
   -4.5299072358834262e-03
    1.5629520054661322e-02
    1.2733093623293435e-02
    9.5388927616477971e-03
    2.0466944402032321e-02
   -1.3248509769892424e-03
   -4.9353941696883190e-03
   -3.6782421211559342e-02
   -3.1230529344346580e-03
    1.4969872211804852e-02
   -3.4775950517006327e-02
   -1.9431204642683980e-03
   -1.4038944666075787e-01
    2.5972779633321310e-02
    4.8220769111565354e-03
   -1.7200433422300564e-02
    2.6913904748090460e-02
    1.3726078870145547e-01
   -2.1131991399734873e-02
   -2.3594730293646581e-02
   -2.7301415482448754e-02
   -5.7697886968103599e-03
   -2.2901357936112629e-02
   -1.9052635877258074e-02
    1.4614985978198172e-02
    1.4016034942128736e-01
    3.0566006037850365e-02
   -5.8403144889380094e-02
    1.2622252954526825e-01
    4.4059007693312330e-01
    1.1820844588187919e-01
   -4.6320630675604291e-03
    2.3423023130010270e-04
    6.0003161491377598e-03
   -1.8028979657518786e-02
   -7.9521139518420169e-03
   -2.2358355280219851e-02
   -7.1028503136843398e-03
    1.0662093090215227e-02
   -4.2458980837864714e-03
   -1.0005721644701109e-02
   -1.7356767093742852e-02
    2.5912139486874385e-02
    3.3510210746257027e-02
    3.6541638153368850e-03
    1.4988949001649987e-01
   -3.1771570003579698e-02
   -4.0497653762288366e-02
   -3.9036013162765323e-02
    4.2239692117641267e-02
    1.3456182608131623e-01
   -9.8734462397892832e-03
   -2.9593425576028946e-03
   -2.7965432302712596e-02
   -1.5211143479425360e-02
   -2.0623973121429003e-02
   -1.9560128202168656e-02
   -2.3412975073246082e-02
    1.3570188765972413e-01
    2.4384270373743404e-02
    1.1718126545029926e-02
    1.2806414986084713e-01
    4.5030818660131045e-01
    1.1690741825059743e-01
   -2.9633382582397770e-03
    7.9163483144321835e-03
    1.9334110038746005e-02
   -3.8563682461986212e-03
   -3.6651321371449934e-02
   -2.2887939071862731e-02
    1.5565338778766740e-02
   -1.3614292125906750e-02
   -1.0582798705172347e-02
    3.4793043634990792e-02
    1.5023483239884233e-03
    8.1469718967971422e-02
    2.0365973237357771e-02
    2.9247544188981435e-02
   -2.0723824743704819e-01
    1.8964919198527115e-02
    3.0970035495413478e-02
   -2.2712081242994061e-02
   -1.8191455561345563e-02
    1.1353838037450056e-01
   -2.8601156020554755e-02
   -5.1995641316099142e-03
   -3.9816064075712358e-02
   -9.6828280400921528e-03
   -1.7105059715667351e-02
   -3.1691975209455089e-02
    1.4817460590110861e-02
    1.3115298361392105e-01
    1.2383519826057904e-01
    6.5842718553440786e-03
    1.2458565221573030e-01
    4.5826469615933507e-01
    1.9102485676549912e-02
    9.5803136766122680e-03
    2.0648302196898168e-03
   -6.1091920379034359e-03
    1.8130820376253860e-02
    7.4651374763133526e-03
   -1.4245171226689012e-02
   -2.0555218730058462e-02
   -1.5444084806884384e-02
    2.3851145377851199e-02
    6.6966119995572190e-03
    1.7822254585673436e-02
   -1.2557142859892165e-02
   -1.2079893273887135e-02
   -9.6378332312438697e-03
    7.6900355189033071e-02
    2.2669743615927557e-01
   -5.6654316578960270e-03
   -6.2489105854138065e-04
    1.6122492102868109e-02
   -3.1780488506537537e-02
   -1.5309004538794342e-02
   -1.7414977645252537e-02
    7.1021721548398707e-04
    1.3358331369036615e-02
   -1.5418621328674817e-03
   -8.1556430474356567e-03
    3.5483117360373814e-03
   -2.4121195777361885e-02
   -1.0041757763496358e-02
   -2.7501121350635991e-03
   -1.9900035518830130e-03
    4.1227116426859672e-01
    1.6272167689689102e-01
    1.9446191176586525e-02
    1.2655292414381300e-01
    1.5512197530223026e-01
    4.0097468442928670e-02
   -2.5251975532800765e-02
    3.8443495052869536e-02
    3.5759728051120807e-02
   -4.6523002063565223e-02
   -1.1003938448775627e-01
   -4.0631616426558999e-02
    1.5947634433301813e-01
    3.0030858052220156e-02
   -3.2942533642090127e-02
    5.3319871862090182e-02
    1.1538143256545936e-02
    1.5627820928124172e-03
    6.7091090495990649e-03
   -1.7849213204831064e-02
   -7.3905116649216080e-03
    6.9715756393783574e-03
   -5.4407888050747848e-04
   -2.2267276604536799e-04
    1.6816076294542254e-03
   -8.1271008729947268e-03
   -6.4277282066214827e-03
    1.3459643465352063e-02
    3.5162438763489115e-03
    1.3923823203382315e-02
   -1.1281671328739569e-02
    2.7635911076863101e-03
    1.4425110592101836e-01
    3.7384885427661341e-01
    1.4498050807809651e-01
    4.1600644305721378e-02
    2.0694703088921310e-02
    1.3160438977305097e-01
    4.6329751591765896e-02
   -1.9686011936703440e-02
   -4.2645189558284786e-02
    3.9386676967472070e-02
   -4.3268683263883577e-02
   -7.8209312130091677e-02
    2.6295498797661049e-02
    1.4039674074018876e-01
    4.4228959814105226e-02
   -3.8043616850074881e-02
   -2.6657200535429412e-04
    2.6701295547131548e-02
    5.9717642364404487e-02
   -2.9148819098382120e-03
   -4.0458693573198930e-02
   -1.1659163363323096e-02
    4.4842678140538774e-03
   -7.0695437270451187e-03
    1.4586242948269537e-02
    6.6098292966485506e-03
    3.3448259697941428e-02
    2.9863061146249245e-02
    3.8342352210950963e-03
   -1.9427925795455450e-02
   -3.7201884495422249e-02
    1.6563520550082252e-03
    1.7051300945129161e-02
    1.3895505232315894e-01
    4.3227291817119595e-01
    1.3319095613604215e-01
   -4.0513582998907074e-02
   -1.3911919771474388e-02
    1.2852358104159353e-01
    8.7155327641696232e-03
   -1.7596091676936982e-03
   -3.2911012049785547e-02
    2.9057417565846465e-02
   -2.3043674458065082e-02
   -2.4360201937913800e-02
   -1.4443514738670275e-02
    1.3070413734908312e-01
    1.0443088962126260e-05
   -7.6533283310405075e-03
   -4.8411246743157894e-03
   -4.4357937995460695e-03
   -9.7210875919856513e-02
    2.8435660494612700e-02
    8.8166834292884768e-03
    2.0521287358766165e-02
    6.8505379359878873e-03
   -6.6645560396932507e-03
   -1.2750977886793024e-03
    3.5517875705939205e-03
   -5.3774483026583896e-03
    1.9433629848870166e-02
   -4.5020456144032519e-03
    2.5103750289491519e-02
   -2.0896525262975329e-03
    1.2977881601761307e-01
    3.6870112523924345e-02
    1.4165656012579769e-01
    4.5371302664937813e-01
   -1.6412790379307231e-02
   -3.2547306315000510e-02
   -6.7900761754735306e-03
    1.2532504572922754e-01
   -1.9022445106065971e-02
   -5.6216228538869791e-03
   -3.4943273494115343e-02
    2.2749165315387544e-02
   -1.2840369489395145e-02
   -2.1171682407562988e-02
   -1.1428902032157371e-03
    1.1015808215382517e-01
    1.1183998698955804e-01
    8.8532385727216490e-03
   -6.7716491280634089e-02
    4.9892693474171038e-02
   -2.2155705811575080e-01
   -1.2218315881503433e-02
    7.8969263218134148e-03
   -1.2618209864743405e-02
   -2.8573457413043038e-03
    2.6204107626109684e-03
    2.4457803808252958e-02
   -3.5189932703205039e-04
   -5.9171843363287355e-03
   -5.3781195116339242e-03
   -4.0436768277224693e-02
   -1.2953759305593938e-02
    1.5246901943967869e-01
   -1.7619950512525129e-02
   -3.7925270015312450e-02
   -1.9332165136152588e-02
    4.4312834546774427e-01
    1.2481829126765315e-01
    6.3991994046595658e-03
    1.3172437156051164e-01
    1.1485394894437008e-01
    1.7955172644935329e-02
   -3.6151563472373908e-02
    2.6048843134429015e-02
   -1.2365737809173664e-02
   -2.5976243552035181e-02
    4.0281728594822597e-03
   -2.9330486286658498e-02
   -4.6551010031488016e-03
   -1.1748982843999098e-02
   -4.8781331825131320e-03
   -3.5215931400637730e-03
    1.1397984705920733e-02
    8.0218465083397611e-02
    2.0024677853996566e-02
   -2.0557941747697189e-02
   -1.3878917204484194e-04
   -5.8397218662861791e-03
    1.1425999473281741e-02
   -4.0567300247298741e-03
   -5.5825536217827595e-03
   -1.3591527842135158e-02
    4.9366606584624308e-02
    1.4762598227215517e-02
    3.2967869048332384e-02
    1.4367343089051846e-01
   -1.7972780016409021e-02
   -1.8941939389426149e-02
    1.2772905391526526e-01
    4.5134188748434129e-01
    1.2390545316086404e-01
    5.3336676713962982e-03
   -6.6908698982385498e-03
    1.4759245735882504e-01
    5.0082899110740861e-02
   -3.2008737322832249e-02
   -3.8075442436181300e-02
   -3.0485979916026414e-02
   -3.1742225681411634e-02
   -1.1811956376893164e-03
   -6.6202481482069017e-02
   -8.6771642747022083e-03
    2.1425017295044702e-02
    1.4572763880413364e-02
    1.6495257525717361e-02
    2.6724939431571580e-03
   -1.3326433165271731e-01
    1.0047036216742114e-02
    1.1824686009829883e-02
    1.1170614498543209e-02
   -1.7531196360894400e-02
    9.3796447865734482e-03
   -1.8017960250164545e-02
    3.8101074979154156e-04
    4.6840815508003439e-02
   -5.1945476123340896e-03
   -2.5677966409799018e-02
    4.3487354284308832e-02
    1.3516436280979127e-01
    2.5900595721389812e-03
    8.4212426007593578e-03
    1.3682460070587690e-01
    4.4975648685517150e-01
    1.2404321075098954e-01
   -4.0051101366465273e-02
   -1.3984307934012008e-02
    1.4664137902258442e-01
    3.4054688348858768e-02
   -1.0591834423355373e-02
   -2.8202114785056295e-02
   -2.2274223761117585e-02
   -3.6733503747320317e-02
    4.5141415253434770e-02
   -1.2475854678487126e-02
   -1.3838038251376325e-02
    9.6359034928910421e-04
   -1.0373893163513436e-02
   -2.0112352277797667e-02
   -6.1053826690639036e-03
    1.2309329656065739e-01
   -1.2085829752764893e-02
    7.8611683936796323e-03
   -9.3127002815718320e-03
    1.0602044939847314e-02
    8.0410950782880495e-03
    2.6739804248681689e-02
   -1.2499798359476627e-03
   -1.5963481643652480e-02
    4.9483094529539910e-02
   -3.0277063154386774e-02
    4.0536934466088807e-03
    1.2569577082200428e-01
    1.3862245191578590e-01
   -2.8697662056110665e-03
    1.2385335674411099e-01
    4.5924989619063245e-01
   -1.2214910728531161e-02
   -3.5776994969181908e-02
    1.4817650393363855e-02
    1.3455119198719670e-01
   -3.1397969636433709e-02
    8.6122729349095688e-03
   -2.5307492373318773e-02
   -2.6551852642490516e-02
    5.4342236655233127e-02
    1.4411651617904670e-03
   -4.3617906142814234e-03
    1.6822787094659879e-02
   -5.2327714215223482e-02
   -2.3157343464061619e-02
    1.3342894516478347e-02
   -2.6126417851556609e-02
    4.2097198516137149e-02
   -3.3617523748113716e-03
    1.0544436528465632e-03
   -6.2964118557708440e-03
   -4.3517877758593526e-03
   -1.4733974991234926e-02
   -7.1522544413747599e-03
   -1.4179428505631237e-02
    4.9762565665108512e-02
   -3.6881129375284226e-02
   -9.1670383922133284e-03
   -2.4182646357679659e-02
    1.2169993780887198e-01
   -3.5325363845246337e-03
   -3.6152327491755884e-02
   -2.8239454645826376e-02
    4.2712323214043135e-01
    1.3119273721074950e-01
    2.1848075778047191e-02
    1.3984742882561788e-01
    1.1763988738657764e-01
   -1.9319412340918964e-03
   -3.0407012822410016e-02
   -2.4819979182591066e-02
   -6.1465527719188964e-03
    9.4031247329913958e-04
    3.3114242709692873e-03
   -1.5045342773280413e-02
    1.2822801973725173e-02
    6.5063879450828676e-03
    1.0347136509228824e-02
   -1.3286985109810571e-03
   -4.6623400673204045e-03
   -6.7287203302087317e-02
    5.1880622999001397e-03
    2.7090654990552195e-02
   -2.2048329017936097e-03
    8.8804530068450644e-03
    1.1056797337501126e-02
   -1.0173438151532606e-03
   -3.3944736019719715e-02
    7.1460256145166615e-02
   -2.5009053154235197e-02
   -2.1581647687910627e-02
    7.3380394534723848e-03
    1.3688651931593240e-01
   -1.9277075903578321e-02
   -2.8536547491289008e-02
    1.1608791943529703e-01
    4.6380491536136642e-01
    1.4210166703909299e-01
    1.4185890871361736e-02
    1.4165572930082630e-04
    1.4279663703472173e-01
   -8.9596366836332195e-03
   -2.4641850700730526e-02
   -6.0921894390219902e-02
    4.8657204404895672e-03
    4.9322445093426710e-02
    4.4946915498085332e-03
    5.4991032059322868e-02
    1.4713271902564655e-02
   -1.6765149351234517e-02
    2.5774977853482380e-03
   -9.0485848819232058e-04
   -1.3888667275750855e-02
   -4.4992660282210162e-02
    5.4474950216019348e-03
   -4.6258768071151951e-03
    1.7703177897649403e-02
   -8.2177777050296925e-04
   -4.4831266987541765e-03
   -8.7915355994210256e-02
   -2.9064265346747685e-02
    4.9909043452816139e-02
   -3.2541410943748454e-02
   -3.1088986261415968e-02
    3.2933755617506270e-02
    1.3622270708814402e-01
    1.2941309702277578e-02
    2.6960889801296458e-02
    1.3757049624174222e-01
    3.8827077702371920e-01
    1.4553104716363166e-01
   -2.0043348225256215e-02
    2.6425834489488827e-02
    1.3658101080114438e-01
    5.0405926951696475e-02
   -5.0369285535486119e-03
    1.9813271815470487e-02
   -1.0490922633480509e-02
   -1.7919136005579647e-02
    4.0052403609887106e-02
   -3.0016092015109287e-02
    2.0882097387109839e-02
   -2.6488484928700422e-03
    1.7079673930534958e-02
   -1.2361882623526142e-02
   -1.1949273702257708e-02
   -4.4120598572024293e-02
    1.2405120161171483e-02
    6.3285621506748444e-03
   -6.5423498052131377e-03
    2.5727858490177152e-02
   -4.0248289830028761e-02
   -1.2341310901604451e-01
   -3.4360039999007247e-02
    4.4952519407150837e-02
    2.1321761422443051e-02
   -4.5549061883687653e-02
    2.2579227149175696e-02
    1.4179869258689523e-01
    1.3952996636873469e-01
    3.8482039560484627e-02
    1.6383166458909237e-01
    4.2403030371754585e-01
    3.0740850201125942e-02
   -4.6104896253632191e-02
    3.1478775771741664e-02
    1.2955151965059594e-01
   -9.8427545163160598e-03
    8.6068209008356347e-03
    8.4287636802709200e-03
    2.8658765375711898e-02
   -2.1748021961855567e-02
    6.1345265326812476e-03
   -1.8867490791555655e-02
   -1.2115200485638380e-02
   -8.1276956507186030e-03
    9.5086307450982718e-03
    1.8822170890618668e-02
   -6.6126752727937808e-03
   -6.4848908210308503e-02
   -2.0203332083114690e-02
    1.3010111127579781e-02
    5.3957165174271828e-05
    1.3333864762750627e-01
    1.8629048270723505e-02
   -3.1673202584309883e-02
   -2.6820706854065478e-02
   -9.4936591038800467e-03
   -1.9881522356987751e-02
   -1.0107389820253125e-02
   -3.2756788731290815e-02
    1.2049013154634861e-01
   -5.7067555998236361e-03
   -3.4423477862591687e-02
    4.6665528213858040e-02
    4.6039669042500420e-01
    1.2302893380111191e-01
    2.4434416298829255e-03
    1.2756080107767959e-01
   -4.7924061788055556e-04
    4.6002729281579863e-02
   -2.3860071278698752e-02
   -2.5657778217073001e-02
    7.6778588025255071e-03
    1.3733776054241440e-03
   -2.9102019545458706e-03
    5.0343047881132613e-02
   -2.7634617215911518e-02
   -1.7217882728832166e-03
    4.5457830575039351e-04
    1.2195926372821984e-02
    2.1295861207694965e-02
    2.2281891027311851e-01
   -3.5840737570495551e-02
   -1.3465530774983749e-02
    1.9950293202048525e-02
    1.3461529677610592e-01
   -2.8818245195244108e-02
   -2.6662032805502556e-02
   -2.8320780919257726e-02
   -2.1576287932849859e-02
   -3.6654198319543536e-02
   -6.4728749556936969e-03
    9.8969135769817595e-03
    1.4009494529100172e-01
    6.4558927551800746e-02
   -2.7535579350564065e-02
    1.3823617230360702e-01
    4.5777910495600993e-01
    1.2799698880797331e-01
   -1.0228236872292184e-03
   -2.2841698641524209e-02
    1.2164688598534434e-02
   -1.2434094653148038e-04
    2.1147182688417954e-03
   -1.2706332124662708e-02
   -4.1523592930345007e-03
    2.0095576995369110e-02
    6.1051947531891096e-03
   -1.1581981497282607e-02
    1.3145073490079796e-02
   -1.7722207570917303e-02
    7.0611992129610305e-03
    2.4356215629913448e-02
    3.9557185326504284e-02
   -1.3266709086195572e-01
   -2.0474083145814491e-03
   -3.3454490281986611e-02
    2.8571638617694177e-02
    1.1579297031316699e-01
   -8.5614965500923172e-03
    3.1783677555141930e-03
   -3.5951389252831409e-02
   -1.3090056656307393e-02
   -3.1234158559459067e-02
   -2.6660449249447826e-02
   -3.4115701106216895e-02
    1.3112592982257598e-01
    2.5394527333585971e-02
    4.7124292058924001e-03
    1.3612647903989639e-01
    4.5203191053747815e-01
    1.2257905211798122e-01
   -6.9174089398141528e-02
    1.4234424432161373e-02
   -1.9553720317971951e-02
   -2.3131836812292084e-02
    1.4731538842184774e-02
    1.6040028783613755e-02
    1.5195187984686859e-02
   -2.1893587275787059e-02
   -1.2417522759837131e-02
   -9.1024218437523521e-03
   -7.3180556296371648e-03
    3.8923932168647923e-03
   -2.3978513037088778e-03
   -4.7808684518104144e-03
   -9.3221630986923629e-03
    8.3575374864959709e-02
    6.2551549295843931e-02
   -2.8561444255596154e-02
    2.8142655851618160e-03
    1.2116642947676969e-01
   -3.8796470938753061e-02
    1.4953949160366243e-03
   -1.6723610206503575e-02
   -1.5433015412309337e-02
   -2.4480466733466277e-02
   -3.3853532085316329e-02
    3.1665439599387710e-02
    1.2748722328606041e-01
    1.2400208127232462e-01
   -1.6749132452895808e-03
    1.1950579350490381e-01
    4.5098048647477118e-01
