   1   1   1     0.91256746
   2   1   1     0.74561356
   3   1   1     0.75737698
   4   1   1     0.74561356
   5   1   1     0.74603614
   6   1   1     0.75858031
   7   1   1     0.76046275
   8   1   1     0.75955511
   9   1   1     0.75906911
  10   1   1     0.76063504
  11   1   1     0.75922065
  12   1   1     0.76063504
  13   1   1     0.74603614
  14   1   1     0.75955511
  15   1   1     0.76046275
  16   1   1     0.75858031


   1   1   1     0.91188546
   2   1   1     0.74600414
   3   1   1     0.75959127
   4   1   1     0.74600414
   5   1   1     0.74520572
   6   1   1     0.75893547
   7   1   1     0.75856413
   8   1   1     0.76057333
   9   1   1     0.75991712
  10   1   1     0.76122580
  11   1   1     0.75758899
  12   1   1     0.76122580
  13   1   1     0.74520572
  14   1   1     0.76057333
  15   1   1     0.75856413
  16   1   1     0.75893547


   1   1   1     0.91747480
   2   1   1     0.74476982
   3   1   1     0.76056674
   4   1   1     0.74476982
   5   1   1     0.74395012
   6   1   1     0.75860892
   7   1   1     0.76004055
   8   1   1     0.76023768
   9   1   1     0.75896397
  10   1   1     0.75894207
  11   1   1     0.75989617
  12   1   1     0.75894207
  13   1   1     0.74395012
  14   1   1     0.76023768
  15   1   1     0.76004055
  16   1   1     0.75860892


   1   1   1     0.91667591
   2   1   1     0.74331429
   3   1   1     0.75879683
   4   1   1     0.74331429
   5   1   1     0.74649234
   6   1   1     0.75955251
   7   1   1     0.75820671
   8   1   1     0.75861820
   9   1   1     0.76201707
  10   1   1     0.76049940
  11   1   1     0.75914328
  12   1   1     0.76049940
  13   1   1     0.74649234
  14   1   1     0.75861820
  15   1   1     0.75820671
  16   1   1     0.75955251


   1   1   1     0.91541415
   2   1   1     0.74406599
   3   1   1     0.75858326
   4   1   1     0.74406599
   5   1   1     0.74582959
   6   1   1     0.75824069
   7   1   1     0.75859252
   8   1   1     0.75977121
   9   1   1     0.76084940
  10   1   1     0.76109867
  11   1   1     0.75995585
  12   1   1     0.76109867
  13   1   1     0.74582959
  14   1   1     0.75977121
  15   1   1     0.75859252
  16   1   1     0.75824069


