   1     0.00000000     0.62807441     0.00000000
   2     0.00000000    -0.11927122     0.00000000
   3     0.00000000     0.03742896     0.00000000
   4     0.00000000    -0.11927122     0.00000000
   5     0.00000000    -0.13558043     0.00000000
   6     0.00000000    -0.01554866     0.00000000
   7     0.00000000    -0.01298755     0.00000000
   8     0.00000000    -0.05018092     0.00000000
   9     0.00000000    -0.00647250     0.00000000
  10     0.00000000    -0.00913404     0.00000000
  11     0.00000000     0.01412950     0.00000000
  12     0.00000000    -0.00913404     0.00000000
  13     0.00000000    -0.13558043     0.00000000
  14     0.00000000    -0.05018092     0.00000000
  15     0.00000000    -0.01298755     0.00000000
  16     0.00000000    -0.01554866     0.00000000


   1     0.00000000     0.62858591     0.00000000
   2     0.00000000    -0.11118871     0.00000000
   3     0.00000000     0.00167867     0.00000000
   4     0.00000000    -0.11118871     0.00000000
   5     0.00000000    -0.11313152     0.00000000
   6     0.00000000     0.00662803     0.00000000
   7     0.00000000    -0.01938908     0.00000000
   8     0.00000000     0.00966338     0.00000000
   9     0.00000000    -0.01841391     0.00000000
  10     0.00000000    -0.00771230     0.00000000
  11     0.00000000    -0.00235738     0.00000000
  12     0.00000000    -0.00771230     0.00000000
  13     0.00000000    -0.11313152     0.00000000
  14     0.00000000     0.00966338     0.00000000
  15     0.00000000    -0.01938908     0.00000000
  16     0.00000000     0.00662803     0.00000000


   1     0.00000000     0.62439390     0.00000000
   2     0.00000000    -0.15214539     0.00000000
   3     0.00000000    -0.00061201     0.00000000
   4     0.00000000    -0.15214539     0.00000000
   5     0.00000000    -0.15312688     0.00000000
   6     0.00000000     0.03759676     0.00000000
   7     0.00000000     0.01404921     0.00000000
   8     0.00000000     0.04917669     0.00000000
   9     0.00000000     0.02271904     0.00000000
  10     0.00000000    -1.89911412     0.00000000
  11     0.00000000    -0.00505007     0.00000000
  12     0.00000000    -1.89911412     0.00000000
  13     0.00000000    -0.15312688     0.00000000
  14     0.00000000     0.04917669     0.00000000
  15     0.00000000     0.01404921     0.00000000
  16     0.00000000     0.03759676     0.00000000


   1     0.00000000     0.62499307     0.00000000
   2     0.00000000    -0.14351872     0.00000000
   3     0.00000000    -0.00078202     0.00000000
   4     0.00000000    -0.14351872     0.00000000
   5     0.00000000    -0.14403392     0.00000000
   6     0.00000000     0.01874858     0.00000000
   7     0.00000000    -0.01550679     0.00000000
   8     0.00000000    -0.03192218     0.00000000
   9     0.00000000     0.01611579     0.00000000
  10     0.00000000    -0.02334923     0.00000000
  11     0.00000000    -0.06020334     0.00000000
  12     0.00000000    -0.02334923     0.00000000
  13     0.00000000    -0.14403392     0.00000000
  14     0.00000000    -0.03192218     0.00000000
  15     0.00000000    -0.01550679     0.00000000
  16     0.00000000     0.01874858     0.00000000


   1     0.00000000     0.62593939     0.00000000
   2     0.00000000    -0.23749019     0.00000000
   3     0.00000000     0.02154639     0.00000000
   4     0.00000000    -0.23749019     0.00000000
   5     0.00000000    -0.14734554     0.00000000
   6     0.00000000     0.00716423     0.00000000
   7     0.00000000    -0.03418475     0.00000000
   8     0.00000000    -0.04712868     0.00000000
   9     0.00000000     0.02411617     0.00000000
  10     0.00000000    -0.02990014     0.00000000
  11     0.00000000    -0.00839659     0.00000000
  12     0.00000000    -0.02990014     0.00000000
  13     0.00000000    -0.14734554     0.00000000
  14     0.00000000    -0.04712868     0.00000000
  15     0.00000000    -0.03418475     0.00000000
  16     0.00000000     0.00716423     0.00000000


