   1   1   1     0.20935814
   2   1   1    -0.04410927
   3   1   1     0.00650761
   4   1   1    -0.04410927
   5   1   1    -0.05495963
   6   1   1     0.00415805
   7   1   1    -0.01619209
   8   1   1     0.00051648
   9   1   1     0.00562531
  10   1   1    -0.00440191
  11   1   1     0.00848569
  12   1   1    -0.00440191
  13   1   1    -0.05495963
  14   1   1     0.00051648
  15   1   1    -0.01619209
  16   1   1     0.00415805


   1   1   1     0.20952864
   2   1   1    -0.04777636
   3   1   1     0.00527868
   4   1   1    -0.04777636
   5   1   1    -0.05547832
   6   1   1     0.00841470
   7   1   1    -0.01689510
   8   1   1     0.00517788
   9   1   1     0.00288792
  10   1   1    -0.00610790
  11   1   1     0.00763495
  12   1   1    -0.00610790
  13   1   1    -0.05547832
  14   1   1     0.00517788
  15   1   1    -0.01689510
  16   1   1     0.00841470


   1   1   1     0.20813130
   2   1   1    -0.04674356
   3   1   1     0.00738451
   4   1   1    -0.04674356
   5   1   1    -0.05646992
   6   1   1     0.00487150
   7   1   1    -0.01561690
   8   1   1     0.00585117
   9   1   1     0.00850393
  10   1   1    -0.01170117
  11   1   1     0.01559803
  12   1   1    -0.01170117
  13   1   1    -0.05646992
  14   1   1     0.00585117
  15   1   1    -0.01561690
  16   1   1     0.00487150


   1   1   1     0.20833102
   2   1   1    -0.04598573
   3   1   1     0.00112795
   4   1   1    -0.04598573
   5   1   1    -0.05874743
   6   1   1     0.00924491
   7   1   1    -0.01343635
   8   1   1     0.00881486
   9   1   1     0.01020319
  10   1   1    -0.01265897
  11   1   1     0.00587524
  12   1   1    -0.01265897
  13   1   1    -0.05874743
  14   1   1     0.00881486
  15   1   1    -0.01343635
  16   1   1     0.00924491


   1   1   1     0.20864646
   2   1   1    -0.04822437
   3   1   1     0.00765101
   4   1   1    -0.04822437
   5   1   1    -0.05122575
   6   1   1     0.00688946
   7   1   1    -0.02214222
   8   1   1     0.00731855
   9   1   1     0.00879870
  10   1   1    -0.00758450
  11   1   1     0.00484148
  12   1   1    -0.00758450
  13   1   1    -0.05122575
  14   1   1     0.00731855
  15   1   1    -0.02214222
  16   1   1     0.00688946


