           1           4 ( -1.0000000000000000     ,  0.0000000000000000     )
           1           2 ( -1.0000000000000000     ,  0.0000000000000000     )
           1          13 ( -1.0000000000000000     ,  0.0000000000000000     )
           1           5 ( -1.0000000000000000     ,  0.0000000000000000     )
           2           3 ( -1.0000000000000000     ,  0.0000000000000000     )
           2           1 ( -1.0000000000000000     ,  0.0000000000000000     )
           2          14 ( -1.0000000000000000     ,  0.0000000000000000     )
           2           6 ( -1.0000000000000000     ,  0.0000000000000000     )
           3           4 ( -1.0000000000000000     ,  0.0000000000000000     )
           3           2 ( -1.0000000000000000     ,  0.0000000000000000     )
           3          15 ( -1.0000000000000000     ,  0.0000000000000000     )
           3           7 ( -1.0000000000000000     ,  0.0000000000000000     )
           4           1 ( -1.0000000000000000     ,  0.0000000000000000     )
           4           3 ( -1.0000000000000000     ,  0.0000000000000000     )
           4          16 ( -1.0000000000000000     ,  0.0000000000000000     )
           4           8 ( -1.0000000000000000     ,  0.0000000000000000     )
           5           8 ( -1.0000000000000000     ,  0.0000000000000000     )
           5           6 ( -1.0000000000000000     ,  0.0000000000000000     )
           5           9 ( -1.0000000000000000     ,  0.0000000000000000     )
           5           1 ( -1.0000000000000000     ,  0.0000000000000000     )
           6           7 ( -1.0000000000000000     ,  0.0000000000000000     )
           6           5 ( -1.0000000000000000     ,  0.0000000000000000     )
           6          10 ( -1.0000000000000000     ,  0.0000000000000000     )
           6           2 ( -1.0000000000000000     ,  0.0000000000000000     )
           7           8 ( -1.0000000000000000     ,  0.0000000000000000     )
           7           6 ( -1.0000000000000000     ,  0.0000000000000000     )
           7          11 ( -1.0000000000000000     ,  0.0000000000000000     )
           7           3 ( -1.0000000000000000     ,  0.0000000000000000     )
           8           5 ( -1.0000000000000000     ,  0.0000000000000000     )
           8           7 ( -1.0000000000000000     ,  0.0000000000000000     )
           8          12 ( -1.0000000000000000     ,  0.0000000000000000     )
           8           4 ( -1.0000000000000000     ,  0.0000000000000000     )
           9          12 ( -1.0000000000000000     ,  0.0000000000000000     )
           9          10 ( -1.0000000000000000     ,  0.0000000000000000     )
           9          13 ( -1.0000000000000000     ,  0.0000000000000000     )
           9           5 ( -1.0000000000000000     ,  0.0000000000000000     )
          10          11 ( -1.0000000000000000     ,  0.0000000000000000     )
          10           9 ( -1.0000000000000000     ,  0.0000000000000000     )
          10          14 ( -1.0000000000000000     ,  0.0000000000000000     )
          10           6 ( -1.0000000000000000     ,  0.0000000000000000     )
          11          12 ( -1.0000000000000000     ,  0.0000000000000000     )
          11          10 ( -1.0000000000000000     ,  0.0000000000000000     )
          11          15 ( -1.0000000000000000     ,  0.0000000000000000     )
          11           7 ( -1.0000000000000000     ,  0.0000000000000000     )
          12           9 ( -1.0000000000000000     ,  0.0000000000000000     )
          12          11 ( -1.0000000000000000     ,  0.0000000000000000     )
          12          16 ( -1.0000000000000000     ,  0.0000000000000000     )
          12           8 ( -1.0000000000000000     ,  0.0000000000000000     )
          13          16 ( -1.0000000000000000     ,  0.0000000000000000     )
          13          14 ( -1.0000000000000000     ,  0.0000000000000000     )
          13           1 ( -1.0000000000000000     ,  0.0000000000000000     )
          13           9 ( -1.0000000000000000     ,  0.0000000000000000     )
          14          15 ( -1.0000000000000000     ,  0.0000000000000000     )
          14          13 ( -1.0000000000000000     ,  0.0000000000000000     )
          14           2 ( -1.0000000000000000     ,  0.0000000000000000     )
          14          10 ( -1.0000000000000000     ,  0.0000000000000000     )
          15          16 ( -1.0000000000000000     ,  0.0000000000000000     )
          15          14 ( -1.0000000000000000     ,  0.0000000000000000     )
          15           3 ( -1.0000000000000000     ,  0.0000000000000000     )
          15          11 ( -1.0000000000000000     ,  0.0000000000000000     )
          16          13 ( -1.0000000000000000     ,  0.0000000000000000     )
          16          15 ( -1.0000000000000000     ,  0.0000000000000000     )
          16           4 ( -1.0000000000000000     ,  0.0000000000000000     )
          16          12 ( -1.0000000000000000     ,  0.0000000000000000     )
           1           6 ( -0.0000000000000000     ,  0.0000000000000000     )
           1          14 ( -0.0000000000000000     ,  0.0000000000000000     )
           1           8 ( -0.0000000000000000     ,  0.0000000000000000     )
           1          16 ( -0.0000000000000000     ,  0.0000000000000000     )
           2           7 ( -0.0000000000000000     ,  0.0000000000000000     )
           2          15 ( -0.0000000000000000     ,  0.0000000000000000     )
           2           5 ( -0.0000000000000000     ,  0.0000000000000000     )
           2          13 ( -0.0000000000000000     ,  0.0000000000000000     )
           3           8 ( -0.0000000000000000     ,  0.0000000000000000     )
           3          16 ( -0.0000000000000000     ,  0.0000000000000000     )
           3           6 ( -0.0000000000000000     ,  0.0000000000000000     )
           3          14 ( -0.0000000000000000     ,  0.0000000000000000     )
           4           5 ( -0.0000000000000000     ,  0.0000000000000000     )
           4          13 ( -0.0000000000000000     ,  0.0000000000000000     )
           4           7 ( -0.0000000000000000     ,  0.0000000000000000     )
           4          15 ( -0.0000000000000000     ,  0.0000000000000000     )
           5          10 ( -0.0000000000000000     ,  0.0000000000000000     )
           5           2 ( -0.0000000000000000     ,  0.0000000000000000     )
           5          12 ( -0.0000000000000000     ,  0.0000000000000000     )
           5           4 ( -0.0000000000000000     ,  0.0000000000000000     )
           6          11 ( -0.0000000000000000     ,  0.0000000000000000     )
           6           3 ( -0.0000000000000000     ,  0.0000000000000000     )
           6           9 ( -0.0000000000000000     ,  0.0000000000000000     )
           6           1 ( -0.0000000000000000     ,  0.0000000000000000     )
           7          12 ( -0.0000000000000000     ,  0.0000000000000000     )
           7           4 ( -0.0000000000000000     ,  0.0000000000000000     )
           7          10 ( -0.0000000000000000     ,  0.0000000000000000     )
           7           2 ( -0.0000000000000000     ,  0.0000000000000000     )
           8           9 ( -0.0000000000000000     ,  0.0000000000000000     )
           8           1 ( -0.0000000000000000     ,  0.0000000000000000     )
           8          11 ( -0.0000000000000000     ,  0.0000000000000000     )
           8           3 ( -0.0000000000000000     ,  0.0000000000000000     )
           9          14 ( -0.0000000000000000     ,  0.0000000000000000     )
           9           6 ( -0.0000000000000000     ,  0.0000000000000000     )
           9          16 ( -0.0000000000000000     ,  0.0000000000000000     )
           9           8 ( -0.0000000000000000     ,  0.0000000000000000     )
          10          15 ( -0.0000000000000000     ,  0.0000000000000000     )
          10           7 ( -0.0000000000000000     ,  0.0000000000000000     )
          10          13 ( -0.0000000000000000     ,  0.0000000000000000     )
          10           5 ( -0.0000000000000000     ,  0.0000000000000000     )
          11          16 ( -0.0000000000000000     ,  0.0000000000000000     )
          11           8 ( -0.0000000000000000     ,  0.0000000000000000     )
          11          14 ( -0.0000000000000000     ,  0.0000000000000000     )
          11           6 ( -0.0000000000000000     ,  0.0000000000000000     )
          12          13 ( -0.0000000000000000     ,  0.0000000000000000     )
          12           5 ( -0.0000000000000000     ,  0.0000000000000000     )
          12          15 ( -0.0000000000000000     ,  0.0000000000000000     )
          12           7 ( -0.0000000000000000     ,  0.0000000000000000     )
          13           2 ( -0.0000000000000000     ,  0.0000000000000000     )
          13          10 ( -0.0000000000000000     ,  0.0000000000000000     )
          13           4 ( -0.0000000000000000     ,  0.0000000000000000     )
          13          12 ( -0.0000000000000000     ,  0.0000000000000000     )
          14           3 ( -0.0000000000000000     ,  0.0000000000000000     )
          14          11 ( -0.0000000000000000     ,  0.0000000000000000     )
          14           1 ( -0.0000000000000000     ,  0.0000000000000000     )
          14           9 ( -0.0000000000000000     ,  0.0000000000000000     )
          15           4 ( -0.0000000000000000     ,  0.0000000000000000     )
          15          12 ( -0.0000000000000000     ,  0.0000000000000000     )
          15           2 ( -0.0000000000000000     ,  0.0000000000000000     )
          15          10 ( -0.0000000000000000     ,  0.0000000000000000     )
          16           1 ( -0.0000000000000000     ,  0.0000000000000000     )
          16           9 ( -0.0000000000000000     ,  0.0000000000000000     )
          16           3 ( -0.0000000000000000     ,  0.0000000000000000     )
          16          11 ( -0.0000000000000000     ,  0.0000000000000000     )
