   1.0374918225988880E-005
  -7.7687372363367005E-006
   3.0317873367458893E-006
  -5.7391769466372594E-006
  -1.9995626295910310E-005
   5.8870971069445987E-006
   4.7971370929303061E-006
   7.6639931772621278E-006
   5.9316228997848728E-006
   9.7548226726354092E-007
  -7.5794687332416246E-006
   2.3401375263509904E-005
  -5.0434981887748914E-007
   4.2011701399803838E-006
  -3.6969507650020578E-006
   4.6667436342077452E-006
   0.0000000000000000     
   0.0000000000000000     
   0.0000000000000000     
   0.0000000000000000     
   0.0000000000000000     
   0.0000000000000000     
   0.0000000000000000     
   0.0000000000000000     
   0.0000000000000000     
   0.0000000000000000     
   0.0000000000000000     
   0.0000000000000000     
   0.0000000000000000     
   0.0000000000000000     
   0.0000000000000000     
   0.0000000000000000     
  -8.7188665352587515E-006
  -7.5495832498346309E-006
   6.8899701707145387E-007
   2.2762790975598579E-006
  -2.5937345692586328E-006
  -1.1179767557916518E-005
  -8.0560194944540808E-007
   4.8121420575431011E-006
  -7.5292811590312259E-006
   6.8531544323610950E-006
  -2.6723515128770195E-006
   8.9230331947737806E-006
  -3.2857258565540624E-006
   3.1580660755234843E-006
   1.5913103688985398E-006
   2.6640715884814439E-007
   0.0000000000000000     
   0.0000000000000000     
   0.0000000000000000     
   0.0000000000000000     
   0.0000000000000000     
   0.0000000000000000     
   0.0000000000000000     
   0.0000000000000000     
   0.0000000000000000     
   0.0000000000000000     
   0.0000000000000000     
   0.0000000000000000     
   0.0000000000000000     
   0.0000000000000000     
   0.0000000000000000     
   0.0000000000000000     
   4.8118037669944424E-007
  -1.3248320095986812E-006
   1.3608407529038841E-005
  -2.4114649976740240E-006
   3.0712269172740508E-006
  -3.2010521756894526E-006
   4.4483197852352222E-006
   3.2910033760127981E-006
   3.3607461731407197E-006
   2.4186391660980235E-007
   1.9376641750824220E-005
   8.4527074827172516E-006
  -3.9471079915988554E-006
   1.8976267403076206E-006
  -8.2144102801527581E-008
  -5.6294579591312043E-006
   0.0000000000000000     
   0.0000000000000000     
   0.0000000000000000     
   0.0000000000000000     
   0.0000000000000000     
   0.0000000000000000     
   0.0000000000000000     
   0.0000000000000000     
   0.0000000000000000     
   0.0000000000000000     
   0.0000000000000000     
   0.0000000000000000     
   0.0000000000000000     
   0.0000000000000000     
   0.0000000000000000     
   0.0000000000000000     
   3.0263047345267255E-006
  -1.0863373510013198E-006
  -9.9592986331667699E-006
  -7.3631526913387476E-006
  -4.5598724027804576E-006
  -2.0825219992481665E-006
  -2.3450028626703522E-008
   3.5924797431979556E-006
   5.2290322341005514E-006
   5.2057733269024511E-007
   9.2324066305603401E-007
   1.2574288073833139E-007
   1.3878968622523984E-006
  -1.7222421465368224E-006
  -3.6382012295456929E-007
  -9.5959455419865089E-008
   0.0000000000000000     
   0.0000000000000000     
   0.0000000000000000     
   0.0000000000000000     
   0.0000000000000000     
   0.0000000000000000     
   0.0000000000000000     
   0.0000000000000000     
   0.0000000000000000     
   0.0000000000000000     
   0.0000000000000000     
   0.0000000000000000     
   0.0000000000000000     
   0.0000000000000000     
   0.0000000000000000     
   0.0000000000000000     
  -8.3200546382080251E-007
   1.0183776929440693E-006
   2.1081614242468879E-006
  -2.1687007446565384E-006
  -1.3567625933091149E-005
  -2.8889565993281918E-006
   4.6023353171310140E-006
   5.7879455512803233E-007
  -9.0585163101147288E-006
   5.0838611604872755E-006
   6.6747097645105221E-006
   2.0961822134480852E-006
   4.9441527008022689E-006
   4.5898652542424050E-006
   1.2781964145905069E-006
  -6.2977929456641240E-006
   0.0000000000000000     
   0.0000000000000000     
   0.0000000000000000     
   0.0000000000000000     
   0.0000000000000000     
   0.0000000000000000     
   0.0000000000000000     
   0.0000000000000000     
   0.0000000000000000     
   0.0000000000000000     
   0.0000000000000000     
   0.0000000000000000     
   0.0000000000000000     
   0.0000000000000000     
   0.0000000000000000     
   0.0000000000000000     
  -5.9753586649566530E-006
  -3.5631524239342582E-006
   5.9770743551674086E-006
   1.6238050220813700E-006
  -4.0885567915858535E-006
  -8.1760725541203004E-006
  -5.6573653979641844E-006
   1.7840817039300777E-005
  -3.1943737946593905E-006
  -5.0660036410933204E-006
  -9.2347006001195548E-006
   1.5698121112387001E-007
  -1.0644827477240933E-005
   1.0296516421233211E-005
   4.5212681077896514E-006
   1.2856470086445343E-005
   0.0000000000000000     
   0.0000000000000000     
   0.0000000000000000     
   0.0000000000000000     
   0.0000000000000000     
   0.0000000000000000     
   0.0000000000000000     
   0.0000000000000000     
   0.0000000000000000     
   0.0000000000000000     
   0.0000000000000000     
   0.0000000000000000     
   0.0000000000000000     
   0.0000000000000000     
   0.0000000000000000     
   0.0000000000000000     
   3.6293769573111693E-008
   1.7679737961713915E-006
  -2.2767483248693943E-006
   4.5831750821648729E-006
  -8.8938577813213426E-007
   3.2581761705604548E-006
  -1.2926536808600036E-005
  -6.6218688424215729E-006
  -5.3932399038748316E-006
  -1.5427332012083468E-005
  -9.0606208628641157E-006
  -2.6673511151458907E-006
   1.0305722242072067E-006
   5.9709602878976098E-007
   3.0470702989271439E-007
   4.5118011842640555E-006
   0.0000000000000000     
   0.0000000000000000     
   0.0000000000000000     
   0.0000000000000000     
   0.0000000000000000     
   0.0000000000000000     
   0.0000000000000000     
   0.0000000000000000     
   0.0000000000000000     
   0.0000000000000000     
   0.0000000000000000     
   0.0000000000000000     
   0.0000000000000000     
   0.0000000000000000     
   0.0000000000000000     
   0.0000000000000000     
   5.5541787152332162E-006
   5.4657938715816412E-006
  -4.2431307945305321E-006
  -3.9698765424163232E-006
  -5.0088144401242480E-006
   1.9120551364788732E-006
   1.3017191580984246E-006
   2.0243359181072077E-005
  -5.3768239007756219E-006
   5.9143375302277323E-006
  -1.2617961525934087E-005
  -1.3665309865164049E-005
   1.5333173218590306E-006
   2.0973605978374896E-006
   4.8771286963510456E-007
   1.8362918426926669E-006
   0.0000000000000000     
   0.0000000000000000     
   0.0000000000000000     
   0.0000000000000000     
   0.0000000000000000     
   0.0000000000000000     
   0.0000000000000000     
   0.0000000000000000     
   0.0000000000000000     
   0.0000000000000000     
   0.0000000000000000     
   0.0000000000000000     
   0.0000000000000000     
   0.0000000000000000     
   0.0000000000000000     
   0.0000000000000000     
   8.0469119809726283E-006
  -1.1634746746499398E-006
   2.1990385335649349E-007
  -3.8923484601704571E-008
  -4.8182283735522962E-006
  -9.9472018763462822E-006
   1.1498409240242162E-005
  -4.5949918211912405E-006
  -2.9928634854352582E-005
  -5.8077490836618289E-006
   6.5386945747022977E-006
  -3.5859327640630626E-006
  -4.4083775404033438E-006
   1.7954306139904234E-005
   1.5292336425173861E-006
  -2.5502338303083165E-006
   0.0000000000000000     
   0.0000000000000000     
   0.0000000000000000     
   0.0000000000000000     
   0.0000000000000000     
   0.0000000000000000     
   0.0000000000000000     
   0.0000000000000000     
   0.0000000000000000     
   0.0000000000000000     
   0.0000000000000000     
   0.0000000000000000     
   0.0000000000000000     
   0.0000000000000000     
   0.0000000000000000     
   0.0000000000000000     
  -5.1888096909508838E-006
   9.8277944184861732E-006
  -4.4384240840193457E-006
   4.4577500797108307E-006
   5.2342671413850622E-006
   1.1845808115915495E-004
   3.8645860092539665E-006
  -1.0798606554121619E-005
   1.1428496906230360E-005
   1.6206772989325265E-005
  -5.4281927442089367E-006
  -2.1586894010712699E-006
   6.5351873644596806E-006
  -3.5668579897316172E-006
  -5.5982801415312079E-007
  -1.0508151759918737E-007
   0.0000000000000000     
   0.0000000000000000     
   0.0000000000000000     
   0.0000000000000000     
   0.0000000000000000     
   0.0000000000000000     
   0.0000000000000000     
   0.0000000000000000     
   0.0000000000000000     
   0.0000000000000000     
   0.0000000000000000     
   0.0000000000000000     
   0.0000000000000000     
   0.0000000000000000     
   0.0000000000000000     
   0.0000000000000000     
   1.3250253178807339E-006
   2.6056432872101291E-006
  -4.6283425882088225E-006
  -1.9725423316884926E-006
   4.6562660542263811E-006
   8.2243133217013828E-006
   5.3146861496000049E-006
  -8.5333999089690561E-006
  -1.7127334939633500E-005
  -8.9070595218082480E-006
  -9.9582719608644174E-006
  -2.5723551126369389E-005
  -1.4345023192123138E-005
  -6.3841223602113282E-006
  -6.1923518564636934E-007
   2.0826017482539792E-006
   0.0000000000000000     
   0.0000000000000000     
   0.0000000000000000     
   0.0000000000000000     
   0.0000000000000000     
   0.0000000000000000     
   0.0000000000000000     
   0.0000000000000000     
   0.0000000000000000     
   0.0000000000000000     
   0.0000000000000000     
   0.0000000000000000     
   0.0000000000000000     
   0.0000000000000000     
   0.0000000000000000     
   0.0000000000000000     
   2.7760654713212674E-007
   1.7631922828307043E-006
  -1.4066686024875901E-007
  -9.0493777236024631E-006
  -2.4600458140108654E-006
   6.7417858789106707E-006
   1.6243178727896031E-006
  -6.1485612481300661E-006
  -2.4386579251126086E-005
   1.8332901778966394E-006
   4.7614424115106267E-006
  -8.0912338128063245E-006
  -8.0579805756741249E-006
   3.4244150911080928E-006
  -7.9197834404343340E-006
  -3.6163434137812801E-006
   0.0000000000000000     
   0.0000000000000000     
   0.0000000000000000     
   0.0000000000000000     
   0.0000000000000000     
   0.0000000000000000     
   0.0000000000000000     
   0.0000000000000000     
   0.0000000000000000     
   0.0000000000000000     
   0.0000000000000000     
   0.0000000000000000     
   0.0000000000000000     
   0.0000000000000000     
   0.0000000000000000     
   0.0000000000000000     
  -1.8709426659879187E-006
  -1.0772887573391884E-006
   1.7303213581454164E-006
  -3.7022552694751511E-007
   3.5355144916596913E-006
  -3.7977359109512600E-006
  -8.3665081525022924E-006
   1.7491462952295856E-006
   2.2999447092869936E-005
  -6.1353907194551816E-006
  -1.1857757944124181E-005
   1.3263019772753442E-005
   2.0090784248970200E-005
  -5.9771655001844718E-006
  -5.7559528762407397E-007
  -9.4085961816385693E-006
   0.0000000000000000     
   0.0000000000000000     
   0.0000000000000000     
   0.0000000000000000     
   0.0000000000000000     
   0.0000000000000000     
   0.0000000000000000     
   0.0000000000000000     
   0.0000000000000000     
   0.0000000000000000     
   0.0000000000000000     
   0.0000000000000000     
   0.0000000000000000     
   0.0000000000000000     
   0.0000000000000000     
   0.0000000000000000     
  -3.4681225606330419E-006
  -4.9184624931492445E-006
  -3.2665082162139763E-006
   1.1305157104036184E-006
  -6.2726487174109534E-007
  -3.2236911178631144E-005
  -3.1059547455454351E-006
   8.8516973170829387E-006
   1.5147959954129068E-006
  -1.7708144514967966E-005
  -8.4239494526827570E-006
   3.1164832162769169E-006
   2.4451727635059715E-005
  -2.6868712140696482E-006
  -3.3304761886989802E-006
  -2.3897553392363614E-006
   0.0000000000000000     
   0.0000000000000000     
   0.0000000000000000     
   0.0000000000000000     
   0.0000000000000000     
   0.0000000000000000     
   0.0000000000000000     
   0.0000000000000000     
   0.0000000000000000     
   0.0000000000000000     
   0.0000000000000000     
   0.0000000000000000     
   0.0000000000000000     
   0.0000000000000000     
   0.0000000000000000     
   0.0000000000000000     
   5.4934745380964412E-007
   3.0022377118472417E-006
  -6.7572239669806416E-006
   1.5132649598311163E-007
  -1.7140451708248993E-005
   1.5527753679571181E-005
   5.1114682717685207E-005
   8.2358249355164965E-006
  -1.6294153219338769E-004
   2.4511351753308091E-006
   1.2433773674004936E-004
  -9.1981742580376725E-006
  -1.3188243882578088E-004
   1.4203445843508211E-005
   1.4915738176868420E-005
  -2.4534121172159937E-006
   0.0000000000000000     
   0.0000000000000000     
   0.0000000000000000     
   0.0000000000000000     
   0.0000000000000000     
   0.0000000000000000     
   0.0000000000000000     
   0.0000000000000000     
   0.0000000000000000     
   0.0000000000000000     
   0.0000000000000000     
   0.0000000000000000     
   0.0000000000000000     
   0.0000000000000000     
   0.0000000000000000     
   0.0000000000000000     
  -4.2582689283734800E-006
  -1.4870171045685134E-006
   1.7165524364814849E-006
  -6.3873991136206355E-007
   3.8574561526821945E-006
  -4.5209030002618137E-006
  -3.7201090627575564E-006
  -1.0257965867653800E-005
   1.0529235162028245E-005
   3.6491992960986545E-006
  -5.4081452782917089E-006
  -4.0910659434047567E-006
   1.6989512441020596E-005
  -1.5123185915523960E-006
  -8.9579858403380362E-007
   4.8080027276538559E-006
   0.0000000000000000     
   0.0000000000000000     
   0.0000000000000000     
   0.0000000000000000     
   0.0000000000000000     
   0.0000000000000000     
   0.0000000000000000     
   0.0000000000000000     
   0.0000000000000000     
   0.0000000000000000     
   0.0000000000000000     
   0.0000000000000000     
   0.0000000000000000     
   0.0000000000000000     
   0.0000000000000000     
   0.0000000000000000     
   0.0000000000000000     
   0.0000000000000000     
   0.0000000000000000     
   0.0000000000000000     
   0.0000000000000000     
   0.0000000000000000     
   0.0000000000000000     
   0.0000000000000000     
   0.0000000000000000     
   0.0000000000000000     
   0.0000000000000000     
   0.0000000000000000     
   0.0000000000000000     
   0.0000000000000000     
   0.0000000000000000     
   0.0000000000000000     
  -9.5061755345526493E-006
  -1.5975634337423424E-006
   4.3272660214694463E-006
  -9.0632355260888603E-007
  -5.7042896263405903E-006
   3.5204891118921885E-007
   2.6391956036587778E-005
   1.2097862406388205E-005
  -4.7063484654354674E-006
   2.6487513550162882E-006
  -7.6673156840037955E-006
  -1.7439519430621095E-006
  -4.2023066573954902E-006
   2.8045973155402337E-006
   1.0071026408160329E-005
   1.1728517019674620E-006
   0.0000000000000000     
   0.0000000000000000     
   0.0000000000000000     
   0.0000000000000000     
   0.0000000000000000     
   0.0000000000000000     
   0.0000000000000000     
   0.0000000000000000     
   0.0000000000000000     
   0.0000000000000000     
   0.0000000000000000     
   0.0000000000000000     
   0.0000000000000000     
   0.0000000000000000     
   0.0000000000000000     
   0.0000000000000000     
  -1.0961747370394198E-005
   1.9277044295028395E-005
   2.2959229623251912E-006
   5.1644015501428055E-006
  -1.4157463625449038E-005
  -6.7296787400812674E-006
   6.7933508433189178E-006
  -1.3628411702905805E-007
   5.1312351361854270E-006
   1.7293635317225391E-005
  -2.1667607301901803E-006
   4.4165711236214966E-006
  -2.1324187154559050E-005
   1.1506171954991055E-006
   1.9087217158119214E-005
  -5.4407722712434453E-008
   0.0000000000000000     
   0.0000000000000000     
   0.0000000000000000     
   0.0000000000000000     
   0.0000000000000000     
   0.0000000000000000     
   0.0000000000000000     
   0.0000000000000000     
   0.0000000000000000     
   0.0000000000000000     
   0.0000000000000000     
   0.0000000000000000     
   0.0000000000000000     
   0.0000000000000000     
   0.0000000000000000     
   0.0000000000000000     
  -6.2546773889903824E-006
  -1.6267603621523287E-006
  -6.5222803065385246E-006
  -8.6517579988516292E-006
  -1.6555980041418668E-006
  -2.2138504782230986E-006
  -2.4015347979159545E-006
  -1.0933481554606649E-006
   1.0683555931522142E-005
   3.6957081056639122E-006
  -5.1761881513168712E-006
   6.0194734613560621E-006
  -1.0287390487957055E-006
   1.2577345833463460E-005
  -3.5106683423439503E-006
  -8.7655680389393935E-009
   0.0000000000000000     
   0.0000000000000000     
   0.0000000000000000     
   0.0000000000000000     
   0.0000000000000000     
   0.0000000000000000     
   0.0000000000000000     
   0.0000000000000000     
   0.0000000000000000     
   0.0000000000000000     
   0.0000000000000000     
   0.0000000000000000     
   0.0000000000000000     
   0.0000000000000000     
   0.0000000000000000     
   0.0000000000000000     
  -6.8321821567177673E-007
  -6.3911971480728170E-006
  -7.0115549048094118E-006
   2.1955694519729868E-006
   2.1878467251950061E-006
   3.2160378084789905E-006
  -3.8631936623763526E-006
  -5.9170379672984449E-006
   1.9311881695214733E-006
  -2.2264774161652647E-007
  -3.0022594860383929E-006
   9.3355745437161779E-006
  -3.9788585637693836E-006
   7.1435719073375396E-006
   4.9451660068105820E-006
   1.7743309951092691E-006
   0.0000000000000000     
   0.0000000000000000     
   0.0000000000000000     
   0.0000000000000000     
   0.0000000000000000     
   0.0000000000000000     
   0.0000000000000000     
   0.0000000000000000     
   0.0000000000000000     
   0.0000000000000000     
   0.0000000000000000     
   0.0000000000000000     
   0.0000000000000000     
   0.0000000000000000     
   0.0000000000000000     
   0.0000000000000000     
  -3.9343548392896626E-006
  -2.0760157289152766E-005
   2.1664836463993054E-006
  -5.8878203890750259E-006
   2.5523071363241396E-005
  -6.2954830626802851E-006
   1.1324815590466186E-005
  -3.8864716151496326E-006
  -7.2451770854219667E-006
  -1.8879274101062407E-005
  -6.2076794238882943E-007
  -1.3648641977401330E-005
   7.5350702489174605E-007
  -2.0645707316020430E-006
   1.8985457905065897E-005
   6.1902699094852269E-006
   0.0000000000000000     
   0.0000000000000000     
   0.0000000000000000     
   0.0000000000000000     
   0.0000000000000000     
   0.0000000000000000     
   0.0000000000000000     
   0.0000000000000000     
   0.0000000000000000     
   0.0000000000000000     
   0.0000000000000000     
   0.0000000000000000     
   0.0000000000000000     
   0.0000000000000000     
   0.0000000000000000     
   0.0000000000000000     
   2.6544755728769686E-005
  -5.6124051910411665E-005
  -5.1633600390920928E-006
  -1.5510784419533843E-005
   1.6804018239162327E-005
  -1.3795777403074534E-005
  -1.7003227855502444E-005
   2.9010461920223080E-006
  -5.5100996893492690E-006
  -9.7608817709221611E-006
   1.4936057517725019E-006
   5.5572865807918760E-006
   3.3614759819951133E-006
  -2.6602683137115883E-007
  -1.4278600906561483E-006
  -5.9095237267753738E-007
   0.0000000000000000     
   0.0000000000000000     
   0.0000000000000000     
   0.0000000000000000     
   0.0000000000000000     
   0.0000000000000000     
   0.0000000000000000     
   0.0000000000000000     
   0.0000000000000000     
   0.0000000000000000     
   0.0000000000000000     
   0.0000000000000000     
   0.0000000000000000     
   0.0000000000000000     
   0.0000000000000000     
   0.0000000000000000     
  -1.4230023983255842E-006
   6.8599361395475484E-006
  -1.1628726677833125E-006
  -7.6264998070898664E-006
  -2.7273134394726488E-007
   6.5362917453794297E-006
   1.3667611573819602E-005
  -9.5591548662240922E-007
   7.9667698225870748E-006
   1.4767598762462945E-005
  -6.4288526051403456E-007
  -6.9928358044452717E-006
  -7.5708063265585978E-006
  -2.6243283241169814E-006
  -8.4001544975984978E-005
  -9.1357314130536239E-006
   0.0000000000000000     
   0.0000000000000000     
   0.0000000000000000     
   0.0000000000000000     
   0.0000000000000000     
   0.0000000000000000     
   0.0000000000000000     
   0.0000000000000000     
   0.0000000000000000     
   0.0000000000000000     
   0.0000000000000000     
   0.0000000000000000     
   0.0000000000000000     
   0.0000000000000000     
   0.0000000000000000     
   0.0000000000000000     
  -2.0337331751560603E-008
   1.9084163735722421E-005
   1.8751724985180695E-006
  -2.3331648960500407E-006
   8.4643975032263363E-006
   6.7784530087988844E-006
   3.1229002239757056E-006
  -1.2772075173593655E-005
   2.5891080969872496E-006
   4.0812316644735148E-006
  -1.1506307684052922E-006
   1.8969430358387146E-006
  -3.6250880235820307E-006
   3.7331456585807090E-006
  -5.6012272837416805E-006
   9.1519929181164191E-007
   0.0000000000000000     
   0.0000000000000000     
   0.0000000000000000     
   0.0000000000000000     
   0.0000000000000000     
   0.0000000000000000     
   0.0000000000000000     
   0.0000000000000000     
   0.0000000000000000     
   0.0000000000000000     
   0.0000000000000000     
   0.0000000000000000     
   0.0000000000000000     
   0.0000000000000000     
   0.0000000000000000     
   0.0000000000000000     
  -1.7163317957091318E-006
   6.4770005695496607E-006
   6.0735045920896501E-007
  -1.6067198365031280E-006
  -3.1615108712899056E-005
   1.8925921204430953E-005
   1.5220452117023202E-005
  -1.6115409581350648E-005
   3.4053101767871102E-005
   1.1604210093608294E-004
   8.1017004151179055E-006
   6.6248882053157283E-006
   9.4596767474314827E-006
   3.2123127198402470E-005
  -9.2569986628581366E-005
   1.6388831186597204E-005
   0.0000000000000000     
   0.0000000000000000     
   0.0000000000000000     
   0.0000000000000000     
   0.0000000000000000     
   0.0000000000000000     
   0.0000000000000000     
   0.0000000000000000     
   0.0000000000000000     
   0.0000000000000000     
   0.0000000000000000     
   0.0000000000000000     
   0.0000000000000000     
   0.0000000000000000     
   0.0000000000000000     
   0.0000000000000000     
   2.1288582937055205E-005
   2.7805267349335255E-005
   2.4976159273237541E-006
  -1.5267937997557561E-005
   1.4021451177860157E-005
  -1.7392026658282409E-005
  -3.2365240827757165E-007
   6.6005036433149306E-006
  -3.4393618656075324E-006
  -1.9107636169513239E-005
  -6.2626477862896043E-006
   1.1222054334036055E-005
   3.3749562243358273E-006
  -1.4130692742161114E-005
  -7.6716454465989339E-006
   2.1546268856807795E-006
   0.0000000000000000     
   0.0000000000000000     
   0.0000000000000000     
   0.0000000000000000     
   0.0000000000000000     
   0.0000000000000000     
   0.0000000000000000     
   0.0000000000000000     
   0.0000000000000000     
   0.0000000000000000     
   0.0000000000000000     
   0.0000000000000000     
   0.0000000000000000     
   0.0000000000000000     
   0.0000000000000000     
   0.0000000000000000     
   8.1613703985812678E-006
  -1.8629691479161359E-007
  -3.2512013232366366E-006
   1.7815155380711826E-006
   2.0212476785340989E-006
   7.7425802585074011E-006
  -1.3026410789808315E-005
  -3.9219071943463593E-007
  -5.6203880804104658E-006
   2.3501223076142815E-005
   1.4038404095614236E-005
  -2.5560606551334379E-005
   6.3770151020915389E-006
   1.6406670731851372E-005
   1.6695197468732546E-004
   5.2170208479828963E-006
   0.0000000000000000     
   0.0000000000000000     
   0.0000000000000000     
   0.0000000000000000     
   0.0000000000000000     
   0.0000000000000000     
   0.0000000000000000     
   0.0000000000000000     
   0.0000000000000000     
   0.0000000000000000     
   0.0000000000000000     
   0.0000000000000000     
   0.0000000000000000     
   0.0000000000000000     
   0.0000000000000000     
   0.0000000000000000     
  -1.2868823534933948E-005
   2.5309019304188881E-005
  -1.4467108531783311E-006
   2.3468250688566646E-005
  -1.8103589721164140E-005
   2.4666868040474216E-006
  -3.3629814891561259E-006
  -9.2579906515074068E-006
  -9.3386058639652741E-006
  -6.1967092661532567E-007
   1.6684145401768789E-006
   2.1749157709904263E-005
  -3.9919254319551265E-006
  -1.7810410699597033E-006
  -2.2040313054653171E-006
   1.3245974333738662E-007
   0.0000000000000000     
   0.0000000000000000     
   0.0000000000000000     
   0.0000000000000000     
   0.0000000000000000     
   0.0000000000000000     
   0.0000000000000000     
   0.0000000000000000     
   0.0000000000000000     
   0.0000000000000000     
   0.0000000000000000     
   0.0000000000000000     
   0.0000000000000000     
   0.0000000000000000     
   0.0000000000000000     
   0.0000000000000000     
  -8.2114923855829135E-006
  -1.0048916664933364E-005
   3.5097740409249550E-006
   9.9930449910674028E-006
  -3.2344609185487389E-006
   2.5294456818445497E-006
  -1.4646425252323235E-005
   3.3364601274239663E-006
  -2.9549940473462006E-007
   1.0783667659647051E-005
   5.7166433440024184E-006
   1.0884597435291891E-006
  -4.7574466243074858E-005
  -2.7829120512832447E-006
  -1.0023024096367285E-005
  -1.4715977596121654E-005
   0.0000000000000000     
   0.0000000000000000     
   0.0000000000000000     
   0.0000000000000000     
   0.0000000000000000     
   0.0000000000000000     
   0.0000000000000000     
   0.0000000000000000     
   0.0000000000000000     
   0.0000000000000000     
   0.0000000000000000     
   0.0000000000000000     
   0.0000000000000000     
   0.0000000000000000     
   0.0000000000000000     
   0.0000000000000000     
   2.5607643677330572E-006
  -6.3669511929237707E-008
   4.5384259831017223E-006
   9.7529303324942731E-007
  -1.1089518940704923E-006
  -7.6385853255218431E-007
   1.0386698071297812E-005
   2.1401778437227865E-007
   1.4972035597445198E-008
  -8.2014898129339360E-006
   3.6689877672139124E-006
   3.8483012074856539E-006
  -4.5016075946884053E-006
   9.4446393853463033E-007
  -3.7966490825714132E-006
  -1.2258530243886353E-006
   0.0000000000000000     
   0.0000000000000000     
   0.0000000000000000     
   0.0000000000000000     
   0.0000000000000000     
   0.0000000000000000     
   0.0000000000000000     
   0.0000000000000000     
   0.0000000000000000     
   0.0000000000000000     
   0.0000000000000000     
   0.0000000000000000     
   0.0000000000000000     
   0.0000000000000000     
   0.0000000000000000     
   0.0000000000000000     
  -1.0788204304386467E-005
   2.7301828663472322E-005
   1.0772324335799197E-006
   1.3134120659487667E-005
  -8.7895917905452721E-006
   3.0981463569020592E-006
  -5.6374376415574272E-007
  -7.8302107328383127E-007
   8.1749030689613902E-008
  -8.8016183897890381E-007
   1.5351738705739695E-007
   3.2226804917226845E-007
   2.7164696074701339E-006
  -2.8647320413410764E-006
  -1.6622554345453680E-005
  -2.2649226506833789E-006
   0.0000000000000000     
   0.0000000000000000     
   0.0000000000000000     
   0.0000000000000000     
   0.0000000000000000     
   0.0000000000000000     
   0.0000000000000000     
   0.0000000000000000     
   0.0000000000000000     
   0.0000000000000000     
   0.0000000000000000     
   0.0000000000000000     
   0.0000000000000000     
   0.0000000000000000     
   0.0000000000000000     
   0.0000000000000000     
  -2.3996976753860838E-006
  -4.1239201483586738E-006
   7.5482281321092520E-007
  -1.6394460459604377E-006
  -8.4093161539407501E-006
  -7.4789665726555506E-008
   1.3851045446424197E-006
  -7.0372474749364603E-006
  -1.9202894223469888E-006
  -1.5016070879374780E-006
  -4.9015822705201996E-007
  -6.7236688703286001E-006
  -2.4639590112648923E-006
  -1.1510579488621836E-006
  -6.6095246376188426E-006
  -5.5474590202628206E-006
