  0.81562979142963754     
  0.11988517142887578     
  -5.8834711213435129E-002
  0.12748980249914293     
  0.16509068917999520     
   4.6372210057558608E-002
  -4.4602986223427177E-002
   5.3042849784455393E-002
 -0.10263131593926092     
  -3.0992684922005093E-002
  -3.9009125402507491E-002
  -8.5793416339544556E-003
  -1.4145244651807661E-002
   2.8901698361648832E-002
   2.4368066994451692E-002
   3.6961722632075963E-002
   0.0000000000000000     
   0.0000000000000000     
   0.0000000000000000     
   0.0000000000000000     
   0.0000000000000000     
   0.0000000000000000     
   0.0000000000000000     
   0.0000000000000000     
   0.0000000000000000     
   0.0000000000000000     
   0.0000000000000000     
   0.0000000000000000     
   0.0000000000000000     
   0.0000000000000000     
   0.0000000000000000     
   0.0000000000000000     
  0.12891253778741299     
   9.6152472774899897E-002
  0.12054834640213807     
   2.9334872234744902E-002
   3.6254651013527504E-002
  0.10978186068092406     
   4.0847902179118406E-002
  -3.8730403947804116E-002
  -3.4245354242951463E-002
   1.3543292798425649E-002
   6.0522200186096621E-003
  -2.4710053894895313E-002
  -4.1685141282268665E-003
  -9.3890877694191594E-003
  -3.0482129418806275E-003
   1.8372702481790962E-002
   0.0000000000000000     
   0.0000000000000000     
   0.0000000000000000     
   0.0000000000000000     
   0.0000000000000000     
   0.0000000000000000     
   0.0000000000000000     
   0.0000000000000000     
   0.0000000000000000     
   0.0000000000000000     
   0.0000000000000000     
   0.0000000000000000     
   0.0000000000000000     
   0.0000000000000000     
   0.0000000000000000     
   0.0000000000000000     
  -5.7129666461416387E-002
  0.12049149752663627     
  0.83612156216870903     
  0.13290989730534086     
  -5.4139347655034288E-002
   5.1440554976779927E-002
  0.16268785881757686     
   4.7106509626938832E-002
  -3.8445379767944168E-002
  -3.4879041722889442E-002
 -0.10709614200172261     
  -2.6600081104361888E-002
   1.8849915504429673E-002
   3.3854030714358767E-002
  -1.0328824839969148E-002
   3.8371927972039879E-002
   0.0000000000000000     
   0.0000000000000000     
   0.0000000000000000     
   0.0000000000000000     
   0.0000000000000000     
   0.0000000000000000     
   0.0000000000000000     
   0.0000000000000000     
   0.0000000000000000     
   0.0000000000000000     
   0.0000000000000000     
   0.0000000000000000     
   0.0000000000000000     
   0.0000000000000000     
   0.0000000000000000     
   0.0000000000000000     
  0.12873118858630994     
   2.5790302799406185E-002
  0.11981397889342434     
  0.11246561405532407     
   3.7957371092301975E-002
  -2.5036049713054908E-002
   3.9000748664698680E-002
  0.12443858280960729     
  -2.0212327005477475E-002
  -3.0098087625325187E-002
  -3.3959660225176699E-002
   1.0470556438235707E-002
  -1.1043062275915357E-003
   1.1183622835580709E-002
  -2.8795030808834843E-004
  -5.2671658220205964E-003
   0.0000000000000000     
   0.0000000000000000     
   0.0000000000000000     
   0.0000000000000000     
   0.0000000000000000     
   0.0000000000000000     
   0.0000000000000000     
   0.0000000000000000     
   0.0000000000000000     
   0.0000000000000000     
   0.0000000000000000     
   0.0000000000000000     
   0.0000000000000000     
   0.0000000000000000     
   0.0000000000000000     
   0.0000000000000000     
  0.16242396214651852     
   3.7711386466338544E-002
  -2.6307031991821033E-002
   3.8853168095498776E-002
  0.26355306901636372     
  0.12338862118252472     
  -2.8692707022145983E-003
  0.12820871546552365     
  0.20119868938648686     
   4.3762360393416938E-002
  -4.2447024124187667E-002
   6.0087624243085877E-002
   1.7455626143194448E-002
  -3.9191071804425597E-002
  -3.3945970987636562E-002
  -3.4670531794580406E-002
   0.0000000000000000     
   0.0000000000000000     
   0.0000000000000000     
   0.0000000000000000     
   0.0000000000000000     
   0.0000000000000000     
   0.0000000000000000     
   0.0000000000000000     
   0.0000000000000000     
   0.0000000000000000     
   0.0000000000000000     
   0.0000000000000000     
   0.0000000000000000     
   0.0000000000000000     
   0.0000000000000000     
   0.0000000000000000     
   3.6939942987194940E-002
  0.10977151620427912     
   5.2638982677628343E-002
  -2.9045789426023056E-002
  0.12757427919473752     
  0.54991389702651694     
  0.12747902776909489     
 -0.11358593021519088     
  0.10818983542132724     
  0.18400122463325927     
  0.12253125036733700     
  -6.4558710987243584E-002
  -1.6799468318795668E-002
  -8.8322858732670956E-002
  -1.0801454527173172E-002
  -2.3201265054583892E-002
   0.0000000000000000     
   0.0000000000000000     
   0.0000000000000000     
   0.0000000000000000     
   0.0000000000000000     
   0.0000000000000000     
   0.0000000000000000     
   0.0000000000000000     
   0.0000000000000000     
   0.0000000000000000     
   0.0000000000000000     
   0.0000000000000000     
   0.0000000000000000     
   0.0000000000000000     
   0.0000000000000000     
   0.0000000000000000     
  -3.8011137297966298E-002
   3.5153168419051230E-002
  0.13279664203764288     
   4.0943298022229138E-002
  -2.3056639547039112E-002
  0.13993668327116970     
  0.23252043050294571     
  0.13837495743836895     
  -2.4769548969703709E-002
   7.9513347690510411E-002
  0.17738221821730660     
   5.7555138326382281E-002
  -3.1709596457494028E-002
  -3.1395681269482847E-002
   1.5246725686663926E-002
  -2.9316751012292492E-002
   0.0000000000000000     
   0.0000000000000000     
   0.0000000000000000     
   0.0000000000000000     
   0.0000000000000000     
   0.0000000000000000     
   0.0000000000000000     
   0.0000000000000000     
   0.0000000000000000     
   0.0000000000000000     
   0.0000000000000000     
   0.0000000000000000     
   0.0000000000000000     
   0.0000000000000000     
   0.0000000000000000     
   0.0000000000000000     
   3.7258456881876401E-002
  -3.5530741442798316E-002
   4.5273785389840407E-002
  0.11194436228269440     
  0.13873979029447900     
 -0.14170557136008732     
  0.12501717209272378     
  0.58330952560343874     
  0.13690501922609746     
  -5.8988139325742650E-002
   5.2393926179222151E-002
  0.19247031832699715     
  -8.2236560051845743E-003
  -3.6323959082711257E-002
  -1.1526898172299835E-002
  -9.9593515895718659E-002
   0.0000000000000000     
   0.0000000000000000     
   0.0000000000000000     
   0.0000000000000000     
   0.0000000000000000     
   0.0000000000000000     
   0.0000000000000000     
   0.0000000000000000     
   0.0000000000000000     
   0.0000000000000000     
   0.0000000000000000     
   0.0000000000000000     
   0.0000000000000000     
   0.0000000000000000     
   0.0000000000000000     
   0.0000000000000000     
 -0.11271408786747528     
  -1.3011890791264002E-002
  -2.1073138857258065E-002
  -1.4650947117227545E-002
  0.18486404677026627     
   8.6801910610382976E-002
  -4.0643191618177157E-002
   8.5603875020551723E-002
  0.55863092086572164     
  0.15943707392298404     
 -0.15555772454963673     
  0.13073311697654771     
  0.12519233062049928     
   4.4818578063624881E-002
  -3.1918823627350504E-002
   4.1677376866356433E-002
   0.0000000000000000     
   0.0000000000000000     
   0.0000000000000000     
   0.0000000000000000     
   0.0000000000000000     
   0.0000000000000000     
   0.0000000000000000     
   0.0000000000000000     
   0.0000000000000000     
   0.0000000000000000     
   0.0000000000000000     
   0.0000000000000000     
   0.0000000000000000     
   0.0000000000000000     
   0.0000000000000000     
   0.0000000000000000     
  -3.2407194863727055E-002
   3.1763361484202897E-002
  -2.0326805760554595E-002
  -4.8853140487688872E-002
   5.2683363669048897E-002
  0.19901071597379846     
   6.6509953383658060E-002
  -7.1710625233687708E-002
  0.13579126708748043     
  0.24956825968980709     
  0.13312330889423993     
  -4.0114477125315670E-002
   3.4847396534832285E-002
  0.15405432908624067     
   2.8225490720378738E-002
  -4.3238332651060814E-002
   0.0000000000000000     
   0.0000000000000000     
   0.0000000000000000     
   0.0000000000000000     
   0.0000000000000000     
   0.0000000000000000     
   0.0000000000000000     
   0.0000000000000000     
   0.0000000000000000     
   0.0000000000000000     
   0.0000000000000000     
   0.0000000000000000     
   0.0000000000000000     
   0.0000000000000000     
   0.0000000000000000     
   0.0000000000000000     
  -2.2285622698652176E-002
  -3.4321880334167304E-003
  -9.6002374124606299E-002
  -1.3685933843065660E-002
  -2.5350888206140277E-002
  0.10073750267514110     
  0.17589282966863978     
   9.9149450703809941E-002
 -0.24550641478504653     
  0.10022171177656010     
  0.57829122967052482     
  0.12447493123176803     
  -5.2991859156139909E-002
   6.7278894172231124E-002
  0.11138184193345797     
   4.8656401208185887E-002
   0.0000000000000000     
   0.0000000000000000     
   0.0000000000000000     
   0.0000000000000000     
   0.0000000000000000     
   0.0000000000000000     
   0.0000000000000000     
   0.0000000000000000     
   0.0000000000000000     
   0.0000000000000000     
   0.0000000000000000     
   0.0000000000000000     
   0.0000000000000000     
   0.0000000000000000     
   0.0000000000000000     
   0.0000000000000000     
  -3.3000107097991560E-002
  -3.1023235705208874E-002
  -2.4921837338421255E-002
   1.4947760679407521E-002
   5.6744553568472265E-002
  -5.7810576883040629E-002
   5.0308902192610208E-002
  0.18847896247429027     
  0.10015851032483929     
  -7.5280561149602175E-003
  0.11430291537794075     
  0.25052022853900741     
   3.7872941980816643E-002
  -3.3407191241739007E-002
   3.9085146780495850E-002
  0.16434244297241946     
   0.0000000000000000     
   0.0000000000000000     
   0.0000000000000000     
   0.0000000000000000     
   0.0000000000000000     
   0.0000000000000000     
   0.0000000000000000     
   0.0000000000000000     
   0.0000000000000000     
   0.0000000000000000     
   0.0000000000000000     
   0.0000000000000000     
   0.0000000000000000     
   0.0000000000000000     
   0.0000000000000000     
   0.0000000000000000     
  -1.7745618411987362E-002
   1.1893027312093213E-003
   1.7725715508028417E-002
  -5.1718268325388426E-003
   7.4148519204938715E-002
  -6.4302128328415113E-003
  -2.7278191390487823E-002
  -2.7962906313403015E-002
  0.13445957653642968     
   4.7888494741625334E-002
  -3.0366129188880105E-002
   9.0042169273050754E-002
  0.10980649663735290     
  0.11668527084542710     
   2.1398700904579626E-002
  0.10136315686147768     
   0.0000000000000000     
   0.0000000000000000     
   0.0000000000000000     
   0.0000000000000000     
   0.0000000000000000     
   0.0000000000000000     
   0.0000000000000000     
   0.0000000000000000     
   0.0000000000000000     
   0.0000000000000000     
   0.0000000000000000     
   0.0000000000000000     
   0.0000000000000000     
   0.0000000000000000     
   0.0000000000000000     
   0.0000000000000000     
   4.1398911860171826E-002
  -5.3308910553867455E-003
   2.7571065884602713E-002
   1.4688932012440356E-002
  -4.3061375399102535E-002
  -7.9538518168640215E-002
  -3.4119879422582239E-002
  -1.9449311074909402E-002
   4.5226154201842964E-002
  0.16140606949225642     
   4.2644547917219541E-002
  -3.6145108943656634E-002
  0.13230958039191426     
  0.82954480999538305     
  0.12866954735112232     
  -5.1218752081983343E-002
   0.0000000000000000     
   0.0000000000000000     
   0.0000000000000000     
   0.0000000000000000     
   0.0000000000000000     
   0.0000000000000000     
   0.0000000000000000     
   0.0000000000000000     
   0.0000000000000000     
   0.0000000000000000     
   0.0000000000000000     
   0.0000000000000000     
   0.0000000000000000     
   0.0000000000000000     
   0.0000000000000000     
   0.0000000000000000     
   1.4998852916226862E-002
   2.4654834762330873E-003
  -7.3851409242080088E-003
  -2.2637252556127565E-003
  -2.6224580489789373E-002
   9.7475700200242606E-003
   2.1598982619642111E-002
  -1.5412897241244630E-002
  -5.6244822905939476E-002
   2.8358299964984336E-002
  0.13599955650605602     
   2.1123799684557444E-002
   4.0934156224901694E-002
  0.12728526507839694     
  0.10545536212856758     
  0.14804194959547692     
   0.0000000000000000     
   0.0000000000000000     
   0.0000000000000000     
   0.0000000000000000     
   0.0000000000000000     
   0.0000000000000000     
   0.0000000000000000     
   0.0000000000000000     
   0.0000000000000000     
   0.0000000000000000     
   0.0000000000000000     
   0.0000000000000000     
   0.0000000000000000     
   0.0000000000000000     
   0.0000000000000000     
   0.0000000000000000     
   3.6453333736197378E-002
   1.2502741170968537E-002
   4.4801142512927147E-002
  -1.7425027382487853E-002
  -2.9453124803227437E-002
  -1.4721927038701848E-002
  -3.1162939200578894E-002
 -0.11454573351686145     
   5.4130930331676208E-002
  -4.4645571720818761E-002
   6.4577380526422271E-002
  0.15443697878135526     
  0.12342772840056812     
  -7.0252653669811080E-002
  0.11918596051857526     
  0.82851632989585045     
   0.0000000000000000     
   0.0000000000000000     
   0.0000000000000000     
   0.0000000000000000     
   0.0000000000000000     
   0.0000000000000000     
   0.0000000000000000     
   0.0000000000000000     
   0.0000000000000000     
   0.0000000000000000     
   0.0000000000000000     
   0.0000000000000000     
   0.0000000000000000     
   0.0000000000000000     
   0.0000000000000000     
   0.0000000000000000     
   0.0000000000000000     
   0.0000000000000000     
   0.0000000000000000     
   0.0000000000000000     
   0.0000000000000000     
   0.0000000000000000     
   0.0000000000000000     
   0.0000000000000000     
   0.0000000000000000     
   0.0000000000000000     
   0.0000000000000000     
   0.0000000000000000     
   0.0000000000000000     
   0.0000000000000000     
   0.0000000000000000     
   0.0000000000000000     
  0.11278140588288746     
  0.14640595643712936     
   2.8812469724561678E-002
  0.11656615075239160     
  0.11077629127085069     
   3.9151519739242399E-002
  -9.2235162033272953E-003
   5.8271077108015844E-002
   1.4101025810812889E-002
  -1.0736101009765261E-002
  -3.5198565895868783E-002
  -5.4084726208954922E-003
  -1.9840584191948802E-002
   1.0766593515133740E-003
   2.7376172583017465E-002
  -6.4576938336107018E-003
   0.0000000000000000     
   0.0000000000000000     
   0.0000000000000000     
   0.0000000000000000     
   0.0000000000000000     
   0.0000000000000000     
   0.0000000000000000     
   0.0000000000000000     
   0.0000000000000000     
   0.0000000000000000     
   0.0000000000000000     
   0.0000000000000000     
   0.0000000000000000     
   0.0000000000000000     
   0.0000000000000000     
   0.0000000000000000     
  0.12697426771405446     
  0.83638014581727838     
  0.11995289341019739     
  -5.0797632796572824E-002
   2.7195739009533752E-002
  0.14839190351701723     
   3.3137407798383305E-002
  -2.6608527026689366E-002
  -3.6953838966381512E-002
 -0.10255465022244363     
  -2.0496673816797768E-002
  -5.2762313847518102E-002
   5.5045684408346250E-002
  -8.0390689753976723E-003
   3.8629576778445765E-002
   1.1331473610667895E-002
   0.0000000000000000     
   0.0000000000000000     
   0.0000000000000000     
   0.0000000000000000     
   0.0000000000000000     
   0.0000000000000000     
   0.0000000000000000     
   0.0000000000000000     
   0.0000000000000000     
   0.0000000000000000     
   0.0000000000000000     
   0.0000000000000000     
   0.0000000000000000     
   0.0000000000000000     
   0.0000000000000000     
   0.0000000000000000     
   3.0921952945263741E-002
  0.11769470635163266     
  0.10104262485152807     
  0.12199541164008973     
  -2.4137839138785613E-002
   3.8760821459698988E-002
  0.10946795115302592     
   4.0853156851362052E-002
  -4.8342277558415039E-002
  -1.1475087753809232E-002
   1.7593464912496810E-002
  -1.8834737238480243E-002
   2.2610531783624203E-002
  -8.9815929463092255E-003
  -6.1835824344877530E-003
  -6.5253207425900166E-004
   0.0000000000000000     
   0.0000000000000000     
   0.0000000000000000     
   0.0000000000000000     
   0.0000000000000000     
   0.0000000000000000     
   0.0000000000000000     
   0.0000000000000000     
   0.0000000000000000     
   0.0000000000000000     
   0.0000000000000000     
   0.0000000000000000     
   0.0000000000000000     
   0.0000000000000000     
   0.0000000000000000     
   0.0000000000000000     
  0.14559294111189594     
  -4.8176422814885961E-002
  0.13353322882670743     
  0.81639159127932570     
   2.3203782237089667E-002
  -4.6707654926301301E-002
   3.9718320221272620E-002
  0.15276207220587731     
  -2.4695043819142681E-002
  -3.8950890313801154E-002
  -3.2809374059399293E-002
  -7.5833555492532345E-002
   3.0816739650718107E-002
   1.4336657961531224E-002
   4.0937050703787774E-002
  -6.1453290940388051E-003
   0.0000000000000000     
   0.0000000000000000     
   0.0000000000000000     
   0.0000000000000000     
   0.0000000000000000     
   0.0000000000000000     
   0.0000000000000000     
   0.0000000000000000     
   0.0000000000000000     
   0.0000000000000000     
   0.0000000000000000     
   0.0000000000000000     
   0.0000000000000000     
   0.0000000000000000     
   0.0000000000000000     
   0.0000000000000000     
  0.11716591607807532     
   3.7922568318229412E-002
  -3.7358570325729902E-002
   3.2077894182968296E-002
  0.54695540445890600     
  0.11959331939479094     
 -0.13432423116957917     
  0.13435776329449961     
  0.18487774778597049     
   9.2975172253575669E-002
  -3.9789554064007290E-002
  0.11628263313459666     
  -8.8303651426239541E-002
  -1.8236881389137108E-002
  -2.5278218551749464E-002
  -2.2658322300534613E-002
   0.0000000000000000     
   0.0000000000000000     
   0.0000000000000000     
   0.0000000000000000     
   0.0000000000000000     
   0.0000000000000000     
   0.0000000000000000     
   0.0000000000000000     
   0.0000000000000000     
   0.0000000000000000     
   0.0000000000000000     
   0.0000000000000000     
   0.0000000000000000     
   0.0000000000000000     
   0.0000000000000000     
   0.0000000000000000     
   4.2588284777037966E-002
  0.15649699247640636     
   3.6918432691781494E-002
  -5.4361291575059423E-002
  0.12996029931218175     
  0.25463074654203260     
  0.12329870306536786     
  -6.6168507256285395E-003
   6.0255210150683546E-002
  0.19458132727132232     
   5.5264909019641359E-002
  -5.6675737734808183E-002
  -4.4785443944655445E-002
   4.6248233917045804E-003
  -5.9344048688496208E-002
  -3.9815233179332263E-002
   0.0000000000000000     
   0.0000000000000000     
   0.0000000000000000     
   0.0000000000000000     
   0.0000000000000000     
   0.0000000000000000     
   0.0000000000000000     
   0.0000000000000000     
   0.0000000000000000     
   0.0000000000000000     
   0.0000000000000000     
   0.0000000000000000     
   0.0000000000000000     
   0.0000000000000000     
   0.0000000000000000     
   0.0000000000000000     
  -3.8983124495756166E-002
   2.5712628946846682E-002
  0.12459015540977869     
   4.1257591909472369E-002
 -0.13086634265431352     
  0.13822478538189609     
  0.59535807720298417     
  0.12473677990623297     
  -7.0043813093948151E-002
   8.7286767855883809E-002
  0.16399239794663645     
   8.8995524820683070E-002
  -6.9959394464036454E-003
  -2.2024648494274986E-002
  -9.2694590512719735E-002
  -2.2867848266740795E-003
   0.0000000000000000     
   0.0000000000000000     
   0.0000000000000000     
   0.0000000000000000     
   0.0000000000000000     
   0.0000000000000000     
   0.0000000000000000     
   0.0000000000000000     
   0.0000000000000000     
   0.0000000000000000     
   0.0000000000000000     
   0.0000000000000000     
   0.0000000000000000     
   0.0000000000000000     
   0.0000000000000000     
   0.0000000000000000     
   4.1324998125686414E-002
  -5.1716066496676996E-002
   4.1432226701906924E-002
  0.16231111009221494     
  0.14094459190537773     
   7.6854675052389905E-004
  0.13496239330334223     
  0.24518732704831864     
   4.2869408504587779E-002
  -4.8921751767341662E-002
   4.8363586376331119E-002
  0.18372405797436725     
  -3.9220689510062787E-002
  -3.3787896291193137E-002
  -2.7906303126909372E-002
   9.1408568840490312E-003
   0.0000000000000000     
   0.0000000000000000     
   0.0000000000000000     
   0.0000000000000000     
   0.0000000000000000     
   0.0000000000000000     
   0.0000000000000000     
   0.0000000000000000     
   0.0000000000000000     
   0.0000000000000000     
   0.0000000000000000     
   0.0000000000000000     
   0.0000000000000000     
   0.0000000000000000     
   0.0000000000000000     
   0.0000000000000000     
   1.9254738472514119E-002
  -4.5385844970412051E-002
  -2.9697296105164039E-002
  -2.7633894496373324E-002
  0.18826008716471096     
   4.7884779129162357E-002
  -6.4472646885806562E-002
   5.8168278405648220E-002
  0.25371894668315709     
  0.12932244394473527     
  -1.4621300707519972E-002
  0.11752302177727947     
  0.17365194946665258     
   4.3110663303078528E-002
  -4.4929127712611719E-002
  -8.9924781912638068E-003
   0.0000000000000000     
   0.0000000000000000     
   0.0000000000000000     
   0.0000000000000000     
   0.0000000000000000     
   0.0000000000000000     
   0.0000000000000000     
   0.0000000000000000     
   0.0000000000000000     
   0.0000000000000000     
   0.0000000000000000     
   0.0000000000000000     
   0.0000000000000000     
   0.0000000000000000     
   0.0000000000000000     
   0.0000000000000000     
  -4.4781232504082624E-003
 -0.13458241047658445     
  -1.4684052528755136E-002
  -1.4698309233882322E-004
   8.2220972077391041E-002
  0.19571644827043233     
  0.11381154528949333     
  -7.9532888083947345E-002
  0.15092360176047651     
  0.55846313517443047     
  0.11220109550904156     
 -0.10975390809267807     
   4.5697286547368321E-002
  0.12763861517347896     
   2.7884759128222709E-002
  -3.0460239041911641E-002
   0.0000000000000000     
   0.0000000000000000     
   0.0000000000000000     
   0.0000000000000000     
   0.0000000000000000     
   0.0000000000000000     
   0.0000000000000000     
   0.0000000000000000     
   0.0000000000000000     
   0.0000000000000000     
   0.0000000000000000     
   0.0000000000000000     
   0.0000000000000000     
   0.0000000000000000     
   0.0000000000000000     
   0.0000000000000000     
  -4.0871466149232802E-002
  -4.7532786314251334E-002
   1.6226203419887335E-002
  -4.3724172545876482E-002
  -4.5288838571056790E-002
   8.4953531665196008E-002
  0.20138224732965254     
   3.5624417525230011E-002
  -1.0711817816694023E-002
  0.12834893730562227     
  0.24132812675691478     
  0.12837518801237069     
  -4.6743566347479427E-002
   3.6616278432301856E-002
  0.17332068212556825     
   4.4803983822388468E-002
   0.0000000000000000     
   0.0000000000000000     
   0.0000000000000000     
   0.0000000000000000     
   0.0000000000000000     
   0.0000000000000000     
   0.0000000000000000     
   0.0000000000000000     
   0.0000000000000000     
   0.0000000000000000     
   0.0000000000000000     
   0.0000000000000000     
   0.0000000000000000     
   0.0000000000000000     
   0.0000000000000000     
   0.0000000000000000     
  -1.8435661585397656E-002
  -1.7304217280649202E-002
  -1.5751749787679313E-002
  -9.0166874527495583E-002
   9.4013727365922520E-002
  -5.7595589238299917E-002
   8.7968081303894302E-002
  0.18721487233179832     
  0.12951867964318886     
 -0.14315291673588684     
  0.13412991517652012     
  0.58393907088440800     
   4.4676104889742246E-002
  -3.1527851955637808E-002
   3.2194629093873502E-002
  0.12266665154564538     
   0.0000000000000000     
   0.0000000000000000     
   0.0000000000000000     
   0.0000000000000000     
   0.0000000000000000     
   0.0000000000000000     
   0.0000000000000000     
   0.0000000000000000     
   0.0000000000000000     
   0.0000000000000000     
   0.0000000000000000     
   0.0000000000000000     
   0.0000000000000000     
   0.0000000000000000     
   0.0000000000000000     
   0.0000000000000000     
  -1.4112164128428542E-002
   4.2831407208320293E-002
   2.4968675875027203E-002
   4.0733051133783463E-002
 -0.10486856401883468     
  -4.7550717347944950E-002
  -1.8796343939517377E-002
  -3.5469176335061629E-002
  0.15143690841163848     
   4.8159876124261418E-002
  -5.0800511065724238E-002
   9.5493582505399334E-003
  0.82173010016444115     
  0.12868159410598223     
  -5.7794960948460629E-002
  0.13094432561343453     
   0.0000000000000000     
   0.0000000000000000     
   0.0000000000000000     
   0.0000000000000000     
   0.0000000000000000     
   0.0000000000000000     
   0.0000000000000000     
   0.0000000000000000     
   0.0000000000000000     
   0.0000000000000000     
   0.0000000000000000     
   0.0000000000000000     
   0.0000000000000000     
   0.0000000000000000     
   0.0000000000000000     
   0.0000000000000000     
   4.5308665637520360E-004
  -9.9127604624901187E-003
   3.7085903337507656E-003
   1.6964180667619382E-002
  -1.1434036516177661E-002
   1.3647727796143778E-002
  -2.2093434799666863E-002
  -3.3160863501577251E-002
   3.3162111327692811E-002
  0.11779299737079311     
   2.9707987540404435E-002
  -2.7684590193952974E-002
  0.11020362563324212     
  0.10104443009862452     
  0.14153443933318818     
   3.5267458473225530E-002
   0.0000000000000000     
   0.0000000000000000     
   0.0000000000000000     
   0.0000000000000000     
   0.0000000000000000     
   0.0000000000000000     
   0.0000000000000000     
   0.0000000000000000     
   0.0000000000000000     
   0.0000000000000000     
   0.0000000000000000     
   0.0000000000000000     
   0.0000000000000000     
   0.0000000000000000     
   0.0000000000000000     
   0.0000000000000000     
   3.7429394288968264E-002
   3.5858210382465436E-002
  -1.1950963051308402E-002
   3.1446359892031074E-002
  -1.8761104065552460E-002
  -3.8528352668511637E-002
 -0.10979940364808352     
  -3.3794507685047173E-002
  -4.5729999073615184E-002
   4.8583399000706753E-002
  0.14226227542247899     
   4.8152647225362832E-002
  -4.9609980258586719E-002
  0.11624116960632676     
  0.82605762833348229     
  0.13037348790096775     
   0.0000000000000000     
   0.0000000000000000     
   0.0000000000000000     
   0.0000000000000000     
   0.0000000000000000     
   0.0000000000000000     
   0.0000000000000000     
   0.0000000000000000     
   0.0000000000000000     
   0.0000000000000000     
   0.0000000000000000     
   0.0000000000000000     
   0.0000000000000000     
   0.0000000000000000     
   0.0000000000000000     
   0.0000000000000000     
  -4.2204643763840994E-003
   2.9160916693494798E-002
   3.3028214280799218E-003
  -2.2945429917956103E-002
  -2.2913661747178501E-002
  -3.6841776308714339E-002
  -6.1878057132741127E-003
   2.2542023259639603E-002
   4.0474161947005059E-002
  -3.3646116714861653E-002
   3.9329112821298987E-002
  0.10847457146824815     
  0.13807727623726390     
   2.7195118334628343E-002
  0.12468466521608881     
  0.10499123882127503     
