   7.3609457761963327E-003
   5.1481991174374235E-003
   3.3362547156714959E-003
   5.7745725651802519E-003
   1.4904376708403813E-002
   1.0191213213552782E-002
   4.1182797843607680E-003
   1.2002260412066462E-002
   7.8035491021854631E-003
   3.8820293950061653E-003
   1.2645820475414843E-002
   3.5507529403410995E-002
   8.0805590882122059E-003
   9.4101544966127462E-003
   5.2235205768451512E-003
   8.4284369641701388E-003
   0.0000000000000000     
   0.0000000000000000     
   0.0000000000000000     
   0.0000000000000000     
   0.0000000000000000     
   0.0000000000000000     
   0.0000000000000000     
   0.0000000000000000     
   0.0000000000000000     
   0.0000000000000000     
   0.0000000000000000     
   0.0000000000000000     
   0.0000000000000000     
   0.0000000000000000     
   0.0000000000000000     
   0.0000000000000000     
   5.5733901640584744E-003
   4.6425690486074376E-003
   1.0233517332970645E-002
   3.9925767086201741E-003
   2.7022814706761005E-003
   2.9788522740321049E-003
   6.2559791869761317E-003
   7.2282670643008425E-003
   1.1474701483822609E-002
   2.3165538508289289E-003
   4.9610339929417732E-003
   5.8847503055375642E-003
   2.4617808471430421E-003
   5.5033794761717774E-003
   1.8674664309488256E-003
   4.3108286809911403E-003
   0.0000000000000000     
   0.0000000000000000     
   0.0000000000000000     
   0.0000000000000000     
   0.0000000000000000     
   0.0000000000000000     
   0.0000000000000000     
   0.0000000000000000     
   0.0000000000000000     
   0.0000000000000000     
   0.0000000000000000     
   0.0000000000000000     
   0.0000000000000000     
   0.0000000000000000     
   0.0000000000000000     
   0.0000000000000000     
   7.4801941092275167E-003
   5.7220090185922936E-003
   7.3839043020410521E-003
   7.8450132842617978E-003
   1.0571411787171279E-002
   9.0486783692504350E-003
   7.7396250134582354E-003
   2.9164181220498908E-002
   1.2895474982141509E-002
   1.1016254841845491E-002
   1.2911801254247960E-002
   6.6695766924366609E-003
   3.7022319554803531E-003
   3.1787525279801279E-003
   3.0156135462700074E-003
   8.9394120459931215E-003
   0.0000000000000000     
   0.0000000000000000     
   0.0000000000000000     
   0.0000000000000000     
   0.0000000000000000     
   0.0000000000000000     
   0.0000000000000000     
   0.0000000000000000     
   0.0000000000000000     
   0.0000000000000000     
   0.0000000000000000     
   0.0000000000000000     
   0.0000000000000000     
   0.0000000000000000     
   0.0000000000000000     
   0.0000000000000000     
   5.1263155181396026E-003
   2.7128025578330088E-003
   9.3251324495546416E-003
   4.6305653355661319E-003
   5.3334660796635520E-003
   4.6078665929419633E-003
   3.5404780410775187E-003
   1.0530466423440637E-002
   1.0999940287934541E-002
   5.6031720236543849E-003
   1.6402752771804349E-002
   4.8659163837680604E-003
   3.0184046600324923E-003
   3.1147557433398453E-003
   1.4913645971504634E-003
   5.6978539838726259E-003
   0.0000000000000000     
   0.0000000000000000     
   0.0000000000000000     
   0.0000000000000000     
   0.0000000000000000     
   0.0000000000000000     
   0.0000000000000000     
   0.0000000000000000     
   0.0000000000000000     
   0.0000000000000000     
   0.0000000000000000     
   0.0000000000000000     
   0.0000000000000000     
   0.0000000000000000     
   0.0000000000000000     
   0.0000000000000000     
   1.1873347257903967E-002
   3.3480499676721859E-003
   2.4198473285611363E-003
   3.9042360798657839E-003
   1.4629689794126014E-002
   1.9765366590248422E-003
   4.1296104750913418E-003
   8.7643307865958760E-003
   1.9729268070017347E-002
   1.0316279764593620E-002
   2.0409875845494811E-002
   4.4315823257397831E-003
   1.3102219112730398E-002
   5.4211987739233615E-003
   6.4314713099463683E-003
   7.3972660123826119E-003
   0.0000000000000000     
   0.0000000000000000     
   0.0000000000000000     
   0.0000000000000000     
   0.0000000000000000     
   0.0000000000000000     
   0.0000000000000000     
   0.0000000000000000     
   0.0000000000000000     
   0.0000000000000000     
   0.0000000000000000     
   0.0000000000000000     
   0.0000000000000000     
   0.0000000000000000     
   0.0000000000000000     
   0.0000000000000000     
   1.1091672524246860E-002
   5.8168240168819359E-003
   8.9101425578742219E-003
   6.7891454062059030E-003
   1.4164619230391775E-002
   8.6880423705765347E-003
   7.2031600548233439E-003
   8.4102814051122132E-003
   1.7898670094565267E-002
   1.1436122652327515E-002
   1.0341297312694887E-002
   2.3442483177529051E-002
   8.5050539744459964E-003
   1.0514831975079892E-002
   7.6244805988954180E-003
   1.3232801632263626E-002
   0.0000000000000000     
   0.0000000000000000     
   0.0000000000000000     
   0.0000000000000000     
   0.0000000000000000     
   0.0000000000000000     
   0.0000000000000000     
   0.0000000000000000     
   0.0000000000000000     
   0.0000000000000000     
   0.0000000000000000     
   0.0000000000000000     
   0.0000000000000000     
   0.0000000000000000     
   0.0000000000000000     
   0.0000000000000000     
   5.5581430171674565E-003
   4.2945148592993254E-003
   4.4796457763250997E-003
   6.4221183090254954E-003
   1.1218188631633465E-002
   7.6408830139508008E-003
   8.2902937770751167E-003
   4.3000533849167667E-003
   2.3126665066333874E-002
   1.2302933769448576E-002
   1.0964764976106248E-002
   1.7334310299701693E-003
   6.0813171460915470E-003
   3.0802969984738875E-003
   1.3025475210580850E-003
   9.5809274010152830E-003
   0.0000000000000000     
   0.0000000000000000     
   0.0000000000000000     
   0.0000000000000000     
   0.0000000000000000     
   0.0000000000000000     
   0.0000000000000000     
   0.0000000000000000     
   0.0000000000000000     
   0.0000000000000000     
   0.0000000000000000     
   0.0000000000000000     
   0.0000000000000000     
   0.0000000000000000     
   0.0000000000000000     
   0.0000000000000000     
   1.1413288389575045E-002
   6.8935546300581069E-003
   9.1581982205841631E-003
   1.9936606142671822E-003
   1.2190309679483981E-002
   1.1041829680641690E-002
   7.7287885251289970E-003
   7.5811316766918567E-003
   2.9565417747940262E-002
   1.4225478284476650E-002
   2.0790018615174100E-002
   1.4772975376793774E-002
   1.8306374302698135E-003
   1.1449056243272259E-002
   2.6198383727316591E-003
   1.8989095944637394E-002
   0.0000000000000000     
   0.0000000000000000     
   0.0000000000000000     
   0.0000000000000000     
   0.0000000000000000     
   0.0000000000000000     
   0.0000000000000000     
   0.0000000000000000     
   0.0000000000000000     
   0.0000000000000000     
   0.0000000000000000     
   0.0000000000000000     
   0.0000000000000000     
   0.0000000000000000     
   0.0000000000000000     
   0.0000000000000000     
   1.4107793900141189E-002
   5.4441411852095304E-003
   8.4604275799012689E-003
   3.8056285543546860E-003
   1.7743417777736619E-002
   2.2029152818245811E-002
   1.5486415036904660E-003
   1.7534038325749419E-002
   1.7300340816101517E-002
   4.6104864123637746E-003
   1.7291092294486970E-002
   1.8941015900647739E-002
   4.5835459572587424E-003
   6.3242373099015132E-003
   2.0310397448135673E-003
   9.1483767960052510E-003
   0.0000000000000000     
   0.0000000000000000     
   0.0000000000000000     
   0.0000000000000000     
   0.0000000000000000     
   0.0000000000000000     
   0.0000000000000000     
   0.0000000000000000     
   0.0000000000000000     
   0.0000000000000000     
   0.0000000000000000     
   0.0000000000000000     
   0.0000000000000000     
   0.0000000000000000     
   0.0000000000000000     
   0.0000000000000000     
   6.5381782827735914E-003
   1.5065966673539693E-002
   6.6280378126186675E-003
   7.3969659682804282E-003
   8.2847460998460298E-003
   1.4808665250851644E-002
   6.8850302049049475E-003
   1.2370316267475897E-002
   1.4558281514833144E-002
   1.2787482084486285E-002
   1.1214419190136188E-002
   1.2842911433298073E-002
   2.6546487207599915E-003
   2.6499211275256146E-003
   2.2676990671936601E-003
   6.5599792696186291E-003
   0.0000000000000000     
   0.0000000000000000     
   0.0000000000000000     
   0.0000000000000000     
   0.0000000000000000     
   0.0000000000000000     
   0.0000000000000000     
   0.0000000000000000     
   0.0000000000000000     
   0.0000000000000000     
   0.0000000000000000     
   0.0000000000000000     
   0.0000000000000000     
   0.0000000000000000     
   0.0000000000000000     
   0.0000000000000000     
   2.8933322405429798E-003
   4.8312606038392915E-003
   1.0745056240279350E-002
   8.7951435568498788E-003
   2.2689177650111834E-002
   4.9295532278564634E-003
   1.6051540267145080E-002
   2.2695467727571927E-002
   9.4699609130855344E-002
   2.0788963674696528E-002
   5.4949686128117911E-003
   1.0107607732191588E-002
   1.5286634160968616E-002
   1.6122987910534889E-002
   5.9513883170776603E-003
   7.2591107770531771E-003
   0.0000000000000000     
   0.0000000000000000     
   0.0000000000000000     
   0.0000000000000000     
   0.0000000000000000     
   0.0000000000000000     
   0.0000000000000000     
   0.0000000000000000     
   0.0000000000000000     
   0.0000000000000000     
   0.0000000000000000     
   0.0000000000000000     
   0.0000000000000000     
   0.0000000000000000     
   0.0000000000000000     
   0.0000000000000000     
   5.0755909016040367E-003
   4.2239562302904595E-003
   2.0177645849677782E-003
   7.8326186987509351E-003
   5.4041574076937014E-003
   7.4192454720843418E-003
   3.7834070776759389E-003
   1.7450983641838363E-002
   7.2097252300896784E-003
   3.4253113454307260E-003
   7.2857389344095965E-003
   6.8296119644275363E-003
   5.5674158256646851E-003
   5.5194953607298584E-003
   4.7853484081832095E-003
   7.1342259272080813E-003
   0.0000000000000000     
   0.0000000000000000     
   0.0000000000000000     
   0.0000000000000000     
   0.0000000000000000     
   0.0000000000000000     
   0.0000000000000000     
   0.0000000000000000     
   0.0000000000000000     
   0.0000000000000000     
   0.0000000000000000     
   0.0000000000000000     
   0.0000000000000000     
   0.0000000000000000     
   0.0000000000000000     
   0.0000000000000000     
   5.2173663618788084E-003
   2.3173811702802928E-003
   3.3568313979958535E-003
   3.2168685607784834E-003
   3.9114108673096885E-002
   9.6984270070266578E-003
   4.5750366261603165E-003
   1.1563013539018223E-002
   1.4650720447575235E-002
   1.0064171399024819E-002
   1.2167463993533419E-002
   4.5967932162775477E-002
   5.6801596500739363E-003
   3.8363152433817365E-003
   3.5567986228473157E-003
   4.3052018324473869E-002
   0.0000000000000000     
   0.0000000000000000     
   0.0000000000000000     
   0.0000000000000000     
   0.0000000000000000     
   0.0000000000000000     
   0.0000000000000000     
   0.0000000000000000     
   0.0000000000000000     
   0.0000000000000000     
   0.0000000000000000     
   0.0000000000000000     
   0.0000000000000000     
   0.0000000000000000     
   0.0000000000000000     
   0.0000000000000000     
   1.1366927716333627E-002
   4.4578082532096006E-003
   5.3398787705143304E-003
   2.7269065387517705E-003
   8.9071077608331387E-003
   6.8849404894687242E-003
   7.4830026610540066E-003
   5.3368426734070780E-003
   1.1402947703394874E-002
   9.5010209895016028E-003
   7.8445678544098521E-003
   7.7122394755074243E-003
   8.6121613736549994E-003
   1.0400780674795634E-002
   3.9525023262856913E-003
   3.7681381434044809E-003
   0.0000000000000000     
   0.0000000000000000     
   0.0000000000000000     
   0.0000000000000000     
   0.0000000000000000     
   0.0000000000000000     
   0.0000000000000000     
   0.0000000000000000     
   0.0000000000000000     
   0.0000000000000000     
   0.0000000000000000     
   0.0000000000000000     
   0.0000000000000000     
   0.0000000000000000     
   0.0000000000000000     
   0.0000000000000000     
   3.4893923948900304E-003
   1.8779028167935307E-003
   1.0142530774289971E-002
   3.9735171390818495E-003
   4.7784076010322623E-003
   1.4701984480273374E-002
   3.9247897377843949E-003
   6.9504081814793835E-003
   1.0270348288659682E-002
   1.4669318400343719E-002
   1.3862873797467357E-002
   1.4174247698738086E-002
   1.6001450123745337E-002
   5.2153486872081505E-003
   4.5745411446572980E-003
   1.8426584985342026E-002
   0.0000000000000000     
   0.0000000000000000     
   0.0000000000000000     
   0.0000000000000000     
   0.0000000000000000     
   0.0000000000000000     
   0.0000000000000000     
   0.0000000000000000     
   0.0000000000000000     
   0.0000000000000000     
   0.0000000000000000     
   0.0000000000000000     
   0.0000000000000000     
   0.0000000000000000     
   0.0000000000000000     
   0.0000000000000000     
   2.1904166738907741E-003
   2.7916319378986035E-003
   1.5096539160481821E-002
   7.6137591684467334E-003
   9.7125910960204655E-003
   1.1021933196937873E-002
   6.4682301766279468E-003
   1.4283374334179925E-002
   8.1866692965371617E-003
   5.8565579683626029E-003
   1.1956330771416552E-002
   1.0808438987469342E-002
   1.0717367083049956E-002
   7.6132209937458803E-003
   4.7826995843543354E-003
   7.0885389748974832E-003
   0.0000000000000000     
   0.0000000000000000     
   0.0000000000000000     
   0.0000000000000000     
   0.0000000000000000     
   0.0000000000000000     
   0.0000000000000000     
   0.0000000000000000     
   0.0000000000000000     
   0.0000000000000000     
   0.0000000000000000     
   0.0000000000000000     
   0.0000000000000000     
   0.0000000000000000     
   0.0000000000000000     
   0.0000000000000000     
   0.0000000000000000     
   0.0000000000000000     
   0.0000000000000000     
   0.0000000000000000     
   0.0000000000000000     
   0.0000000000000000     
   0.0000000000000000     
   0.0000000000000000     
   0.0000000000000000     
   0.0000000000000000     
   0.0000000000000000     
   0.0000000000000000     
   0.0000000000000000     
   0.0000000000000000     
   0.0000000000000000     
   0.0000000000000000     
   8.6376070496460601E-003
   1.7322901049462242E-002
   3.5945695910111399E-003
   5.5580302304840765E-003
   7.3674520801386926E-003
   3.9762313298304670E-003
   2.8918550814938760E-002
   1.4202843131978870E-002
   5.7469944867595268E-003
   3.0277980021343668E-003
   1.3452152426321468E-002
   5.4380348373278160E-003
   1.1990049729363853E-002
   6.8626708635783299E-003
   1.1470737878721588E-002
   6.5022219724612789E-003
   0.0000000000000000     
   0.0000000000000000     
   0.0000000000000000     
   0.0000000000000000     
   0.0000000000000000     
   0.0000000000000000     
   0.0000000000000000     
   0.0000000000000000     
   0.0000000000000000     
   0.0000000000000000     
   0.0000000000000000     
   0.0000000000000000     
   0.0000000000000000     
   0.0000000000000000     
   0.0000000000000000     
   0.0000000000000000     
   9.1667693341812677E-003
   9.0791795346716487E-003
   5.9337180488547199E-003
   3.7114411812287740E-003
   5.8361414768417566E-003
   5.5531667757215981E-003
   1.3215663749635001E-002
   4.3370553988436944E-003
   4.1968618120137319E-003
   1.9801501623568071E-002
   2.5615972281318828E-003
   1.8930166340271823E-002
   2.0855681328821259E-002
   1.6956068077068683E-003
   1.2546050164776525E-002
   5.8288807628199702E-003
   0.0000000000000000     
   0.0000000000000000     
   0.0000000000000000     
   0.0000000000000000     
   0.0000000000000000     
   0.0000000000000000     
   0.0000000000000000     
   0.0000000000000000     
   0.0000000000000000     
   0.0000000000000000     
   0.0000000000000000     
   0.0000000000000000     
   0.0000000000000000     
   0.0000000000000000     
   0.0000000000000000     
   0.0000000000000000     
   5.1630427035745281E-003
   9.6508705026883499E-003
   4.3982510641310752E-003
   1.0295836952750581E-002
   6.6684453093984542E-003
   7.2848559162644625E-003
   6.0480412307149312E-003
   2.9932909847438568E-003
   2.3250499379130495E-002
   6.6899913462572539E-003
   4.8772932718753794E-003
   3.0217322736229642E-003
   7.3346664674691555E-003
   8.6940730313345288E-003
   2.9052736779338066E-003
   2.5873302823908009E-003
   0.0000000000000000     
   0.0000000000000000     
   0.0000000000000000     
   0.0000000000000000     
   0.0000000000000000     
   0.0000000000000000     
   0.0000000000000000     
   0.0000000000000000     
   0.0000000000000000     
   0.0000000000000000     
   0.0000000000000000     
   0.0000000000000000     
   0.0000000000000000     
   0.0000000000000000     
   0.0000000000000000     
   0.0000000000000000     
   1.0488694916998305E-002
   6.2366686274734264E-003
   6.3089762780021022E-003
   4.4147872089331129E-003
   1.6667935521095065E-002
   8.9644092419359171E-003
   9.3947466631271754E-003
   2.7745948168450586E-003
   5.3117391977552785E-003
   1.0331672043242720E-002
   6.2056496354328311E-003
   6.4182070899576121E-003
   2.5295079157758521E-003
   8.6602560341427284E-003
   1.0293031317291125E-002
   4.1067272410296304E-003
   0.0000000000000000     
   0.0000000000000000     
   0.0000000000000000     
   0.0000000000000000     
   0.0000000000000000     
   0.0000000000000000     
   0.0000000000000000     
   0.0000000000000000     
   0.0000000000000000     
   0.0000000000000000     
   0.0000000000000000     
   0.0000000000000000     
   0.0000000000000000     
   0.0000000000000000     
   0.0000000000000000     
   0.0000000000000000     
   8.1584790541366411E-003
   1.1144170418697429E-002
   4.2513009555024701E-003
   1.2721809862707887E-002
   1.9677451263334183E-002
   2.3134891523037410E-003
   1.9723272903058725E-002
   1.5903930406314618E-002
   7.7464185796438656E-003
   1.3496296277086723E-002
   6.0345282430585923E-003
   1.9405436782790123E-002
   1.4403544571854504E-002
   3.4034722062516254E-003
   6.3490299511419108E-003
   1.3579874807579103E-002
   0.0000000000000000     
   0.0000000000000000     
   0.0000000000000000     
   0.0000000000000000     
   0.0000000000000000     
   0.0000000000000000     
   0.0000000000000000     
   0.0000000000000000     
   0.0000000000000000     
   0.0000000000000000     
   0.0000000000000000     
   0.0000000000000000     
   0.0000000000000000     
   0.0000000000000000     
   0.0000000000000000     
   0.0000000000000000     
   5.4124369080486923E-003
   1.5780140906645819E-002
   6.2170747348201149E-003
   6.0122122015473425E-003
   9.1213716132275604E-003
   1.1743073570024982E-002
   3.0401863437209352E-003
   8.4283848860023606E-003
   5.5179388989812566E-003
   1.5520761094388194E-002
   4.1570461109056199E-003
   1.0841058478478119E-002
   1.7679356578522626E-002
   7.9241596542190106E-003
   3.1601368334856737E-002
   8.5978952551793719E-003
   0.0000000000000000     
   0.0000000000000000     
   0.0000000000000000     
   0.0000000000000000     
   0.0000000000000000     
   0.0000000000000000     
   0.0000000000000000     
   0.0000000000000000     
   0.0000000000000000     
   0.0000000000000000     
   0.0000000000000000     
   0.0000000000000000     
   0.0000000000000000     
   0.0000000000000000     
   0.0000000000000000     
   0.0000000000000000     
   9.0414561924066980E-003
   6.5507649667368049E-003
   1.0533051602420971E-002
   1.5720841386146902E-002
   2.9498996553158616E-002
   8.3486364422542536E-003
   2.7787020541801574E-003
   6.8103031988655310E-003
   1.1195767127494089E-002
   3.7282190872020902E-003
   5.5018913147777803E-003
   1.9818374168433846E-002
   9.4251727039141586E-003
   1.2043504851202516E-002
   9.6147423013827407E-003
   7.6241441835688123E-003
   0.0000000000000000     
   0.0000000000000000     
   0.0000000000000000     
   0.0000000000000000     
   0.0000000000000000     
   0.0000000000000000     
   0.0000000000000000     
   0.0000000000000000     
   0.0000000000000000     
   0.0000000000000000     
   0.0000000000000000     
   0.0000000000000000     
   0.0000000000000000     
   0.0000000000000000     
   0.0000000000000000     
   0.0000000000000000     
   2.2310361419074984E-003
   1.2826203181452916E-002
   5.8060708393488239E-003
   1.6404632244547548E-002
   1.0754513115256862E-002
   4.7948211006577411E-003
   1.0081548722647746E-002
   5.6948605426490198E-003
   6.5527877113275507E-003
   6.6759691597671807E-003
   3.6677096141097812E-003
   7.6473980884294726E-003
   7.3170205347497077E-003
   4.3137536301490554E-003
   9.4212723950217285E-003
   3.2873166233405291E-003
   0.0000000000000000     
   0.0000000000000000     
   0.0000000000000000     
   0.0000000000000000     
   0.0000000000000000     
   0.0000000000000000     
   0.0000000000000000     
   0.0000000000000000     
   0.0000000000000000     
   0.0000000000000000     
   0.0000000000000000     
   0.0000000000000000     
   0.0000000000000000     
   0.0000000000000000     
   0.0000000000000000     
   0.0000000000000000     
   4.2907210891636564E-003
   7.1630822601499861E-003
   4.0362114722276160E-003
   8.0907269334729338E-003
   1.3647713977631645E-002
   5.3109030661540367E-003
   1.3157723603703930E-002
   1.6624462306018960E-002
   1.6776221402135073E-002
   1.0045841781492903E-002
   7.2745201950981317E-003
   1.6037775241096747E-002
   1.9350051359657797E-002
   5.3578593643554429E-003
   1.2449847215031463E-002
   4.0866789494937661E-002
   0.0000000000000000     
   0.0000000000000000     
   0.0000000000000000     
   0.0000000000000000     
   0.0000000000000000     
   0.0000000000000000     
   0.0000000000000000     
   0.0000000000000000     
   0.0000000000000000     
   0.0000000000000000     
   0.0000000000000000     
   0.0000000000000000     
   0.0000000000000000     
   0.0000000000000000     
   0.0000000000000000     
   0.0000000000000000     
   1.0000140210439862E-003
   2.7652110575404263E-002
   7.3807794912139893E-003
   2.8772255167657065E-002
   8.9444839510426002E-003
   1.2922434888722354E-002
   1.9650324877931235E-002
   1.9900871349576802E-002
   2.0283962263204620E-002
   1.5670119225159491E-002
   5.2646017001761972E-003
   4.7013588718379545E-002
   1.2003574256035838E-002
   9.6152880621564046E-003
   6.7056106146135891E-003
   4.9210784099244067E-003
   0.0000000000000000     
   0.0000000000000000     
   0.0000000000000000     
   0.0000000000000000     
   0.0000000000000000     
   0.0000000000000000     
   0.0000000000000000     
   0.0000000000000000     
   0.0000000000000000     
   0.0000000000000000     
   0.0000000000000000     
   0.0000000000000000     
   0.0000000000000000     
   0.0000000000000000     
   0.0000000000000000     
   0.0000000000000000     
   8.1259354556620141E-003
   9.9112069852501823E-003
   5.0020399736411137E-003
   8.5005247657785350E-003
   9.0113653561617914E-003
   1.5190937503286539E-002
   8.6757217305334835E-003
   5.0934919779300593E-003
   7.3687559379798113E-003
   5.5643519960186386E-003
   4.4465013163253577E-003
   4.4492683886245346E-003
   5.3487765588598963E-003
   5.0788815942948472E-003
   1.2076387627055931E-002
   6.6770739220149561E-003
   0.0000000000000000     
   0.0000000000000000     
   0.0000000000000000     
   0.0000000000000000     
   0.0000000000000000     
   0.0000000000000000     
   0.0000000000000000     
   0.0000000000000000     
   0.0000000000000000     
   0.0000000000000000     
   0.0000000000000000     
   0.0000000000000000     
   0.0000000000000000     
   0.0000000000000000     
   0.0000000000000000     
   0.0000000000000000     
   5.8806590437799578E-003
   7.7937702008628890E-003
   5.4105629266786148E-003
   1.6586738674832079E-002
   1.3262222658320491E-002
   1.1211609497711720E-002
   1.6002737578562937E-002
   1.8143836298023120E-002
   1.3535040872990338E-002
   1.6288621894716047E-002
   4.0366968590268689E-003
   1.1790602598832982E-002
   1.1328499094168862E-002
   4.5375185124735123E-003
   9.8058306705075815E-003
   7.1722274467951406E-003
   0.0000000000000000     
   0.0000000000000000     
   0.0000000000000000     
   0.0000000000000000     
   0.0000000000000000     
   0.0000000000000000     
   0.0000000000000000     
   0.0000000000000000     
   0.0000000000000000     
   0.0000000000000000     
   0.0000000000000000     
   0.0000000000000000     
   0.0000000000000000     
   0.0000000000000000     
   0.0000000000000000     
   0.0000000000000000     
   4.5691898682777097E-003
   1.5965906213456938E-002
   8.0189866764437141E-003
   4.9783338050970634E-003
   1.0395005175739092E-002
   9.0381221461894451E-003
   1.0736654414266359E-002
   1.5158328484241148E-002
   9.7162365001453709E-003
   7.5881129641788775E-003
   1.4353214222828540E-002
   1.0987391043008259E-002
   6.3138303650303986E-003
   7.9636840475151779E-003
   1.0020279515752814E-002
   1.1294277021950136E-002
   0.0000000000000000     
   0.0000000000000000     
   0.0000000000000000     
   0.0000000000000000     
   0.0000000000000000     
   0.0000000000000000     
   0.0000000000000000     
   0.0000000000000000     
   0.0000000000000000     
   0.0000000000000000     
   0.0000000000000000     
   0.0000000000000000     
   0.0000000000000000     
   0.0000000000000000     
   0.0000000000000000     
   0.0000000000000000     
   1.1468770879482595E-003
   3.9686159082313018E-003
   3.4659186213939217E-003
   4.1025050353983373E-003
   3.1030086773454579E-003
   2.8961071781764373E-003
   1.2060898313658214E-002
   3.4867107781712068E-003
   3.9447689991309589E-003
   9.6753944771624766E-003
   1.7134303676220931E-003
   6.2885777020516252E-003
   2.8384497405008853E-003
   5.4603965988820188E-003
   1.3948839788920911E-002
   3.6625438180379415E-003
   0.0000000000000000     
   0.0000000000000000     
   0.0000000000000000     
   0.0000000000000000     
   0.0000000000000000     
   0.0000000000000000     
   0.0000000000000000     
   0.0000000000000000     
   0.0000000000000000     
   0.0000000000000000     
   0.0000000000000000     
   0.0000000000000000     
   0.0000000000000000     
   0.0000000000000000     
   0.0000000000000000     
   0.0000000000000000     
   1.1894161338047028E-002
   8.5100563063892111E-003
   6.2228577924261508E-003
   6.3154374340021625E-003
   9.4797041757494430E-003
   7.7913765064152119E-003
   1.0495689281390228E-002
   3.0122990684348290E-003
   1.0285120269448760E-002
   7.5197103055604448E-003
   3.0025231285630187E-003
   6.7876818658483473E-003
   7.8845757291330677E-003
   4.8013911198398042E-003
   7.8437298619217811E-003
   2.7964913947101625E-003
   0.0000000000000000     
   0.0000000000000000     
   0.0000000000000000     
   0.0000000000000000     
   0.0000000000000000     
   0.0000000000000000     
   0.0000000000000000     
   0.0000000000000000     
   0.0000000000000000     
   0.0000000000000000     
   0.0000000000000000     
   0.0000000000000000     
   0.0000000000000000     
   0.0000000000000000     
   0.0000000000000000     
   0.0000000000000000     
   3.2351797978899264E-003
   9.5691305438913906E-003
   1.6306490216482802E-003
   1.6598845631997722E-002
   9.4893460988814821E-003
   1.1448649932578108E-002
   5.0905788497074044E-003
   5.0421852029548095E-003
   7.2262053474731018E-003
   7.4959123369614140E-003
   5.6458971683864311E-003
   6.0672266188123158E-003
   7.4922320196995768E-003
   1.8682458043345863E-003
   7.9491520588211035E-003
   5.0021805166601358E-003
