 ( 0.18750000018134061     ,  0.0000000000000000     )
 ( 0.11961629294674961     , -2.6043877887501329E-005)
 (  5.7322635281390213E-002, -8.2653567539862184E-011)
 ( 0.11961629235463837     ,  2.6043858630388914E-005)
 ( 0.11961222241703728     , -5.2184994507352176E-005)
 (  5.7319573707334273E-002, -4.4896818325821119E-005)
 ( -3.0284536858883712E-003, -1.6500494115062828E-005)
 (  5.7319637095673934E-002, -1.5030148595583221E-005)
 (  5.7321022963525994E-002,  8.7278745103755979E-011)
 ( -3.0271713572894835E-003, -8.2044677051978754E-006)
 ( -6.2771564394857718E-002,  8.5537487477224134E-011)
 ( -3.0271717891967999E-003,  8.2045975969626626E-006)
 ( 0.11961222265194542     ,  5.2185140515236730E-005)
 (  5.7319637970151535E-002,  1.5030294073198223E-005)
 ( -3.0284532042719019E-003,  1.6500508774308671E-005)
 (  5.7319573558653580E-002,  4.4896877551937230E-005)
 (  0.0000000000000000     ,  0.0000000000000000     )
 (  0.0000000000000000     ,  0.0000000000000000     )
 (  0.0000000000000000     ,  0.0000000000000000     )
 (  0.0000000000000000     ,  0.0000000000000000     )
 (  0.0000000000000000     ,  0.0000000000000000     )
 (  0.0000000000000000     ,  0.0000000000000000     )
 (  0.0000000000000000     ,  0.0000000000000000     )
 (  0.0000000000000000     ,  0.0000000000000000     )
 (  0.0000000000000000     ,  0.0000000000000000     )
 (  0.0000000000000000     ,  0.0000000000000000     )
 (  0.0000000000000000     ,  0.0000000000000000     )
 (  0.0000000000000000     ,  0.0000000000000000     )
 (  0.0000000000000000     ,  0.0000000000000000     )
 (  0.0000000000000000     ,  0.0000000000000000     )
 (  0.0000000000000000     ,  0.0000000000000000     )
 (  0.0000000000000000     ,  0.0000000000000000     )
 ( 0.11961629294674961     ,  2.6043877887501329E-005)
 ( 0.18750000031035513     ,  0.0000000000000000     )
 ( 0.11961629232036235     , -2.6044032428641166E-005)
 (  5.7322635251234592E-002, -7.6958886833620241E-011)
 (  5.7319637229012663E-002, -1.5030271330325556E-005)
 ( 0.11961222207618000     , -5.2185035512097612E-005)
 (  5.7319572853737163E-002, -4.4897010130095046E-005)
 ( -3.0284539876627883E-003, -1.6500660148862469E-005)
 ( -3.0271713881460682E-003,  8.2047645445440407E-006)
 (  5.7321023030968463E-002,  1.4565670255984110E-010)
 ( -3.0271718874549771E-003, -8.2045407623489736E-006)
 ( -6.2771564467953872E-002,  6.7490024600846321E-011)
 (  5.7319574363812915E-002,  4.4897156795267268E-005)
 ( 0.11961222317246395     ,  5.2185249326304248E-005)
 (  5.7319637621238081E-002,  1.5030194524240005E-005)
 ( -3.0284530621959831E-003,  1.6500619151229064E-005)
 (  0.0000000000000000     ,  0.0000000000000000     )
 (  0.0000000000000000     ,  0.0000000000000000     )
 (  0.0000000000000000     ,  0.0000000000000000     )
 (  0.0000000000000000     ,  0.0000000000000000     )
 (  0.0000000000000000     ,  0.0000000000000000     )
 (  0.0000000000000000     ,  0.0000000000000000     )
 (  0.0000000000000000     ,  0.0000000000000000     )
 (  0.0000000000000000     ,  0.0000000000000000     )
 (  0.0000000000000000     ,  0.0000000000000000     )
 (  0.0000000000000000     ,  0.0000000000000000     )
 (  0.0000000000000000     ,  0.0000000000000000     )
 (  0.0000000000000000     ,  0.0000000000000000     )
 (  0.0000000000000000     ,  0.0000000000000000     )
 (  0.0000000000000000     ,  0.0000000000000000     )
 (  0.0000000000000000     ,  0.0000000000000000     )
 (  0.0000000000000000     ,  0.0000000000000000     )
 (  5.7322635281390213E-002,  8.2653567539862184E-011)
 ( 0.11961629232036235     ,  2.6044032428641166E-005)
 ( 0.18749999983571486     ,  0.0000000000000000     )
 ( 0.11961629260306259     , -2.6043894241584635E-005)
 ( -3.0284536479518232E-003, -1.6500690139949364E-005)
 (  5.7319636891075033E-002, -1.5030250939909352E-005)
 ( 0.11961222211911743     , -5.2185133845683867E-005)
 (  5.7319573609112766E-002, -4.4897159527933053E-005)
 ( -6.2771564148171394E-002,  3.6627618260550314E-011)
 ( -3.0271716645567498E-003,  8.2046148243258550E-006)
 (  5.7321023029488244E-002, -6.5029005709381972E-011)
 ( -3.0271712577330293E-003, -8.2047579518208167E-006)
 ( -3.0284530678427258E-003,  1.6500740576282971E-005)
 (  5.7319573806702030E-002,  4.4897144660969050E-005)
 ( 0.11961222263354516     ,  5.2185062000656294E-005)
 (  5.7319637754294273E-002,  1.5030221261620132E-005)
 (  0.0000000000000000     ,  0.0000000000000000     )
 (  0.0000000000000000     ,  0.0000000000000000     )
 (  0.0000000000000000     ,  0.0000000000000000     )
 (  0.0000000000000000     ,  0.0000000000000000     )
 (  0.0000000000000000     ,  0.0000000000000000     )
 (  0.0000000000000000     ,  0.0000000000000000     )
 (  0.0000000000000000     ,  0.0000000000000000     )
 (  0.0000000000000000     ,  0.0000000000000000     )
 (  0.0000000000000000     ,  0.0000000000000000     )
 (  0.0000000000000000     ,  0.0000000000000000     )
 (  0.0000000000000000     ,  0.0000000000000000     )
 (  0.0000000000000000     ,  0.0000000000000000     )
 (  0.0000000000000000     ,  0.0000000000000000     )
 (  0.0000000000000000     ,  0.0000000000000000     )
 (  0.0000000000000000     ,  0.0000000000000000     )
 (  0.0000000000000000     ,  0.0000000000000000     )
 ( 0.11961629235463837     , -2.6043858630388914E-005)
 (  5.7322635251234592E-002,  7.6958886833620241E-011)
 ( 0.11961629260306259     ,  2.6043894241584635E-005)
 ( 0.18749999991416069     ,  0.0000000000000000     )
 (  5.7319573594919800E-002, -4.4896937948185691E-005)
 ( -3.0284534281574383E-003, -1.6500489658500051E-005)
 (  5.7319637585630308E-002, -1.5030142754357980E-005)
 ( 0.11961222266796050     , -5.2185067543917341E-005)
 ( -3.0271715833271695E-003, -8.2045625647900974E-006)
 ( -6.2771564244058969E-002,  5.2376591080123171E-011)
 ( -3.0271713090387412E-003,  8.2046423596544814E-006)
 (  5.7321023149774171E-002, -1.2655550070116243E-010)
 (  5.7319637245834838E-002,  1.5030259905054283E-005)
 ( -3.0284533689770151E-003,  1.6500620802523484E-005)
 (  5.7319573789858962E-002,  4.4896925303450179E-005)
 ( 0.11961222231123898     ,  5.2184956952085716E-005)
 (  0.0000000000000000     ,  0.0000000000000000     )
 (  0.0000000000000000     ,  0.0000000000000000     )
 (  0.0000000000000000     ,  0.0000000000000000     )
 (  0.0000000000000000     ,  0.0000000000000000     )
 (  0.0000000000000000     ,  0.0000000000000000     )
 (  0.0000000000000000     ,  0.0000000000000000     )
 (  0.0000000000000000     ,  0.0000000000000000     )
 (  0.0000000000000000     ,  0.0000000000000000     )
 (  0.0000000000000000     ,  0.0000000000000000     )
 (  0.0000000000000000     ,  0.0000000000000000     )
 (  0.0000000000000000     ,  0.0000000000000000     )
 (  0.0000000000000000     ,  0.0000000000000000     )
 (  0.0000000000000000     ,  0.0000000000000000     )
 (  0.0000000000000000     ,  0.0000000000000000     )
 (  0.0000000000000000     ,  0.0000000000000000     )
 (  0.0000000000000000     ,  0.0000000000000000     )
 ( 0.11961222241703728     ,  5.2184994507352176E-005)
 (  5.7319637229012663E-002,  1.5030271330325556E-005)
 ( -3.0284536479518232E-003,  1.6500690139949364E-005)
 (  5.7319573594919800E-002,  4.4896937948185691E-005)
 ( 0.18750000008171910     ,  0.0000000000000000     )
 ( 0.11961629245624310     , -2.6043697407027328E-005)
 (  5.7322635170705731E-002,  9.0924334174005212E-011)
 ( 0.11961629266774633     ,  2.6043903159491470E-005)
 ( 0.11961222262972976     , -5.2185160863513329E-005)
 (  5.7319573768181122E-002, -4.4896913574377306E-005)
 ( -3.0284533605887112E-003, -1.6500574180616222E-005)
 (  5.7319637610394721E-002, -1.5030354255206191E-005)
 (  5.7321023083796434E-002, -1.1514679321940118E-010)
 ( -3.0271715416472396E-003, -8.2046451444981092E-006)
 ( -6.2771564352894646E-002,  9.0684995651968687E-011)
 ( -3.0271714257442449E-003,  8.2045130995557241E-006)
 (  0.0000000000000000     ,  0.0000000000000000     )
 (  0.0000000000000000     ,  0.0000000000000000     )
 (  0.0000000000000000     ,  0.0000000000000000     )
 (  0.0000000000000000     ,  0.0000000000000000     )
 (  0.0000000000000000     ,  0.0000000000000000     )
 (  0.0000000000000000     ,  0.0000000000000000     )
 (  0.0000000000000000     ,  0.0000000000000000     )
 (  0.0000000000000000     ,  0.0000000000000000     )
 (  0.0000000000000000     ,  0.0000000000000000     )
 (  0.0000000000000000     ,  0.0000000000000000     )
 (  0.0000000000000000     ,  0.0000000000000000     )
 (  0.0000000000000000     ,  0.0000000000000000     )
 (  0.0000000000000000     ,  0.0000000000000000     )
 (  0.0000000000000000     ,  0.0000000000000000     )
 (  0.0000000000000000     ,  0.0000000000000000     )
 (  0.0000000000000000     ,  0.0000000000000000     )
 (  5.7319573707334273E-002,  4.4896818325821119E-005)
 ( 0.11961222207618000     ,  5.2185035512097612E-005)
 (  5.7319636891075033E-002,  1.5030250939909352E-005)
 ( -3.0284534281574383E-003,  1.6500489658500051E-005)
 ( 0.11961629245624310     ,  2.6043697407027328E-005)
 ( 0.18749999948574447     ,  0.0000000000000000     )
 ( 0.11961629194623377     , -2.6043976546549474E-005)
 (  5.7322635148373977E-002, -1.7985289157898086E-010)
 (  5.7319637752732910E-002, -1.5030189509531892E-005)
 ( 0.11961222244393098     , -5.2185016518982318E-005)
 (  5.7319573533617781E-002, -4.4896966582543312E-005)
 ( -3.0284531132886033E-003, -1.6500537995909461E-005)
 ( -3.0271710668061370E-003,  8.2046848347956157E-006)
 (  5.7321023050804852E-002,  8.1164208511856978E-011)
 ( -3.0271716356605983E-003, -8.2044250330117664E-006)
 ( -6.2771563829560173E-002,  1.6071557615082139E-010)
 (  0.0000000000000000     ,  0.0000000000000000     )
 (  0.0000000000000000     ,  0.0000000000000000     )
 (  0.0000000000000000     ,  0.0000000000000000     )
 (  0.0000000000000000     ,  0.0000000000000000     )
 (  0.0000000000000000     ,  0.0000000000000000     )
 (  0.0000000000000000     ,  0.0000000000000000     )
 (  0.0000000000000000     ,  0.0000000000000000     )
 (  0.0000000000000000     ,  0.0000000000000000     )
 (  0.0000000000000000     ,  0.0000000000000000     )
 (  0.0000000000000000     ,  0.0000000000000000     )
 (  0.0000000000000000     ,  0.0000000000000000     )
 (  0.0000000000000000     ,  0.0000000000000000     )
 (  0.0000000000000000     ,  0.0000000000000000     )
 (  0.0000000000000000     ,  0.0000000000000000     )
 (  0.0000000000000000     ,  0.0000000000000000     )
 (  0.0000000000000000     ,  0.0000000000000000     )
 ( -3.0284536858883712E-003,  1.6500494115062828E-005)
 (  5.7319572853737163E-002,  4.4897010130095046E-005)
 ( 0.11961222211911743     ,  5.2185133845683867E-005)
 (  5.7319637585630308E-002,  1.5030142754357980E-005)
 (  5.7322635170705731E-002, -9.0924334174005212E-011)
 ( 0.11961629194623377     ,  2.6043976546549474E-005)
 ( 0.18749999994533489     ,  0.0000000000000000     )
 ( 0.11961629299651831     , -2.6044056648367898E-005)
 ( -3.0284531367768728E-003, -1.6500514434549875E-005)
 (  5.7319637188074909E-002, -1.5030178078784425E-005)
 ( 0.11961222269692852     , -5.2185165728167134E-005)
 (  5.7319574381239025E-002, -4.4897095039517157E-005)
 ( -6.2771564186465401E-002, -4.1930244855667583E-014)
 ( -3.0271720389576577E-003,  8.2045983618617252E-006)
 (  5.7321022894330234E-002,  1.7349006742668311E-011)
 ( -3.0271710602628988E-003, -8.2046406821604375E-006)
 (  0.0000000000000000     ,  0.0000000000000000     )
 (  0.0000000000000000     ,  0.0000000000000000     )
 (  0.0000000000000000     ,  0.0000000000000000     )
 (  0.0000000000000000     ,  0.0000000000000000     )
 (  0.0000000000000000     ,  0.0000000000000000     )
 (  0.0000000000000000     ,  0.0000000000000000     )
 (  0.0000000000000000     ,  0.0000000000000000     )
 (  0.0000000000000000     ,  0.0000000000000000     )
 (  0.0000000000000000     ,  0.0000000000000000     )
 (  0.0000000000000000     ,  0.0000000000000000     )
 (  0.0000000000000000     ,  0.0000000000000000     )
 (  0.0000000000000000     ,  0.0000000000000000     )
 (  0.0000000000000000     ,  0.0000000000000000     )
 (  0.0000000000000000     ,  0.0000000000000000     )
 (  0.0000000000000000     ,  0.0000000000000000     )
 (  0.0000000000000000     ,  0.0000000000000000     )
 (  5.7319637095673934E-002,  1.5030148595583221E-005)
 ( -3.0284539876627883E-003,  1.6500660148862469E-005)
 (  5.7319573609112766E-002,  4.4897159527933053E-005)
 ( 0.11961222266796050     ,  5.2185067543917341E-005)
 ( 0.11961629266774633     , -2.6043903159491470E-005)
 (  5.7322635148373977E-002,  1.7985289157898086E-010)
 ( 0.11961629299651831     ,  2.6044056648367898E-005)
 ( 0.18750000082305660     ,  0.0000000000000000     )
 (  5.7319573779491137E-002, -4.4897071399528035E-005)
 ( -3.0284535252203056E-003, -1.6500559694664721E-005)
 (  5.7319637800235190E-002, -1.5030251363272173E-005)
 ( 0.11961222312909649     , -5.2185310509560524E-005)
 ( -3.0271718172022242E-003, -8.2047893721831105E-006)
 ( -6.2771564882364808E-002, -9.6823493541963039E-011)
 ( -3.0271716520290314E-003,  8.2046525545670971E-006)
 (  5.7321023137393554E-002, -1.7851008908588304E-010)
 (  0.0000000000000000     ,  0.0000000000000000     )
 (  0.0000000000000000     ,  0.0000000000000000     )
 (  0.0000000000000000     ,  0.0000000000000000     )
 (  0.0000000000000000     ,  0.0000000000000000     )
 (  0.0000000000000000     ,  0.0000000000000000     )
 (  0.0000000000000000     ,  0.0000000000000000     )
 (  0.0000000000000000     ,  0.0000000000000000     )
 (  0.0000000000000000     ,  0.0000000000000000     )
 (  0.0000000000000000     ,  0.0000000000000000     )
 (  0.0000000000000000     ,  0.0000000000000000     )
 (  0.0000000000000000     ,  0.0000000000000000     )
 (  0.0000000000000000     ,  0.0000000000000000     )
 (  0.0000000000000000     ,  0.0000000000000000     )
 (  0.0000000000000000     ,  0.0000000000000000     )
 (  0.0000000000000000     ,  0.0000000000000000     )
 (  0.0000000000000000     ,  0.0000000000000000     )
 (  5.7321022963525994E-002, -8.7278745103755979E-011)
 ( -3.0271713881460682E-003, -8.2047645445440407E-006)
 ( -6.2771564148171394E-002, -3.6627618260550314E-011)
 ( -3.0271715833271695E-003,  8.2045625647900974E-006)
 ( 0.11961222262972976     ,  5.2185160863513329E-005)
 (  5.7319637752732910E-002,  1.5030189509531892E-005)
 ( -3.0284531367768728E-003,  1.6500514434549875E-005)
 (  5.7319573779491137E-002,  4.4897071399528035E-005)
 ( 0.18749999971444728     ,  0.0000000000000000     )
 ( 0.11961629254036636     , -2.6043893539316361E-005)
 (  5.7322635236084128E-002,  5.9168645576382799E-011)
 ( 0.11961629227587012     ,  2.6044039601342899E-005)
 ( 0.11961222209044957     , -5.2185178111416738E-005)
 (  5.7319573580698453E-002, -4.4897094206087823E-005)
 ( -3.0284535386844069E-003, -1.6500510922723045E-005)
 (  5.7319637043255378E-002, -1.5030183275132936E-005)
 (  0.0000000000000000     ,  0.0000000000000000     )
 (  0.0000000000000000     ,  0.0000000000000000     )
 (  0.0000000000000000     ,  0.0000000000000000     )
 (  0.0000000000000000     ,  0.0000000000000000     )
 (  0.0000000000000000     ,  0.0000000000000000     )
 (  0.0000000000000000     ,  0.0000000000000000     )
 (  0.0000000000000000     ,  0.0000000000000000     )
 (  0.0000000000000000     ,  0.0000000000000000     )
 (  0.0000000000000000     ,  0.0000000000000000     )
 (  0.0000000000000000     ,  0.0000000000000000     )
 (  0.0000000000000000     ,  0.0000000000000000     )
 (  0.0000000000000000     ,  0.0000000000000000     )
 (  0.0000000000000000     ,  0.0000000000000000     )
 (  0.0000000000000000     ,  0.0000000000000000     )
 (  0.0000000000000000     ,  0.0000000000000000     )
 (  0.0000000000000000     ,  0.0000000000000000     )
 ( -3.0271713572894835E-003,  8.2044677051978754E-006)
 (  5.7321023030968463E-002, -1.4565670255984110E-010)
 ( -3.0271716645567498E-003, -8.2046148243258550E-006)
 ( -6.2771564244058969E-002, -5.2376591080123171E-011)
 (  5.7319573768181122E-002,  4.4896913574377306E-005)
 ( 0.11961222244393098     ,  5.2185016518982318E-005)
 (  5.7319637188074909E-002,  1.5030178078784425E-005)
 ( -3.0284535252203056E-003,  1.6500559694664721E-005)
 ( 0.11961629254036636     ,  2.6043893539316361E-005)
 ( 0.18749999991323255     ,  0.0000000000000000     )
 ( 0.11961629227252520     , -2.6043838472531753E-005)
 (  5.7322635135450745E-002,  1.8771316826993533E-010)
 (  5.7319637559812273E-002, -1.5030292623928574E-005)
 ( 0.11961222251614903     , -5.2185163910218199E-005)
 (  5.7319573480865166E-002, -4.4896897685454344E-005)
 ( -3.0284533732759179E-003, -1.6500436730856433E-005)
 (  0.0000000000000000     ,  0.0000000000000000     )
 (  0.0000000000000000     ,  0.0000000000000000     )
 (  0.0000000000000000     ,  0.0000000000000000     )
 (  0.0000000000000000     ,  0.0000000000000000     )
 (  0.0000000000000000     ,  0.0000000000000000     )
 (  0.0000000000000000     ,  0.0000000000000000     )
 (  0.0000000000000000     ,  0.0000000000000000     )
 (  0.0000000000000000     ,  0.0000000000000000     )
 (  0.0000000000000000     ,  0.0000000000000000     )
 (  0.0000000000000000     ,  0.0000000000000000     )
 (  0.0000000000000000     ,  0.0000000000000000     )
 (  0.0000000000000000     ,  0.0000000000000000     )
 (  0.0000000000000000     ,  0.0000000000000000     )
 (  0.0000000000000000     ,  0.0000000000000000     )
 (  0.0000000000000000     ,  0.0000000000000000     )
 (  0.0000000000000000     ,  0.0000000000000000     )
 ( -6.2771564394857718E-002, -8.5537487477224134E-011)
 ( -3.0271718874549771E-003,  8.2045407623489736E-006)
 (  5.7321023029488244E-002,  6.5029005709381972E-011)
 ( -3.0271713090387412E-003, -8.2046423596544814E-006)
 ( -3.0284533605887112E-003,  1.6500574180616222E-005)
 (  5.7319573533617781E-002,  4.4896966582543312E-005)
 ( 0.11961222269692852     ,  5.2185165728167134E-005)
 (  5.7319637800235190E-002,  1.5030251363272173E-005)
 (  5.7322635236084128E-002, -5.9168645576382799E-011)
 ( 0.11961629227252520     ,  2.6043838472531753E-005)
 ( 0.18750000004696751     ,  0.0000000000000000     )
 ( 0.11961629277189567     , -2.6043869336673979E-005)
 ( -3.0284535414376408E-003, -1.6500776465779346E-005)
 (  5.7319636985646169E-002, -1.5030414649072600E-005)
 ( 0.11961222229165032     , -5.2185144569986065E-005)
 (  5.7319573728880018E-002, -4.4897042306701139E-005)
 (  0.0000000000000000     ,  0.0000000000000000     )
 (  0.0000000000000000     ,  0.0000000000000000     )
 (  0.0000000000000000     ,  0.0000000000000000     )
 (  0.0000000000000000     ,  0.0000000000000000     )
 (  0.0000000000000000     ,  0.0000000000000000     )
 (  0.0000000000000000     ,  0.0000000000000000     )
 (  0.0000000000000000     ,  0.0000000000000000     )
 (  0.0000000000000000     ,  0.0000000000000000     )
 (  0.0000000000000000     ,  0.0000000000000000     )
 (  0.0000000000000000     ,  0.0000000000000000     )
 (  0.0000000000000000     ,  0.0000000000000000     )
 (  0.0000000000000000     ,  0.0000000000000000     )
 (  0.0000000000000000     ,  0.0000000000000000     )
 (  0.0000000000000000     ,  0.0000000000000000     )
 (  0.0000000000000000     ,  0.0000000000000000     )
 (  0.0000000000000000     ,  0.0000000000000000     )
 ( -3.0271717891967999E-003, -8.2045975969626626E-006)
 ( -6.2771564467953872E-002, -6.7490024600846321E-011)
 ( -3.0271712577330293E-003,  8.2047579518208167E-006)
 (  5.7321023149774171E-002,  1.2655550070116243E-010)
 (  5.7319637610394721E-002,  1.5030354255206191E-005)
 ( -3.0284531132886033E-003,  1.6500537995909461E-005)
 (  5.7319574381239025E-002,  4.4897095039517157E-005)
 ( 0.11961222312909649     ,  5.2185310509560524E-005)
 ( 0.11961629227587012     , -2.6044039601342899E-005)
 (  5.7322635135450745E-002, -1.8771316826993533E-010)
 ( 0.11961629277189567     ,  2.6043869336673979E-005)
 ( 0.18750000011477005     ,  0.0000000000000000     )
 (  5.7319573047729631E-002, -4.4897231324390511E-005)
 ( -3.0284539453883392E-003, -1.6500868812311267E-005)
 (  5.7319637225850838E-002, -1.5030265902002641E-005)
 ( 0.11961222210509392     , -5.2185158437239832E-005)
 (  0.0000000000000000     ,  0.0000000000000000     )
 (  0.0000000000000000     ,  0.0000000000000000     )
 (  0.0000000000000000     ,  0.0000000000000000     )
 (  0.0000000000000000     ,  0.0000000000000000     )
 (  0.0000000000000000     ,  0.0000000000000000     )
 (  0.0000000000000000     ,  0.0000000000000000     )
 (  0.0000000000000000     ,  0.0000000000000000     )
 (  0.0000000000000000     ,  0.0000000000000000     )
 (  0.0000000000000000     ,  0.0000000000000000     )
 (  0.0000000000000000     ,  0.0000000000000000     )
 (  0.0000000000000000     ,  0.0000000000000000     )
 (  0.0000000000000000     ,  0.0000000000000000     )
 (  0.0000000000000000     ,  0.0000000000000000     )
 (  0.0000000000000000     ,  0.0000000000000000     )
 (  0.0000000000000000     ,  0.0000000000000000     )
 (  0.0000000000000000     ,  0.0000000000000000     )
 ( 0.11961222265194542     , -5.2185140515236730E-005)
 (  5.7319574363812915E-002, -4.4897156795267268E-005)
 ( -3.0284530678427258E-003, -1.6500740576282971E-005)
 (  5.7319637245834838E-002, -1.5030259905054283E-005)
 (  5.7321023083796434E-002,  1.1514679321940118E-010)
 ( -3.0271710668061370E-003, -8.2046848347956157E-006)
 ( -6.2771564186465401E-002,  4.1930244855667583E-014)
 ( -3.0271718172022242E-003,  8.2047893721831105E-006)
 ( 0.11961222209044957     ,  5.2185178111416738E-005)
 (  5.7319637559812273E-002,  1.5030292623928574E-005)
 ( -3.0284535414376408E-003,  1.6500776465779346E-005)
 (  5.7319573047729631E-002,  4.4897231324390511E-005)
 ( 0.18749999969728900     ,  0.0000000000000000     )
 ( 0.11961629296889900     , -2.6043924675212760E-005)
 (  5.7322635343842396E-002, -4.1993693100908055E-011)
 ( 0.11961629191665875     ,  2.6043930320705124E-005)
 (  0.0000000000000000     ,  0.0000000000000000     )
 (  0.0000000000000000     ,  0.0000000000000000     )
 (  0.0000000000000000     ,  0.0000000000000000     )
 (  0.0000000000000000     ,  0.0000000000000000     )
 (  0.0000000000000000     ,  0.0000000000000000     )
 (  0.0000000000000000     ,  0.0000000000000000     )
 (  0.0000000000000000     ,  0.0000000000000000     )
 (  0.0000000000000000     ,  0.0000000000000000     )
 (  0.0000000000000000     ,  0.0000000000000000     )
 (  0.0000000000000000     ,  0.0000000000000000     )
 (  0.0000000000000000     ,  0.0000000000000000     )
 (  0.0000000000000000     ,  0.0000000000000000     )
 (  0.0000000000000000     ,  0.0000000000000000     )
 (  0.0000000000000000     ,  0.0000000000000000     )
 (  0.0000000000000000     ,  0.0000000000000000     )
 (  0.0000000000000000     ,  0.0000000000000000     )
 (  5.7319637970151535E-002, -1.5030294073198223E-005)
 ( 0.11961222317246395     , -5.2185249326304248E-005)
 (  5.7319573806702030E-002, -4.4897144660969050E-005)
 ( -3.0284533689770151E-003, -1.6500620802523484E-005)
 ( -3.0271715416472396E-003,  8.2046451444981092E-006)
 (  5.7321023050804852E-002, -8.1164208511856978E-011)
 ( -3.0271720389576577E-003, -8.2045983618617252E-006)
 ( -6.2771564882364808E-002,  9.6823493541963039E-011)
 (  5.7319573580698453E-002,  4.4897094206087823E-005)
 ( 0.11961222251614903     ,  5.2185163910218199E-005)
 (  5.7319636985646169E-002,  1.5030414649072600E-005)
 ( -3.0284539453883392E-003,  1.6500868812311267E-005)
 ( 0.11961629296889900     ,  2.6043924675212760E-005)
 ( 0.18750000073378131     ,  0.0000000000000000     )
 ( 0.11961629267487231     , -2.6043975946272325E-005)
 (  5.7322635225664859E-002,  8.2048845460027996E-011)
 (  0.0000000000000000     ,  0.0000000000000000     )
 (  0.0000000000000000     ,  0.0000000000000000     )
 (  0.0000000000000000     ,  0.0000000000000000     )
 (  0.0000000000000000     ,  0.0000000000000000     )
 (  0.0000000000000000     ,  0.0000000000000000     )
 (  0.0000000000000000     ,  0.0000000000000000     )
 (  0.0000000000000000     ,  0.0000000000000000     )
 (  0.0000000000000000     ,  0.0000000000000000     )
 (  0.0000000000000000     ,  0.0000000000000000     )
 (  0.0000000000000000     ,  0.0000000000000000     )
 (  0.0000000000000000     ,  0.0000000000000000     )
 (  0.0000000000000000     ,  0.0000000000000000     )
 (  0.0000000000000000     ,  0.0000000000000000     )
 (  0.0000000000000000     ,  0.0000000000000000     )
 (  0.0000000000000000     ,  0.0000000000000000     )
 (  0.0000000000000000     ,  0.0000000000000000     )
 ( -3.0284532042719019E-003, -1.6500508774308671E-005)
 (  5.7319637621238081E-002, -1.5030194524240005E-005)
 ( 0.11961222263354516     , -5.2185062000656294E-005)
 (  5.7319573789858962E-002, -4.4896925303450179E-005)
 ( -6.2771564352894646E-002, -9.0684995651968687E-011)
 ( -3.0271716356605983E-003,  8.2044250330117664E-006)
 (  5.7321022894330234E-002, -1.7349006742668311E-011)
 ( -3.0271716520290314E-003, -8.2046525545670971E-006)
 ( -3.0284535386844069E-003,  1.6500510922723045E-005)
 (  5.7319573480865166E-002,  4.4896897685454344E-005)
 ( 0.11961222229165032     ,  5.2185144569986065E-005)
 (  5.7319637225850838E-002,  1.5030265902002641E-005)
 (  5.7322635343842396E-002,  4.1993693100908055E-011)
 ( 0.11961629267487231     ,  2.6043975946272325E-005)
 ( 0.18750000000367478     ,  0.0000000000000000     )
 ( 0.11961629241511802     , -2.6043842188076261E-005)
 (  0.0000000000000000     ,  0.0000000000000000     )
 (  0.0000000000000000     ,  0.0000000000000000     )
 (  0.0000000000000000     ,  0.0000000000000000     )
 (  0.0000000000000000     ,  0.0000000000000000     )
 (  0.0000000000000000     ,  0.0000000000000000     )
 (  0.0000000000000000     ,  0.0000000000000000     )
 (  0.0000000000000000     ,  0.0000000000000000     )
 (  0.0000000000000000     ,  0.0000000000000000     )
 (  0.0000000000000000     ,  0.0000000000000000     )
 (  0.0000000000000000     ,  0.0000000000000000     )
 (  0.0000000000000000     ,  0.0000000000000000     )
 (  0.0000000000000000     ,  0.0000000000000000     )
 (  0.0000000000000000     ,  0.0000000000000000     )
 (  0.0000000000000000     ,  0.0000000000000000     )
 (  0.0000000000000000     ,  0.0000000000000000     )
 (  0.0000000000000000     ,  0.0000000000000000     )
 (  5.7319573558653580E-002, -4.4896877551937230E-005)
 ( -3.0284530621959831E-003, -1.6500619151229064E-005)
 (  5.7319637754294273E-002, -1.5030221261620132E-005)
 ( 0.11961222231123898     , -5.2184956952085716E-005)
 ( -3.0271714257442449E-003, -8.2045130995557241E-006)
 ( -6.2771563829560173E-002, -1.6071557615082139E-010)
 ( -3.0271710602628988E-003,  8.2046406821604375E-006)
 (  5.7321023137393554E-002,  1.7851008908588304E-010)
 (  5.7319637043255378E-002,  1.5030183275132936E-005)
 ( -3.0284533732759179E-003,  1.6500436730856433E-005)
 (  5.7319573728880018E-002,  4.4897042306701139E-005)
 ( 0.11961222210509392     ,  5.2185158437239832E-005)
 ( 0.11961629191665875     , -2.6043930320705124E-005)
 (  5.7322635225664859E-002, -8.2048845460027996E-011)
 ( 0.11961629241511802     ,  2.6043842188076261E-005)
 ( 0.18749999919836427     ,  0.0000000000000000     )
 (  0.0000000000000000     ,  0.0000000000000000     )
 (  0.0000000000000000     ,  0.0000000000000000     )
 (  0.0000000000000000     ,  0.0000000000000000     )
 (  0.0000000000000000     ,  0.0000000000000000     )
 (  0.0000000000000000     ,  0.0000000000000000     )
 (  0.0000000000000000     ,  0.0000000000000000     )
 (  0.0000000000000000     ,  0.0000000000000000     )
 (  0.0000000000000000     ,  0.0000000000000000     )
 (  0.0000000000000000     ,  0.0000000000000000     )
 (  0.0000000000000000     ,  0.0000000000000000     )
 (  0.0000000000000000     ,  0.0000000000000000     )
 (  0.0000000000000000     ,  0.0000000000000000     )
 (  0.0000000000000000     ,  0.0000000000000000     )
 (  0.0000000000000000     ,  0.0000000000000000     )
 (  0.0000000000000000     ,  0.0000000000000000     )
 (  0.0000000000000000     ,  0.0000000000000000     )
 (  0.0000000000000000     ,  0.0000000000000000     )
 (  0.0000000000000000     ,  0.0000000000000000     )
 (  0.0000000000000000     ,  0.0000000000000000     )
 (  0.0000000000000000     ,  0.0000000000000000     )
 (  0.0000000000000000     ,  0.0000000000000000     )
 (  0.0000000000000000     ,  0.0000000000000000     )
 (  0.0000000000000000     ,  0.0000000000000000     )
 (  0.0000000000000000     ,  0.0000000000000000     )
 (  0.0000000000000000     ,  0.0000000000000000     )
 (  0.0000000000000000     ,  0.0000000000000000     )
 (  0.0000000000000000     ,  0.0000000000000000     )
 (  0.0000000000000000     ,  0.0000000000000000     )
 (  0.0000000000000000     ,  0.0000000000000000     )
 (  0.0000000000000000     ,  0.0000000000000000     )
 (  0.0000000000000000     ,  0.0000000000000000     )
 (  0.0000000000000000     ,  0.0000000000000000     )
 ( 0.18749999986830165     ,  0.0000000000000000     )
 ( 0.11961629223251377     , -2.6043918148213556E-005)
 (  5.7322635288939189E-002,  7.5736912858998363E-011)
 ( 0.11961629276885097     ,  2.6043920851567251E-005)
 ( 0.11961222260964208     , -5.2185233320861800E-005)
 (  5.7319573584268410E-002, -4.4897135131893835E-005)
 ( -3.0284532034305419E-003, -1.6500612695955584E-005)
 (  5.7319637861045353E-002, -1.5030323327380360E-005)
 (  5.7321023000871246E-002,  1.7955490430907108E-012)
 ( -3.0271718253366163E-003, -8.2045280754130703E-006)
 ( -6.2771564239828700E-002,  1.2326860362250641E-010)
 ( -3.0271711994347373E-003,  8.2046847119468411E-006)
 ( 0.11961222223205027     ,  5.2185192113575566E-005)
 (  5.7319636929177402E-002,  1.5030399443537225E-005)
 ( -3.0284535335023755E-003,  1.6500815114952438E-005)
 (  5.7319573815651247E-002,  4.4897194094689303E-005)
 (  0.0000000000000000     ,  0.0000000000000000     )
 (  0.0000000000000000     ,  0.0000000000000000     )
 (  0.0000000000000000     ,  0.0000000000000000     )
 (  0.0000000000000000     ,  0.0000000000000000     )
 (  0.0000000000000000     ,  0.0000000000000000     )
 (  0.0000000000000000     ,  0.0000000000000000     )
 (  0.0000000000000000     ,  0.0000000000000000     )
 (  0.0000000000000000     ,  0.0000000000000000     )
 (  0.0000000000000000     ,  0.0000000000000000     )
 (  0.0000000000000000     ,  0.0000000000000000     )
 (  0.0000000000000000     ,  0.0000000000000000     )
 (  0.0000000000000000     ,  0.0000000000000000     )
 (  0.0000000000000000     ,  0.0000000000000000     )
 (  0.0000000000000000     ,  0.0000000000000000     )
 (  0.0000000000000000     ,  0.0000000000000000     )
 (  0.0000000000000000     ,  0.0000000000000000     )
 ( 0.11961629223251377     ,  2.6043918148213556E-005)
 ( 0.18749999986950089     ,  0.0000000000000000     )
 ( 0.11961629280898006     , -2.6043734917206109E-005)
 (  5.7322635403568654E-002,  1.5298106559279411E-010)
 (  5.7319637558410262E-002, -1.5030311324958929E-005)
 ( 0.11961222280839090     , -5.2185175640992902E-005)
 (  5.7319574329335612E-002, -4.4896908148489330E-005)
 ( -3.0284528653823470E-003, -1.6500480905121190E-005)
 ( -3.0271718153412662E-003,  8.2044566560383107E-006)
 (  5.7321022772663932E-002, -4.9748249013544979E-011)
 ( -3.0271713774238443E-003, -8.2045271445085994E-006)
 ( -6.2771564155867432E-002,  4.5751868241717358E-011)
 (  5.7319573032185843E-002,  4.4896939528429548E-005)
 ( 0.11961222183044296     ,  5.2185062184218911E-005)
 (  5.7319637232146281E-002,  1.5030401586285161E-005)
 ( -3.0284536220416603E-003,  1.6500740201058783E-005)
 (  0.0000000000000000     ,  0.0000000000000000     )
 (  0.0000000000000000     ,  0.0000000000000000     )
 (  0.0000000000000000     ,  0.0000000000000000     )
 (  0.0000000000000000     ,  0.0000000000000000     )
 (  0.0000000000000000     ,  0.0000000000000000     )
 (  0.0000000000000000     ,  0.0000000000000000     )
 (  0.0000000000000000     ,  0.0000000000000000     )
 (  0.0000000000000000     ,  0.0000000000000000     )
 (  0.0000000000000000     ,  0.0000000000000000     )
 (  0.0000000000000000     ,  0.0000000000000000     )
 (  0.0000000000000000     ,  0.0000000000000000     )
 (  0.0000000000000000     ,  0.0000000000000000     )
 (  0.0000000000000000     ,  0.0000000000000000     )
 (  0.0000000000000000     ,  0.0000000000000000     )
 (  0.0000000000000000     ,  0.0000000000000000     )
 (  0.0000000000000000     ,  0.0000000000000000     )
 (  5.7322635288939189E-002, -7.5736912858998363E-011)
 ( 0.11961629280898006     ,  2.6043734917206109E-005)
 ( 0.18750000026542429     ,  0.0000000000000000     )
 ( 0.11961629246494565     , -2.6043839467416578E-005)
 ( -3.0284532332177554E-003, -1.6500718002669758E-005)
 (  5.7319637793105213E-002, -1.5030455570130665E-005)
 ( 0.11961222280378030     , -5.2185120799512967E-005)
 (  5.7319573705479798E-002, -4.4896840915299374E-005)
 ( -6.2771564481377398E-002, -1.0291926422797626E-010)
 ( -3.0271716098855162E-003,  8.2045655156427639E-006)
 (  5.7321022942012308E-002,  1.3938444233611035E-010)
 ( -3.0271717634423713E-003, -8.2043766370463408E-006)
 ( -3.0284536516354496E-003,  1.6500605702862298E-005)
 (  5.7319573551335393E-002,  4.4897000161600002E-005)
 ( 0.11961222237724284     ,  5.2185271860736149E-005)
 (  5.7319637129187667E-002,  1.5030448415729329E-005)
 (  0.0000000000000000     ,  0.0000000000000000     )
 (  0.0000000000000000     ,  0.0000000000000000     )
 (  0.0000000000000000     ,  0.0000000000000000     )
 (  0.0000000000000000     ,  0.0000000000000000     )
 (  0.0000000000000000     ,  0.0000000000000000     )
 (  0.0000000000000000     ,  0.0000000000000000     )
 (  0.0000000000000000     ,  0.0000000000000000     )
 (  0.0000000000000000     ,  0.0000000000000000     )
 (  0.0000000000000000     ,  0.0000000000000000     )
 (  0.0000000000000000     ,  0.0000000000000000     )
 (  0.0000000000000000     ,  0.0000000000000000     )
 (  0.0000000000000000     ,  0.0000000000000000     )
 (  0.0000000000000000     ,  0.0000000000000000     )
 (  0.0000000000000000     ,  0.0000000000000000     )
 (  0.0000000000000000     ,  0.0000000000000000     )
 (  0.0000000000000000     ,  0.0000000000000000     )
 ( 0.11961629276885097     , -2.6043920851567251E-005)
 (  5.7322635403568654E-002, -1.5298106559279411E-010)
 ( 0.11961629246494565     ,  2.6043839467416578E-005)
 ( 0.18750000001683978     ,  0.0000000000000000     )
 (  5.7319573888182859E-002, -4.4897167150856965E-005)
 ( -3.0284534195324357E-003, -1.6500890592909130E-005)
 (  5.7319637211497611E-002, -1.5030388496036207E-005)
 ( 0.11961222238412854     , -5.2185121099091871E-005)
 ( -3.0271713751615832E-003, -8.2045924801076994E-006)
 ( -6.2771564379071026E-002,  1.6738762034028909E-011)
 ( -3.0271717490428433E-003,  8.2047204819249562E-006)
 (  5.7321022970156628E-002,  2.1983240631364002E-010)
 (  5.7319637639224291E-002,  1.5030429739994798E-005)
 ( -3.0284533230388387E-003,  1.6500771928328341E-005)
 (  5.7319573581920240E-002,  4.4897207475322920E-005)
 ( 0.11961222255728789     ,  5.2185379605746945E-005)
 (  0.0000000000000000     ,  0.0000000000000000     )
 (  0.0000000000000000     ,  0.0000000000000000     )
 (  0.0000000000000000     ,  0.0000000000000000     )
 (  0.0000000000000000     ,  0.0000000000000000     )
 (  0.0000000000000000     ,  0.0000000000000000     )
 (  0.0000000000000000     ,  0.0000000000000000     )
 (  0.0000000000000000     ,  0.0000000000000000     )
 (  0.0000000000000000     ,  0.0000000000000000     )
 (  0.0000000000000000     ,  0.0000000000000000     )
 (  0.0000000000000000     ,  0.0000000000000000     )
 (  0.0000000000000000     ,  0.0000000000000000     )
 (  0.0000000000000000     ,  0.0000000000000000     )
 (  0.0000000000000000     ,  0.0000000000000000     )
 (  0.0000000000000000     ,  0.0000000000000000     )
 (  0.0000000000000000     ,  0.0000000000000000     )
 (  0.0000000000000000     ,  0.0000000000000000     )
 ( 0.11961222260964208     ,  5.2185233320861800E-005)
 (  5.7319637558410262E-002,  1.5030311324958929E-005)
 ( -3.0284532332177554E-003,  1.6500718002669758E-005)
 (  5.7319573888182859E-002,  4.4897167150856965E-005)
 ( 0.18749999988173169     ,  0.0000000000000000     )
 ( 0.11961629255114523     , -2.6043963254816451E-005)
 (  5.7322635315655131E-002,  1.3643492914003581E-011)
 ( 0.11961629244706491     ,  2.6043825640391174E-005)
 ( 0.11961222223286877     , -5.2185197414413148E-005)
 (  5.7319573530919182E-002, -4.4897142806634086E-005)
 ( -3.0284535347371204E-003, -1.6500715037500534E-005)
 (  5.7319637182861330E-002, -1.5030371217340035E-005)
 (  5.7321023028528165E-002,  5.3698326164852504E-011)
 ( -3.0271714828110203E-003, -8.2046063381639899E-006)
 ( -6.2771564272087729E-002, -1.1673611164727512E-011)
 ( -3.0271715075660811E-003,  8.2047357015841090E-006)
 (  0.0000000000000000     ,  0.0000000000000000     )
 (  0.0000000000000000     ,  0.0000000000000000     )
 (  0.0000000000000000     ,  0.0000000000000000     )
 (  0.0000000000000000     ,  0.0000000000000000     )
 (  0.0000000000000000     ,  0.0000000000000000     )
 (  0.0000000000000000     ,  0.0000000000000000     )
 (  0.0000000000000000     ,  0.0000000000000000     )
 (  0.0000000000000000     ,  0.0000000000000000     )
 (  0.0000000000000000     ,  0.0000000000000000     )
 (  0.0000000000000000     ,  0.0000000000000000     )
 (  0.0000000000000000     ,  0.0000000000000000     )
 (  0.0000000000000000     ,  0.0000000000000000     )
 (  0.0000000000000000     ,  0.0000000000000000     )
 (  0.0000000000000000     ,  0.0000000000000000     )
 (  0.0000000000000000     ,  0.0000000000000000     )
 (  0.0000000000000000     ,  0.0000000000000000     )
 (  5.7319573584268410E-002,  4.4897135131893835E-005)
 ( 0.11961222280839090     ,  5.2185175640992902E-005)
 (  5.7319637793105213E-002,  1.5030455570130665E-005)
 ( -3.0284534195324357E-003,  1.6500890592909130E-005)
 ( 0.11961629255114523     ,  2.6043963254816451E-005)
 ( 0.18750000064001668     ,  0.0000000000000000     )
 ( 0.11961629317090441     , -2.6043785455528171E-005)
 (  5.7322635344032348E-002,  1.0948093796628022E-010)
 (  5.7319636985632021E-002, -1.5030452250402184E-005)
 ( 0.11961222255722041     , -5.2185356347924160E-005)
 (  5.7319573729721809E-002, -4.4897147520115414E-005)
 ( -3.0284538189055328E-003, -1.6500726622264105E-005)
 ( -3.0271720003566573E-003,  8.2045366047010385E-006)
 (  5.7321022899972242E-002, -1.8615012499462641E-010)
 ( -3.0271716624078529E-003, -8.2046715974677983E-006)
 ( -6.2771564798408064E-002,  9.8323831286333323E-011)
 (  0.0000000000000000     ,  0.0000000000000000     )
 (  0.0000000000000000     ,  0.0000000000000000     )
 (  0.0000000000000000     ,  0.0000000000000000     )
 (  0.0000000000000000     ,  0.0000000000000000     )
 (  0.0000000000000000     ,  0.0000000000000000     )
 (  0.0000000000000000     ,  0.0000000000000000     )
 (  0.0000000000000000     ,  0.0000000000000000     )
 (  0.0000000000000000     ,  0.0000000000000000     )
 (  0.0000000000000000     ,  0.0000000000000000     )
 (  0.0000000000000000     ,  0.0000000000000000     )
 (  0.0000000000000000     ,  0.0000000000000000     )
 (  0.0000000000000000     ,  0.0000000000000000     )
 (  0.0000000000000000     ,  0.0000000000000000     )
 (  0.0000000000000000     ,  0.0000000000000000     )
 (  0.0000000000000000     ,  0.0000000000000000     )
 (  0.0000000000000000     ,  0.0000000000000000     )
 ( -3.0284532034305419E-003,  1.6500612695955584E-005)
 (  5.7319574329335612E-002,  4.4896908148489330E-005)
 ( 0.11961222280378030     ,  5.2185120799512967E-005)
 (  5.7319637211497611E-002,  1.5030388496036207E-005)
 (  5.7322635315655131E-002, -1.3643492914003581E-011)
 ( 0.11961629317090441     ,  2.6043785455528171E-005)
 ( 0.18750000028368027     ,  0.0000000000000000     )
 ( 0.11961629211788756     , -2.6043798765079529E-005)
 ( -3.0284537799105051E-003, -1.6500754934885962E-005)
 (  5.7319637575806520E-002, -1.5030450354784171E-005)
 ( 0.11961222225674698     , -5.2185201530110927E-005)
 (  5.7319572875732132E-002, -4.4896991962007190E-005)
 ( -6.2771564440789018E-002,  3.7008618260840572E-012)
 ( -3.0271712357761520E-003,  8.2044939962059084E-006)
 (  5.7321022897058559E-002, -7.1477104448060464E-011)
 ( -3.0271721355338310E-003, -8.2044949122166348E-006)
 (  0.0000000000000000     ,  0.0000000000000000     )
 (  0.0000000000000000     ,  0.0000000000000000     )
 (  0.0000000000000000     ,  0.0000000000000000     )
 (  0.0000000000000000     ,  0.0000000000000000     )
 (  0.0000000000000000     ,  0.0000000000000000     )
 (  0.0000000000000000     ,  0.0000000000000000     )
 (  0.0000000000000000     ,  0.0000000000000000     )
 (  0.0000000000000000     ,  0.0000000000000000     )
 (  0.0000000000000000     ,  0.0000000000000000     )
 (  0.0000000000000000     ,  0.0000000000000000     )
 (  0.0000000000000000     ,  0.0000000000000000     )
 (  0.0000000000000000     ,  0.0000000000000000     )
 (  0.0000000000000000     ,  0.0000000000000000     )
 (  0.0000000000000000     ,  0.0000000000000000     )
 (  0.0000000000000000     ,  0.0000000000000000     )
 (  0.0000000000000000     ,  0.0000000000000000     )
 (  5.7319637861045353E-002,  1.5030323327380360E-005)
 ( -3.0284528653823470E-003,  1.6500480905121190E-005)
 (  5.7319573705479798E-002,  4.4896840915299374E-005)
 ( 0.11961222238412854     ,  5.2185121099091871E-005)
 ( 0.11961629244706491     , -2.6043825640391174E-005)
 (  5.7322635344032348E-002, -1.0948093796628022E-010)
 ( 0.11961629211788756     ,  2.6043798765079529E-005)
 ( 0.18749999928690089     ,  0.0000000000000000     )
 (  5.7319573504622814E-002, -4.4896947062362993E-005)
 ( -3.0284533921273605E-003, -1.6500674571466575E-005)
 (  5.7319636925576067E-002, -1.5030368037717349E-005)
 ( 0.11961222173725966     , -5.2185080277614874E-005)
 ( -3.0271711547087015E-003, -8.2044670070991277E-006)
 ( -6.2771563746001346E-002,  2.3268828985527501E-012)
 ( -3.0271715590223956E-003,  8.2044432885103450E-006)
 (  5.7321022842965558E-002,  7.1379048771458634E-011)
 (  0.0000000000000000     ,  0.0000000000000000     )
 (  0.0000000000000000     ,  0.0000000000000000     )
 (  0.0000000000000000     ,  0.0000000000000000     )
 (  0.0000000000000000     ,  0.0000000000000000     )
 (  0.0000000000000000     ,  0.0000000000000000     )
 (  0.0000000000000000     ,  0.0000000000000000     )
 (  0.0000000000000000     ,  0.0000000000000000     )
 (  0.0000000000000000     ,  0.0000000000000000     )
 (  0.0000000000000000     ,  0.0000000000000000     )
 (  0.0000000000000000     ,  0.0000000000000000     )
 (  0.0000000000000000     ,  0.0000000000000000     )
 (  0.0000000000000000     ,  0.0000000000000000     )
 (  0.0000000000000000     ,  0.0000000000000000     )
 (  0.0000000000000000     ,  0.0000000000000000     )
 (  0.0000000000000000     ,  0.0000000000000000     )
 (  0.0000000000000000     ,  0.0000000000000000     )
 (  5.7321023000871246E-002, -1.7955490430907108E-012)
 ( -3.0271718153412662E-003, -8.2044566560383107E-006)
 ( -6.2771564481377398E-002,  1.0291926422797626E-010)
 ( -3.0271713751615832E-003,  8.2045924801076994E-006)
 ( 0.11961222223286877     ,  5.2185197414413148E-005)
 (  5.7319636985632021E-002,  1.5030452250402184E-005)
 ( -3.0284537799105051E-003,  1.6500754934885962E-005)
 (  5.7319573504622814E-002,  4.4896947062362993E-005)
 ( 0.18750000018282542     ,  0.0000000000000000     )
 ( 0.11961629254824424     , -2.6043915722459809E-005)
 (  5.7322635311645269E-002, -6.7319275742195994E-011)
 ( 0.11961629273938924     ,  2.6043716726452542E-005)
 ( 0.11961222284717317     , -5.2185268443551326E-005)
 (  5.7319573753244119E-002, -4.4897082866323694E-005)
 ( -3.0284532230454558E-003, -1.6500705023686449E-005)
 (  5.7319637920813536E-002, -1.5030431997173948E-005)
 (  0.0000000000000000     ,  0.0000000000000000     )
 (  0.0000000000000000     ,  0.0000000000000000     )
 (  0.0000000000000000     ,  0.0000000000000000     )
 (  0.0000000000000000     ,  0.0000000000000000     )
 (  0.0000000000000000     ,  0.0000000000000000     )
 (  0.0000000000000000     ,  0.0000000000000000     )
 (  0.0000000000000000     ,  0.0000000000000000     )
 (  0.0000000000000000     ,  0.0000000000000000     )
 (  0.0000000000000000     ,  0.0000000000000000     )
 (  0.0000000000000000     ,  0.0000000000000000     )
 (  0.0000000000000000     ,  0.0000000000000000     )
 (  0.0000000000000000     ,  0.0000000000000000     )
 (  0.0000000000000000     ,  0.0000000000000000     )
 (  0.0000000000000000     ,  0.0000000000000000     )
 (  0.0000000000000000     ,  0.0000000000000000     )
 (  0.0000000000000000     ,  0.0000000000000000     )
 ( -3.0271718253366163E-003,  8.2045280754130703E-006)
 (  5.7321022772663932E-002,  4.9748249013544979E-011)
 ( -3.0271716098855162E-003, -8.2045655156427639E-006)
 ( -6.2771564379071026E-002, -1.6738762034028909E-011)
 (  5.7319573530919182E-002,  4.4897142806634086E-005)
 ( 0.11961222255722041     ,  5.2185356347924160E-005)
 (  5.7319637575806520E-002,  1.5030450354784171E-005)
 ( -3.0284533921273605E-003,  1.6500674571466575E-005)
 ( 0.11961629254824424     ,  2.6043915722459809E-005)
 ( 0.18750000016475113     ,  0.0000000000000000     )
 ( 0.11961629275948599     , -2.6043916848610553E-005)
 (  5.7322635366417678E-002, -1.0616305531923410E-010)
 (  5.7319637275193888E-002, -1.5030480878399490E-005)
 ( 0.11961222229448831     , -5.2185343622101879E-005)
 (  5.7319573665130220E-002, -4.4897174897436080E-005)
 ( -3.0284534077828365E-003, -1.6500806485503777E-005)
 (  0.0000000000000000     ,  0.0000000000000000     )
 (  0.0000000000000000     ,  0.0000000000000000     )
 (  0.0000000000000000     ,  0.0000000000000000     )
 (  0.0000000000000000     ,  0.0000000000000000     )
 (  0.0000000000000000     ,  0.0000000000000000     )
 (  0.0000000000000000     ,  0.0000000000000000     )
 (  0.0000000000000000     ,  0.0000000000000000     )
 (  0.0000000000000000     ,  0.0000000000000000     )
 (  0.0000000000000000     ,  0.0000000000000000     )
 (  0.0000000000000000     ,  0.0000000000000000     )
 (  0.0000000000000000     ,  0.0000000000000000     )
 (  0.0000000000000000     ,  0.0000000000000000     )
 (  0.0000000000000000     ,  0.0000000000000000     )
 (  0.0000000000000000     ,  0.0000000000000000     )
 (  0.0000000000000000     ,  0.0000000000000000     )
 (  0.0000000000000000     ,  0.0000000000000000     )
 ( -6.2771564239828700E-002, -1.2326860362250641E-010)
 ( -3.0271713774238443E-003,  8.2045271445085994E-006)
 (  5.7321022942012308E-002, -1.3938444233611035E-010)
 ( -3.0271717490428433E-003, -8.2047204819249562E-006)
 ( -3.0284535347371204E-003,  1.6500715037500534E-005)
 (  5.7319573729721809E-002,  4.4897147520115414E-005)
 ( 0.11961222225674698     ,  5.2185201530110927E-005)
 (  5.7319636925576067E-002,  1.5030368037717349E-005)
 (  5.7322635311645269E-002,  6.7319275742195994E-011)
 ( 0.11961629275948599     ,  2.6043916848610553E-005)
 ( 0.18749999990524518     ,  0.0000000000000000     )
 ( 0.11961629221360273     , -2.6043871235429017E-005)
 ( -3.0284531735645269E-003, -1.6500732734077984E-005)
 (  5.7319637712439954E-002, -1.5030423500702965E-005)
 ( 0.11961222254014213     , -5.2185313345544501E-005)
 (  5.7319573630387942E-002, -4.4897188158126253E-005)
 (  0.0000000000000000     ,  0.0000000000000000     )
 (  0.0000000000000000     ,  0.0000000000000000     )
 (  0.0000000000000000     ,  0.0000000000000000     )
 (  0.0000000000000000     ,  0.0000000000000000     )
 (  0.0000000000000000     ,  0.0000000000000000     )
 (  0.0000000000000000     ,  0.0000000000000000     )
 (  0.0000000000000000     ,  0.0000000000000000     )
 (  0.0000000000000000     ,  0.0000000000000000     )
 (  0.0000000000000000     ,  0.0000000000000000     )
 (  0.0000000000000000     ,  0.0000000000000000     )
 (  0.0000000000000000     ,  0.0000000000000000     )
 (  0.0000000000000000     ,  0.0000000000000000     )
 (  0.0000000000000000     ,  0.0000000000000000     )
 (  0.0000000000000000     ,  0.0000000000000000     )
 (  0.0000000000000000     ,  0.0000000000000000     )
 (  0.0000000000000000     ,  0.0000000000000000     )
 ( -3.0271711994347373E-003, -8.2046847119468411E-006)
 ( -6.2771564155867432E-002, -4.5751868241717358E-011)
 ( -3.0271717634423713E-003,  8.2043766370463408E-006)
 (  5.7321022970156628E-002, -2.1983240631364002E-010)
 (  5.7319637182861330E-002,  1.5030371217340035E-005)
 ( -3.0284538189055328E-003,  1.6500726622264105E-005)
 (  5.7319572875732132E-002,  4.4896991962007190E-005)
 ( 0.11961222173725966     ,  5.2185080277614874E-005)
 ( 0.11961629273938924     , -2.6043716726452542E-005)
 (  5.7322635366417678E-002,  1.0616305531923410E-010)
 ( 0.11961629221360273     ,  2.6043871235429017E-005)
 ( 0.18749999970963932     ,  0.0000000000000000     )
 (  5.7319574404415589E-002, -4.4897025042360283E-005)
 ( -3.0284528321807688E-003, -1.6500611930470367E-005)
 (  5.7319637619125272E-002, -1.5030465348525532E-005)
 ( 0.11961222287400143     , -5.2185321254134171E-005)
 (  0.0000000000000000     ,  0.0000000000000000     )
 (  0.0000000000000000     ,  0.0000000000000000     )
 (  0.0000000000000000     ,  0.0000000000000000     )
 (  0.0000000000000000     ,  0.0000000000000000     )
 (  0.0000000000000000     ,  0.0000000000000000     )
 (  0.0000000000000000     ,  0.0000000000000000     )
 (  0.0000000000000000     ,  0.0000000000000000     )
 (  0.0000000000000000     ,  0.0000000000000000     )
 (  0.0000000000000000     ,  0.0000000000000000     )
 (  0.0000000000000000     ,  0.0000000000000000     )
 (  0.0000000000000000     ,  0.0000000000000000     )
 (  0.0000000000000000     ,  0.0000000000000000     )
 (  0.0000000000000000     ,  0.0000000000000000     )
 (  0.0000000000000000     ,  0.0000000000000000     )
 (  0.0000000000000000     ,  0.0000000000000000     )
 (  0.0000000000000000     ,  0.0000000000000000     )
 ( 0.11961222223205027     , -5.2185192113575566E-005)
 (  5.7319573032185843E-002, -4.4896939528429548E-005)
 ( -3.0284536516354496E-003, -1.6500605702862298E-005)
 (  5.7319637639224291E-002, -1.5030429739994798E-005)
 (  5.7321023028528165E-002, -5.3698326164852504E-011)
 ( -3.0271720003566573E-003, -8.2045366047010385E-006)
 ( -6.2771564440789018E-002, -3.7008618260840572E-012)
 ( -3.0271711547087015E-003,  8.2044670070991277E-006)
 ( 0.11961222284717317     ,  5.2185268443551326E-005)
 (  5.7319637275193888E-002,  1.5030480878399490E-005)
 ( -3.0284531735645269E-003,  1.6500732734077984E-005)
 (  5.7319574404415589E-002,  4.4897025042360283E-005)
 ( 0.18750000005992015     ,  0.0000000000000000     )
 ( 0.11961629207372233     , -2.6043755773262158E-005)
 (  5.7322635325801542E-002,  1.3728303630234411E-010)
 ( 0.11961629313048729     ,  2.6043846162216908E-005)
 (  0.0000000000000000     ,  0.0000000000000000     )
 (  0.0000000000000000     ,  0.0000000000000000     )
 (  0.0000000000000000     ,  0.0000000000000000     )
 (  0.0000000000000000     ,  0.0000000000000000     )
 (  0.0000000000000000     ,  0.0000000000000000     )
 (  0.0000000000000000     ,  0.0000000000000000     )
 (  0.0000000000000000     ,  0.0000000000000000     )
 (  0.0000000000000000     ,  0.0000000000000000     )
 (  0.0000000000000000     ,  0.0000000000000000     )
 (  0.0000000000000000     ,  0.0000000000000000     )
 (  0.0000000000000000     ,  0.0000000000000000     )
 (  0.0000000000000000     ,  0.0000000000000000     )
 (  0.0000000000000000     ,  0.0000000000000000     )
 (  0.0000000000000000     ,  0.0000000000000000     )
 (  0.0000000000000000     ,  0.0000000000000000     )
 (  0.0000000000000000     ,  0.0000000000000000     )
 (  5.7319636929177402E-002, -1.5030399443537225E-005)
 ( 0.11961222183044296     , -5.2185062184218911E-005)
 (  5.7319573551335393E-002, -4.4897000161600002E-005)
 ( -3.0284533230388387E-003, -1.6500771928328341E-005)
 ( -3.0271714828110203E-003,  8.2046063381639899E-006)
 (  5.7321022899972242E-002,  1.8615012499462641E-010)
 ( -3.0271712357761520E-003, -8.2044939962059084E-006)
 ( -6.2771563746001346E-002, -2.3268828985527501E-012)
 (  5.7319573753244119E-002,  4.4897082866323694E-005)
 ( 0.11961222229448831     ,  5.2185343622101879E-005)
 (  5.7319637712439954E-002,  1.5030423500702965E-005)
 ( -3.0284528321807688E-003,  1.6500611930470367E-005)
 ( 0.11961629207372233     ,  2.6043755773262158E-005)
 ( 0.18749999916378599     ,  0.0000000000000000     )
 ( 0.11961629236842269     , -2.6043825823580920E-005)
 (  5.7322635419432610E-002, -1.4883962291247537E-010)
 (  0.0000000000000000     ,  0.0000000000000000     )
 (  0.0000000000000000     ,  0.0000000000000000     )
 (  0.0000000000000000     ,  0.0000000000000000     )
 (  0.0000000000000000     ,  0.0000000000000000     )
 (  0.0000000000000000     ,  0.0000000000000000     )
 (  0.0000000000000000     ,  0.0000000000000000     )
 (  0.0000000000000000     ,  0.0000000000000000     )
 (  0.0000000000000000     ,  0.0000000000000000     )
 (  0.0000000000000000     ,  0.0000000000000000     )
 (  0.0000000000000000     ,  0.0000000000000000     )
 (  0.0000000000000000     ,  0.0000000000000000     )
 (  0.0000000000000000     ,  0.0000000000000000     )
 (  0.0000000000000000     ,  0.0000000000000000     )
 (  0.0000000000000000     ,  0.0000000000000000     )
 (  0.0000000000000000     ,  0.0000000000000000     )
 (  0.0000000000000000     ,  0.0000000000000000     )
 ( -3.0284535335023755E-003, -1.6500815114952438E-005)
 (  5.7319637232146281E-002, -1.5030401586285161E-005)
 ( 0.11961222237724284     , -5.2185271860736149E-005)
 (  5.7319573581920240E-002, -4.4897207475322920E-005)
 ( -6.2771564272087729E-002,  1.1673611164727512E-011)
 ( -3.0271716624078529E-003,  8.2046715974677983E-006)
 (  5.7321022897058559E-002,  7.1477104448060464E-011)
 ( -3.0271715590223956E-003, -8.2044432885103450E-006)
 ( -3.0284532230454558E-003,  1.6500705023686449E-005)
 (  5.7319573665130220E-002,  4.4897174897436080E-005)
 ( 0.11961222254014213     ,  5.2185313345544501E-005)
 (  5.7319637619125272E-002,  1.5030465348525532E-005)
 (  5.7322635325801542E-002, -1.3728303630234411E-010)
 ( 0.11961629236842269     ,  2.6043825823580920E-005)
 ( 0.18750000002853540     ,  0.0000000000000000     )
 ( 0.11961629272630789     , -2.6044027231218602E-005)
 (  0.0000000000000000     ,  0.0000000000000000     )
 (  0.0000000000000000     ,  0.0000000000000000     )
 (  0.0000000000000000     ,  0.0000000000000000     )
 (  0.0000000000000000     ,  0.0000000000000000     )
 (  0.0000000000000000     ,  0.0000000000000000     )
 (  0.0000000000000000     ,  0.0000000000000000     )
 (  0.0000000000000000     ,  0.0000000000000000     )
 (  0.0000000000000000     ,  0.0000000000000000     )
 (  0.0000000000000000     ,  0.0000000000000000     )
 (  0.0000000000000000     ,  0.0000000000000000     )
 (  0.0000000000000000     ,  0.0000000000000000     )
 (  0.0000000000000000     ,  0.0000000000000000     )
 (  0.0000000000000000     ,  0.0000000000000000     )
 (  0.0000000000000000     ,  0.0000000000000000     )
 (  0.0000000000000000     ,  0.0000000000000000     )
 (  0.0000000000000000     ,  0.0000000000000000     )
 (  5.7319573815651247E-002, -4.4897194094689303E-005)
 ( -3.0284536220416603E-003, -1.6500740201058783E-005)
 (  5.7319637129187667E-002, -1.5030448415729329E-005)
 ( 0.11961222255728789     , -5.2185379605746945E-005)
 ( -3.0271715075660811E-003, -8.2047357015841090E-006)
 ( -6.2771564798408064E-002, -9.8323831286333323E-011)
 ( -3.0271721355338310E-003,  8.2044949122166348E-006)
 (  5.7321022842965558E-002, -7.1379048771458634E-011)
 (  5.7319637920813536E-002,  1.5030431997173948E-005)
 ( -3.0284534077828365E-003,  1.6500806485503777E-005)
 (  5.7319573630387942E-002,  4.4897188158126253E-005)
 ( 0.11961222287400143     ,  5.2185321254134171E-005)
 ( 0.11961629313048729     , -2.6043846162216908E-005)
 (  5.7322635419432610E-002,  1.4883962291247537E-010)
 ( 0.11961629272630789     ,  2.6044027231218602E-005)
 ( 0.18750000067285671     ,  0.0000000000000000     )
